0.0 1.0 0.5 2.0 0.5
0.20080321285140562 1.12690037047 0.757470809771 2.06283560207 0.132201547934
0.40160642570281124 1.30005767404 0.953335070534 2.05703678905 -0.177022748447
0.6024096385542169 1.50307230387 1.04973867537 1.99792675162 -0.394351249447
0.8032128514056225 1.71347337889 1.02477896791 1.90609124518 -0.501276584695
1.0040160642570282 1.90626166522 0.875413207364 1.80413298535 -0.49637006738
1.2048192771084338 2.05774184101 0.617454723898 1.7132374496 -0.394924944545
1.4056224899598393 2.14907345806 0.282733388965 1.65005845077 -0.226100305759
1.606425702811245 2.16899873825 -0.0860687925216 1.62439553557 -0.0280713572907
1.8072289156626506 2.11537098479 -0.442069105816 1.6379790817 0.158032494146
2.0080321285140563 1.99528363351 -0.741274525756 1.68451628684 0.294449715905
2.208835341365462 1.82382290629 -0.949044223549 1.75095143377 0.352420997255
2.4096385542168677 1.6216658539 -1.04497047357 1.81971885507 0.31630743174
2.610441767068273 1.41191945657 -1.02548483718 1.87161797576 0.185612468363
2.8112449799196786 1.21669271876 -0.90387564249 1.88886302602 -0.0253257799815
3.0120481927710845 1.05392609172 -0.707769729457 1.85784008542 -0.289875465479
3.21285140562249 0.93494122612 -0.474554861089 1.77116934144 -0.573417479356
3.4136546184738954 0.863061358543 -0.245461453981 1.6287771455 -0.838744625842
3.6144578313253013 0.833474342441 -0.059248579675 1.43784741065 -1.05169589407
3.8152610441767068 0.834324878208 0.0535547575097 1.21168784248 -1.18618024634
4.016064257028113 0.848833450243 0.0750007851344 0.967713082948 -1.22785001655
4.216867469879518 0.858093998938 0.00206011809055 0.724870869009 -1.17591658739
4.417670682730924 0.844111614137 -0.153353506438 0.500910866112 -1.04288384765
4.618473895582329 0.792615066045 -0.366606675951 0.309910589575 -0.852300359932
4.819277108433735 0.695228219549 -0.604418840656 0.160420583144 -0.634924732504
5.020080321285141 0.5506919448 -0.830121462354 0.0544883796586 -0.423923136591
5.220883534136546 0.36497817255 -1.00927935908 -0.0123173536718 -0.249848024294
5.421686746987952 0.150311832259 -1.11482004431 -0.0499174687692 -0.136157279368
5.622489959839357 -0.0767234395925 -1.1309151019 -0.0719435444919 -0.0959305090657
5.823293172690763 -0.297686447176 -1.05506837871 -0.0934595895083 -0.130238982585
6.024096385542169 -0.49499298622 -0.898145122514 -0.128542486322 -0.228369075421
6.224899598393574 -0.654432384986 -0.682398967827 -0.188087579474 -0.369809952539
6.42570281124498 -0.76711384618 -0.437849345377 -0.278163478965 -0.527656616626
6.626506024096385 -0.830567564291 -0.197597668146 -0.39914750553 -0.672878608638
6.827309236947791 -0.848859453562 0.00718245804519 -0.545749927818 -0.77878640887
7.028112449799197 -0.831731301313 0.151821472043 -0.707897782862 -0.825020330511
7.228915662650603 -0.79292316932 0.221623098911 -0.872321549577 -0.800476970734
7.429718875502008 -0.747953064137 0.213737379836 -1.02458680222 -0.704763437407
7.6305220883534135 -0.711702889744 0.137202424239 -1.15125306613 -0.54800283544
7.831325301204819 -0.696178354032 0.0112018182941 -1.24183234863 -0.349067367673
8.032128514056225 -0.708773449438 -0.138150071957 -1.29025946406 -0.132548174545
8.23293172690763 -0.751286178006 -0.281970152403 -1.29566655113 0.0750476063882
8.433734939759036 -0.819810818118 -0.393063268611 -1.26236584251 0.249279509147
8.634538152610443 -0.905497698437 -0.449997076902 -1.19906543004 0.371334620786
8.835341365461847 -0.996041577915 -0.440193802158 -1.11745703612 0.430644231911
9.036144578313253 -1.07765398168 -0.36160280743 -1.03040529211 0.426190894229
9.236947791164658 -1.13720894809 -0.222743065334 -0.950021411141 0.366347223492
9.437751004016064 -1.16423512311 -0.0411567111644 -0.885912723609 0.267313826174
9.63855421686747 -1.15245896769 0.159450320329 -0.843865322016 0.150429850511
9.839357429718875 -1.10068030216 0.352913626702 -0.825144017728 0.038792522653
10.040160642570282 -1.01286637104 0.514581995435 -0.826497206386 -0.0462874713896
10.240963855421686 -0.897472548105 0.624950748147 -0.840844609688 -0.0884570857861
10.441767068273093 -0.76611345562 0.672422882207 -0.858524196057 -0.0786546859899
10.642570281124499 -0.631801261197 0.654807682901 -0.868894973546 -0.0162792527162
10.843373493975903 -0.507027280788 0.579368272588 -0.862044223087 0.0909469505861
11.04417670682731 -0.401978979845 0.461452076165 -0.830338933155 0.228364571807
11.244979919678714 -0.323154998901 0.321951366708 -0.769592771313 0.376767479814
11.44578313253012 -0.272574139719 0.184006707702 -0.679683617355 0.515411194801
11.646586345381525 -0.247679543564 0.0694706600106 -0.564543916814 0.625169237238
11.847389558232932 -0.241931793948 -0.00433123018816 -0.43154270137 0.691359793473
12.048192771084338 -0.245981783305 -0.0270648788328 -0.290368642774 0.705827951843
12.248995983935743 -0.249230031134 0.00327023964869 -0.15159555835 0.66799198414
12.449799196787149 -0.241527315811 0.080290098074 -0.0251537193977 0.584726445705
12.650602409638553 -0.214756447583 0.190437332619 0.0810611022798 0.469132280631
12.85140562248996 -0.164061165032 0.315236182183 0.162236958643 0.338410497029
13.052208835341366 -0.0885471995438 0.434223343608 0.217206004923 0.211183400368
13.25301204819277 0.0086353701457 0.528095130637 0.248445746942 0.104681228988
13.453815261044177 0.120822463638 0.581591751086 0.261538377525 0.0322203671637
13.654618473895582 0.238883258802 0.585694365931 0.264184243256 0.00134203621605
13.855421686746988 0.352612206721 0.538823857991 0.264930989326 0.0128723302927
14.056224899598394 0.452247527415 0.446890102824 0.271817237516 0.0610177724125
14.257028112449799 0.529884719854 0.322216814333 0.291137123071 0.134452349721
14.457831325301205 0.580576141091 0.181535258358 0.326507754899 0.218204300629
14.65863453815261 0.602961172721 0.0433744425928 0.378370571726 0.296036338747
14.859437751004016 0.59934501496 -0.0747443574919 0.443989867119 0.35294843834
15.060240963855422 0.575230460206 -0.158880977215 0.517934106691 0.377422689377
15.261044176706827 0.538388985152 -0.200639195924 0.592953574888 0.363081338414
15.461847389558233 0.497623099512 -0.19824267307 0.661111750407 0.309526208654
15.662650602409638 0.4614143407 -0.156586812047 0.71499327673 0.222255614326
15.863453815261044 0.436662943366 -0.0862895554423 0.748804925169 0.111698614344
16.06425702811245 0.427706165371 -0.00191005435146 0.759206561035 -0.00846538098157
16.265060240963855 0.435753312095 0.0803698523311 0.745755977174 -0.123426038828
16.46586345381526 0.458810786028 0.145241550051 0.710910907845 -0.219473274458
16.666666666666668 0.492094013538 0.180561525452 0.659600443473 -0.286000794645
16.867469879518072 0.528850190661 0.179101323994 0.598442182383 -0.316988268148
17.068273092369477 0.561456357593 0.139508361792 0.534732365553 -0.311754690846
17.269076305220885 0.58261981543 0.0663559885599 0.475366679307 -0.274890903592
17.46987951807229 0.586497531545 -0.0306986897911 0.425855239475 -0.21540496518
17.670682730923694 0.569568623628 -0.138497493056 0.389576403249 -0.145231084976
17.8714859437751 0.531135549532 -0.242446063682 0.36737430173 -0.0773438061178
18.072289156626507 0.473389048675 -0.328736579747 0.357550240981 -0.0237724220485
18.27309236947791 0.401039541573 -0.386390840009 0.356237304502 0.00618412704169
18.473895582329316 0.320581533881 -0.408822869985 0.358091309609 0.00728021187463
18.674698795180724 0.239312582211 -0.394698399736 0.357184015645 -0.021002537814
18.87550200803213 0.164259832969 -0.347984322682 0.347959189142 -0.0745111212664
19.076305220883533 0.101177931769 -0.277202826942 0.326105480928 -0.145178437624
19.27710843373494 0.0537661325404 -0.194024871899 0.289217286251 -0.222348143424
19.477911646586346 0.0232155568327 -0.111432855303 0.237150065917 -0.294452013467
19.67871485943775 0.00814484259348 -0.0417407392675 0.172025164698 -0.35077764694
19.879518072289155 0.004922352035 0.00522770411685 0.0978931698468 -0.383058966911
20.080321285140563 0.00831520617994 0.023533407078 0.0201158424398 -0.386655485856
20.281124497991968 0.0123583891225 0.0118929239556 -0.0554330933035 -0.361155522449
20.481927710843372 0.0113068383749 -0.0262726092797 -0.123223313229 -0.310328666988
20.68273092369478 0.000525095827017 -0.0834968079462 -0.178849715294 -0.241453336598
20.883534136546185 -0.0228173706246 -0.149516370118 -0.219625704696 -0.164138051611
21.08433734939759 -0.0593441093162 -0.212904112924 -0.244904499921 -0.0888276616172
21.285140562248998 -0.107414956895 -0.262830650316 -0.256088194143 -0.0252274486015
21.485943775100402 -0.163413436693 -0.290686532532 -0.256332231923 0.0191161788205
21.686746987951807 -0.22232535983 -0.291325390274 -0.24999849853 0.0398701212868
21.88755020080321 -0.278513655114 -0.263751896247 -0.241946262738 0.0364561669585
22.08835341365462 -0.326567520693 -0.211167805908 -0.236772099928 0.0120139089215
22.289156626506024 -0.362096277663 -0.140386233017 -0.238114439914 -0.0271937929939
22.48995983935743 -0.382350570332 -0.0607214609264 -0.248125036895 -0.0728262435999
22.690763052208837 -0.386582523436 0.0174655181412 -0.267181973325 -0.115792484633
22.89156626506024 -0.376098182069 0.0843371779223 -0.293880329136 -0.147653102546
23.092369477911646 -0.354003151023 0.132026427586 -0.325293846285 -0.161883607959
23.29317269076305 -0.324688247805 0.155747291925 -0.357460520133 -0.154814038717
23.49397590361446 -0.293139673287 0.154411979911 -0.38601272361 -0.126112632626
23.694779116465863 -0.264182106004 0.130676089826 -0.406853043371 -0.0787540717756
23.895582329317268 -0.241770042511 0.0904214577899 -0.416772979343 -0.0184915977526
24.096385542168676 -0.228432340373 0.0417709943619 -0.413923012054 0.0470731291295
24.29718875502008 -0.224948344073 -0.00620458299157 -0.398067909133 0.109672667368
24.497991967871485 -0.230297987775 -0.044883821185 -0.370594411718 0.161623016896
24.698795180722893 -0.241884873923 -0.0673833776156 -0.334277424596 0.19695071024
24.899598393574298 -0.255991102341 -0.06954846244 -0.292846260518 0.212232291266
25.100401606425702 -0.268388782497 -0.0505042829529 -0.250421528291 0.207028034492
25.301204819277107 -0.275011579383 -0.0126986554414 -0.210910811517 0.18385679692
25.502008032128515 -0.272583849678 0.0385561606549 -0.177454551513 0.147728799518
25.70281124497992 -0.259113656434 0.0959594698306 -0.152003902351 0.105318998091
25.903614457831324 -0.234179950078 0.15137215241 -0.135089372864 0.0639156817603
26.104417670682732 -0.198975847273 0.197060976373 -0.125809898154 0.0303079064329
26.305220883534137 -0.156108815897 0.22684756667 -0.122036980264 0.00978057016156
26.50602409638554 -0.109193810674 0.236991526919 -0.120797504187 0.00536558636423
26.70682730923695 -0.0623071650364 0.226683857707 -0.118771583149 0.0174530880794
26.907630522088354 -0.0193861127989 0.19808731455 -0.112828012456 0.0438111191979
27.10843373493976 0.01633422368 0.155930357426 -0.100515403316 0.0799992725124
27.309236947791163 0.0427632083162 0.10672859024 -0.0804364657044 0.120102665668
27.51004016064257 0.0592135248195 0.0577608877523 -0.052452335754 0.157667086523
27.710843373493976 0.0664432063649 0.0159610104495 -0.0176911674298 0.186688999997
27.91164658634538 0.0664806803395 -0.0131067551141 0.0216350266959 0.20251032525
28.11244979919679 0.062265538048 -0.0260366307691 0.0625723200065 0.202486331138
28.313253012048193 0.0571642663608 -0.0220235678638 0.101869898747 0.186332941154
28.514056224899598 0.0544371982755 -0.00290213432398 0.136458603089 0.156110285531
28.714859437751002 0.0567381624801 0.0272120531827 0.163890278342 0.115855395583
28.91566265060241 0.0657211674315 0.0626134297059 0.182673070973 0.0709288418491
29.116465863453815 0.0818098747019 0.0969161164877 0.192455623287 0.0271820747467
29.31726907630522 0.104160021911 0.124040175342 0.194036689226 -0.00992531882772
29.518072289156628 0.130814887329 0.139123685229 0.189203796272 -0.0361241428309
29.718875502008032 0.159024927959 0.139225906457 0.180430076691 -0.048932627542
29.919678714859437 0.185678958782 0.123722050971 0.170478773149 -0.0479683223493
30.120481927710845 0.207778889592 0.0943391358614 0.161977447354 -0.0349362347552
30.32128514056225 0.222885676956 0.054837698734 0.15702646038 -0.0133042603149
30.522088353413654 0.229470115811 0.0103973908399 0.156899652635 0.012276204174
30.72289156626506 0.227118801926 -0.0331935468554 0.161879183543 0.0367107481519
30.923694779116467 0.216568054029 -0.0704168112887 0.171245725367 0.0552468989711
31.12449799196787 0.199565896698 -0.0968376326199 0.183420667373 0.064185169547
31.325301204819276 0.178587446096 -0.109732852024 0.196234725093 0.061411203043
31.526104417670684 0.15645058497 -0.10844489542 0.207278873558 0.0466745326288
31.72690763052209 0.13589226759 -0.0944158225618 0.214282545029 0.0215788205639
31.927710843373493 0.119170071144 -0.0709062907346 0.215461453454 -0.0107060459218
32.1285140562249 0.107748244419 -0.0424494475856 0.20978331398 -0.0459598999592
32.329317269076306 0.102112307638 -0.0141312006738 0.197114330479 -0.079570711897
32.53012048192771 0.101736558396 0.00919199016318 0.178227419583 -0.107234216067
32.730923694779115 0.105204932396 0.0236184247808 0.154674711922 -0.125588406139
32.93172690763052 0.110462412016 0.0267608385728 0.128547407971 -0.132688209967
33.13253012048193 0.115155493726 0.0180630412542 0.102161990241 -0.12825531751
33.333333333333336 0.117007931519 -0.00116806795611 0.0777219113365 -0.113671182978
33.53413654618474 0.114174297925 -0.0280114985899 0.0570060500436 -0.0917218154025
33.734939759036145 0.105518812867 -0.0584167732931 0.0411298129347 -0.0661397314935
33.93574297188755 0.0907796315299 -0.0878447062371 0.0304125317481 -0.0410175473004
34.136546184738954 0.0705970918828 -0.111963689056 0.0243679151875 -0.0201848752209
34.33734939759036 0.046405518139 -0.127295433145 0.0218153203474 -0.00664300697048
34.53815261044177 0.0202085575604 -0.131714672244 0.0210916457481 -0.00214054995728
34.738955823293175 -0.00572496561391 -0.124731920748 0.0203290465309 -0.0069496888052
34.93975903614458 -0.0291968153296 -0.107523074787 0.0177547961373 -0.0198708293224
35.140562248995984 -0.0483955524339 -0.0827087930945 0.0119676183967 -0.0384582081965
35.34136546184739 -0.0621463956207 -0.0539235592032 0.00214964053149 -0.0594265465925
35.54216867469879 -0.0700591602688 -0.025245251837 -0.0118160955951 -0.0791723402609
35.7429718875502 -0.072555030745 -0.000574714985684 -0.0293375694888 -0.0943282914328
35.94377510040161 -0.0707716659866 0.0169401101968 -0.0492132890143 -0.102266632559
36.144578313253014 -0.0663644774232 0.0253504347526 -0.0698213302954 -0.101477278466
36.34538152610442 -0.0612367170757 0.0241602125888 -0.0893671831486 -0.091767739123
36.54618473895582 -0.0572411274439 0.014354202909 -0.106151374153 -0.0742595417213
36.74698795180723 -0.0558986549937 -0.00179670239557 -0.118816257392 -0.0511879261993
36.94779116465863 -0.0581757814886 -0.0211179472782 -0.126535681975 -0.0255398330041
37.14859437751004 -0.0643525739673 -0.0400382996682 -0.129120393947 -0.000589549031415
37.34939759036145 -0.073998420757 -0.0551417327045 -0.127025962379 0.0205954849277
37.55020080321285 -0.0860560048309 -0.0636801551991 -0.121264805073 0.0356038098744
37.75100401606426 -0.0990178199964 -0.0639712104609 -0.11323821145 0.0430180161598
37.95180722891566 -0.111166109887 -0.0556246668215 -0.104515789724 0.0425941831339
38.15261044176707 -0.120838348717 -0.039568175512 -0.0965969293564 0.0352602223426
38.35341365461847 -0.126677745059 -0.0178743186064 -0.0906904636174 0.0229386401618
38.55421686746988 -0.127831252916 0.00657936882116 -0.0875453018165 0.00822545655305
38.75502008032129 -0.124067299296 0.0305616236077 -0.0873555146797 -0.00602244016665
38.95582329317269 -0.115797463186 0.0509792634608 -0.0897522396977 -0.0171270972724
39.1566265060241 -0.10400165899 0.0653344390246 -0.0938809683149 -0.0229895056407
39.3574297188755 -0.0900707329761 0.0720798191246 -0.0985501298272 -0.0223910004464
39.558232931726906 -0.075592383462 0.0708212873613 -0.102426576026 -0.0151535869326
39.75903614457831 -0.0621141166364 0.062342111953 -0.104247194766 -0.00213916964812
39.95983935742972 -0.0509193572125 0.0484500870046 -0.103014404468 0.0149075896372
40.16064257028113 -0.0428499145192 0.0316756763645 -0.0981465423169 0.0336447068992
40.36144578313253 -0.0381999854221 0.0148706513955 -0.0895618552083 0.0515001683473
40.562248995983936 -0.0366955409934 0.000770274359876 -0.0776852687637 0.0660636342456
40.76305220883534 -0.0375596837842 -0.00841417361707 -0.0633790565495 0.0754430164059
40.963855421686745 -0.0396516332195 -0.0113122884542 -0.0478099294266 0.0785334543542
41.16465863453815 -0.0416563111522 -0.00757590052683 -0.0322742429493 0.075160815991
41.36546184738956 -0.0422946364389 0.00209838583686 -0.0180086238635 0.0660818018607
41.566265060240966 -0.040522181065 0.016104458487 -0.00601491596126 0.0528445946482
41.76706827309237 -0.0356868333051 0.0321947004125 0.00307492156093 0.0375351368348
41.967871485943775 -0.0276228118467 0.0478369139282 0.00907477949159 0.0224501844354
42.16867469879518 -0.0166687367314 0.0606039559173 0.0122516129186 0.00974834903711
42.369477911646584 -0.00360916564884 0.0685366933601 0.0132648309297 0.00113207368613
42.570281124497996 0.0104494831141 0.0704265449674 0.0130489426868 -0.0023926301794
42.7710843373494 0.0242481707948 0.0659775059334 0.0126587259674 -0.000644891001732
42.971887550200805 0.0365629799838 0.0558267511667 0.0131012663312 0.00572998375663
43.17269076305221 0.04638269084 0.0414247549462 0.0151804726332 0.0153836127275
43.373493975903614 0.0530498541649 0.0247969236156 0.0193770750531 0.0264897311475
43.57429718875502 0.0563452857351 0.00822583881451 0.0257810939498 0.0370347675835
43.77510040160642 0.0565048880491 -0.00609596230832 0.0340854722906 0.0451283079227
43.975903614457835 0.0541682340994 -0.016389702338 0.0436400773153 0.0492862282009
44.17670682730924 0.0502686119794 -0.0215427020374 0.0535562260015 0.0486447789931
44.377510040160644 0.0458826934065 -0.0212536513157 0.0628446210241 0.0430755465167
44.57831325301205 0.0420634989374 -0.0160518948328 0.0705650701386 0.0331866690294
44.77911646586345 0.0396822000699 -0.00719171319331 0.0759651815686 0.0202135821534
44.97991967871486 0.0393023546179 0.00355941878631 0.0785874077971 0.00581841359212
45.18072289156626 0.0411043071258 0.0142029930888 0.0783294624696 -0.00816860140309
45.381526104417674 0.0448697811282 0.0228184421945 0.0754502197474 -0.0200259093808
45.58232931726908 0.0500272000972 0.0278514007883 0.0705217868792 -0.0283932609267
45.78313253012048 0.0557491749708 0.0283386571654 0.0643364546253 -0.0324630353908
45.98393574297189 0.0610860169651 0.0240378326807 0.0577837453137 -0.0320833215908
46.18473895582329 0.0651141766118 0.015445046971 0.0517168371759 -0.0277598265785
46.3855421686747 0.0670768891573 0.0037011220579 0.0468286680811 -0.0205592384479
46.5863453815261 0.0664960962673 -0.00959645494644 0.0435560124163 -0.0119313428316
46.78714859437751 0.0632396971365 -0.0226448565763 0.0420250325038 -0.00347895526745
46.98795180722892 0.0575351678267 -0.0337111331303 0.0420453530879 0.00328840843369
47.18875502008032 0.0499290693661 -0.0413891504166 0.0431520562216 0.00717952267569
47.389558232931726 0.0412000743269 -0.044800377082 0.0446878493868 0.00749209614418
47.59036144578313 0.0322397621343 -0.0437099792037 0.0459119696682 0.00410499014048
47.791164658634536 0.0239200183264 -0.0385431072286 0.046118617315 -0.00251968063549
47.99196787148595 0.0169672827498 -0.030301979834 0.0447468374189 -0.0114221262363
48.19277108433735 0.0118622094077 -0.0203989424373 0.0414656299856 -0.0213028806053
48.393574297188756 0.00877905724567 -0.010432630766 0.0362221555939 -0.0307277184324
48.59437751004016 0.00757290664049 -0.00194319873142 0.0292466870822 -0.0383467094301
48.795180722891565 0.00781492341007 0.00381685805988 0.0210150073053 -0.0430948591071
48.99598393574297 0.00886921672149 0.00606186727031 0.0121748716796 -0.0443442963798
49.196787148594375 0.00999841295395 0.00457687050764 0.00344867140542 -0.0419867223386
49.397590361445786 0.0104813127758 -0.000267209114448 -0.00447249973828 -0.036435707469
49.59839357429719 0.00972456049471 -0.00758699501172 -0.0110272199769 -0.0285506494226
49.799196787148595 0.00735175483905 -0.0161347863969 -0.0158600800978 -0.0194963219468
50.0 0.00325724431699 -0.0244973680279 -0.01886517317 -0.0105606048825
