0.0 0.7 0.0 0.1 0.0
0.20026702269692923 0.691015746466 -0.0889293338706 0.115325896007 0.151267562908
0.40053404539385845 0.664893341627 -0.170179683161 0.159584403802 0.287528658764
0.6008010680907877 0.62375594942 -0.237908761856 0.228949673289 0.400739046416
0.8010680907877169 0.570881153994 -0.286523113418 0.318091496841 0.484012419059
1.0013351134846462 0.510573968167 -0.31154230292 0.420472350151 0.53230907797
1.2016021361815754 0.447826802094 -0.310770221169 0.528794931259 0.543193365072
1.4018691588785046 0.387766728424 -0.285137926605 0.635576927795 0.517284106349
1.6021361815754338 0.335012854542 -0.238707877776 0.733759984155 0.458121661579
1.8024032042723632 0.293124873775 -0.177794928662 0.817232094862 0.371463852233
2.0026702269692924 0.264283152419 -0.109630973491 0.88117426466 0.264297971856
2.202937249666222 0.249231949707 -0.0411621941441 0.922212352414 0.143938409088
2.403204272363151 0.247415216739 0.0216362667336 0.938418174995 0.0174447442342
2.6034712950600802 0.257192629436 0.073899169778 0.929229145295 -0.108624218467
2.803738317757009 0.276047542735 0.111704167595 0.895340712089 -0.228268106694
3.0040053404539386 0.300757542317 0.131913678304 0.838589941993 -0.33610482782
3.2042723631508676 0.327553662238 0.132241328064 0.761815381694 -0.427559674322
3.404539385847797 0.352319406516 0.111570948827 0.668664317411 -0.499192397599
3.6048064085447264 0.37086738172 0.070377684134 0.563328789303 -0.549058127126
3.8050734312416554 0.379291021621 0.0110161108216 0.450219021346 -0.576943962516
4.005340453938585 0.374344273242 -0.0623081142775 0.333613000689 -0.584357346678
4.205607476635514 0.353779267926 -0.14392118394 0.217336389274 -0.574240787314
4.405874499332444 0.316580000474 -0.227311444001 0.10452102999 -0.550490951325
4.606141522029373 0.263059122105 -0.30583820914 -0.00253139332489 -0.517411682974
4.806408544726302 0.194816817965 -0.373383472221 -0.102379431857 -0.479214977378
5.006675567423231 0.114580473323 -0.424887102377 -0.194382253945 -0.439628829872
5.2069425901201605 0.0259495028271 -0.456759014855 -0.278573141185 -0.401620291583
5.4072096128170895 -0.0669299605264 -0.467167405091 -0.355488009251 -0.367219706569
5.607476635514018 -0.159734220928 -0.456177750684 -0.425967765727 -0.337437364568
5.807743658210948 -0.248340583755 -0.4257084564 -0.490953532654 -0.312273124041
6.008010680907877 -0.329177213663 -0.379285470136 -0.551293456547 -0.290824792996
6.208277703604806 -0.399505584226 -0.321624125003 -0.607580802133 -0.271489495023
6.408544726301735 -0.457607372852 -0.258106114941 -0.660040007765 -0.252236357969
6.608811748998665 -0.502862812618 -0.194233304148 -0.708471843679 -0.230917066891
6.809078771695594 -0.535723971208 -0.135126515075 -0.752260923036 -0.205576395589
7.009345794392523 -0.55759477454 -0.085112241405 -0.79044313333 -0.174727331275
7.209612817089453 -0.570639308633 -0.0474142021556 -0.821821805058 -0.137562338105
7.409879839786382 -0.577539319758 -0.0239540021185 -0.84511806694 -0.0940820350899
7.610146862483311 -0.58122243368 -0.0152585883278 -0.859138024706 -0.0451333549284
7.810413885180241 -0.584582082797 -0.0204688628511 -0.862938678049 0.00763981873147
8.01068090787717 -0.590208488241 -0.0374396628553 -0.855976264393 0.0619204044922
8.210947930574099 -0.600148163538 -0.0629240162604 -0.838223570901 0.114902022631
8.411214953271028 -0.615708547051 -0.0928384886763 -0.810245345114 0.163521118699
8.611481975967957 -0.637323685801 -0.122608590407 -0.773223228654 0.204729117277
8.811748998664887 -0.664496591792 -0.147584617169 -0.728922873468 0.235793942664
9.012016021361816 -0.695829178546 -0.163492286414 -0.67959964307 0.254606696105
9.212283044058745 -0.729140630159 -0.166851833944 -0.62784571643 0.259951872592
9.412550066755674 -0.761659707518 -0.155284304821 -0.576390994174 0.251690222927
9.612817089452603 -0.790261654259 -0.127644544136 -0.527879683031 0.230814328841
9.813084112149532 -0.811713406664 -0.08397653541 -0.484649548366 0.199368680909
10.013351134846461 -0.822896785991 -0.0253522104734 -0.448538455998 0.160264360788
10.213618157543392 -0.820996039821 0.0463065634961 -0.420733997019 0.117042839217
10.413885180240321 -0.803655622015 0.128334166411 -0.401671288994 0.0736409041933
10.61415220293725 -0.769127033061 0.217328568643 -0.390975235507 0.0341801229438
10.814419225634179 -0.716420177078 0.309112891505 -0.387443365322 0.00276619097382
11.014686248331108 -0.645457685479 0.398768107595 -0.389071396811 -0.0167424510462
11.214953271028037 -0.557204432899 0.480864556633 -0.393131475517 -0.0210342360145
11.415220293724966 -0.453724739967 0.549955231436 -0.396317564419 -0.00771124223084
11.615487316421897 -0.338118294396 0.601271907394 -0.394966593362 0.0243362950421
11.815754339118826 -0.214311084586 0.631438087713 -0.385346700434 0.0746539942786
12.016021361815755 -0.0867218156223 0.638962183872 -0.363981848786 0.141150115554
12.216288384512684 0.0401333066609 0.624347231633 -0.327966342066 0.220267154458
12.416555407209612 0.162018293401 0.589816426364 -0.275224203527 0.307349095459
12.616822429906541 0.275273375105 0.538808757984 -0.204684645451 0.397087828266
12.81708945260347 0.377004724931 0.475454375421 -0.116370507149 0.483930381984
13.017356475300401 0.465179983143 0.404174540751 -0.0114145294717 0.562387486557
13.21762349799733 0.538659279604 0.329427138613 0.107976908397 0.627260888345
13.41789052069426 0.597183454951 0.255516631228 0.238602995031 0.673856590187
13.618157543391188 0.641321498857 0.186363323005 0.376394693076 0.698247285513
13.818424566088117 0.672362941579 0.125183177275 0.516599960991 0.697596329422
14.018691588785046 0.692140566203 0.0741283796872 0.654035729608 0.670485661472
14.218958611481977 0.702787536399 0.0340164111735 0.783397405286 0.61714362768
14.419225634178906 0.70646048624 0.00427832987824 0.899595593424 0.539476943588
14.619492656875835 0.705079439516 -0.01682225766 0.998076159524 0.440873698671
14.819759679572764 0.700134299409 -0.0317637801722 1.07508141172 0.325827661859
15.020026702269693 0.692585458299 -0.0432770062211 1.12782678085 0.199487907465
15.220293724966622 0.682856419441 -0.0539372446903 1.15458893658 0.0672406925412
15.42056074766355 0.670892379852 -0.0659195513256 1.15471918495 -0.0656129117935
15.620827770360481 0.65625130773 -0.0809126946701 1.12860281559 -0.194076675074
15.82109479305741 0.638201416717 -0.100125113615 1.07758228919 -0.313610449813
16.02136181575434 0.615815269788 -0.124302719337 1.00385303168 -0.420257040106
16.22162883845127 0.588064079977 -0.15370255783 0.910333681663 -0.510773960322
16.421895861148197 0.553922728094 -0.188015389903 0.800509214542 -0.582769766394
16.622162883845128 0.512492460793 -0.226275397488 0.678248404086 -0.634818361215
16.822429906542055 0.463137894818 -0.266817893451 0.547603751062 -0.666513823897
17.022696929238986 0.405622930498 -0.307340744554 0.412609019821 -0.678434813851
17.222963951935913 0.340222069759 -0.345089121116 0.277093535515 -0.672014288946
17.423230974632844 0.267783262244 -0.377146086411 0.144530864289 -0.649333095602
17.623497997329775 0.189725982476 -0.400776496747 0.0179334352525 -0.612876127324
17.823765020026702 0.107971280741 -0.413758946934 -0.100204299362 -0.565292800947
18.024032042723633 0.0248107288234 -0.414651528233 -0.20791745232 -0.509191432535
18.22429906542056 -0.0572679048518 -0.402952302284 -0.303746002016 -0.446985568405
18.42456608811749 -0.135774577583 -0.379137523823 -0.386685349431 -0.380798079607
18.624833110814418 -0.208406999914 -0.344584772736 -0.456122988601 -0.312418755925
18.82510013351135 -0.27321531603 -0.301402916465 -0.511771509257 -0.243307910709
19.02536715620828 -0.328726553256 -0.252200952539 -0.553605946799 -0.174636035453
19.225634178905207 -0.374018821785 -0.19983139621 -0.581812006271 -0.107348869989
19.425901201602137 -0.408744726588 -0.147139110124 -0.596748765294 -0.0422451680596
19.626168224299064 -0.433106854089 -0.0967377263272 -0.598927214235 0.0199439495275
19.826435246995995 -0.447792480714 -0.0508274315684 -0.589003922534 0.0784855042161
20.026702269692922 -0.45387645238 -0.0110601128682 -0.567786851713 0.132594088118
20.226969292389853 -0.452701981997 0.0215459795087 -0.536248823046 0.181406994197
20.427236315086784 -0.445749397116 0.0466415542943 -0.495543044078 0.223988674834
20.62750333778371 -0.434502839878 0.0645313949376 -0.447014747425 0.259365012718
20.827770360480642 -0.420324819112 0.0761099920125 -0.392203230466 0.286584727602
21.02803738317757 -0.404348559757 0.0827515386953 -0.332829224357 0.304801674049
21.2283044058745 -0.387396016596 0.0861633118598 -0.270764629467 0.313368495972
21.428571428571427 -0.369927982648 0.0882152296611 -0.207983206359 0.311930294483
21.628838451268358 -0.352029304878 0.0907628924141 -0.146493558996 0.300505768928
21.82910547396529 -0.333428703554 0.0954810985689 -0.0882580891554 0.279544810903
22.029372496662216 -0.31354974567 0.103721317673 -0.0351034161059 0.24995510019
22.229639519359147 -0.291587293011 0.116400069511 0.011371160898 0.213095423385
22.429906542056074 -0.266603143461 0.133918903142 0.0498807342458 0.170738092095
22.630173564753004 -0.237634704618 0.156113813477 0.0795316275982 0.12500536687
22.83044058744993 -0.203810875652 0.18223407124 0.0998832676193 0.0782842104677
23.030707610146862 -0.164468776799 0.210957044888 0.110990958847 0.0331203504288
23.230974632843793 -0.119262842446 0.240452458034 0.113425190835 -0.00791072667407
23.43124165554072 -0.0682547568124 0.268510928669 0.108262520025 -0.0423586510924
23.63150867823765 -0.0119706196932 0.292741946887 0.0970429654662 -0.0680762709519
23.83177570093458 0.0485873482007 0.310826306293 0.0816904788117 -0.0834074483319
24.03204272363151 0.111982074037 0.320782863805 0.0643968991686 -0.0873582660201
24.232309746328436 0.176433063272 0.321193737964 0.047476026908 -0.0797188583279
24.432576769025367 0.239944083271 0.31133583009 0.0332008838506 -0.0611076930823
24.632843791722298 0.300445604887 0.291191410804 0.0236407048278 -0.0329257483318
24.833110814419225 0.355927803396 0.261350239759 0.0205156061584 0.00276835993834
25.033377837116156 0.404546612362 0.222850585786 0.0250819488376 0.0434317264727
25.233644859813083 0.444697160246 0.177018379665 0.0380538608493 0.0862229123422
25.433911882510014 0.475058776126 0.125352216117 0.0595608865794 0.12817101338
25.63417890520694 0.494623425891 0.0694722067265 0.0891365900564 0.166316183315
25.83444592790387 0.502719302041 0.0111180221718 0.125732860621 0.197827620465
26.034712950600802 0.499035950532 -0.0478408667818 0.16775682998 0.220115990484
26.23497997329773 0.483649049904 -0.105425616986 0.213131585219 0.230957892513
26.43524699599466 0.457035504152 -0.15962664907 0.259383284746 0.228638637625
26.635514018691588 0.420066512171 -0.208543239553 0.303758406873 0.212103933735
26.83578104138852 0.373968680358 -0.250555307829 0.343369831416 0.181093154771
27.03604806408545 0.320251541761 -0.284480526086 0.375365126639 0.136221385637
27.236315086782376 0.260608964937 -0.309668885635 0.39710365922 0.078981350658
27.436582109479307 0.196810375112 -0.326008537471 0.406325140647 0.011656451452
27.636849132176234 0.130599629695 -0.333848640162 0.401292620047 -0.0628413926006
27.837116154873165 0.0636148282174 -0.33387347723 0.380898315616 -0.141176816593
28.037383177570092 -0.00266533814565 -0.326970189127 0.344726961301 -0.219803763148
28.237650200267023 -0.0669511027646 -0.314124516027 0.29307820958 -0.295157800307
28.437917222963954 -0.128154304971 -0.296356437011 0.226953745605 -0.363816335386
28.63818424566088 -0.185391463496 -0.274685605015 0.148015333477 -0.422630332219
28.83845126835781 -0.237981077053 -0.250104575728 0.0585184065165 -0.468838992798
29.03871829105474 -0.285434616923 -0.223539027959 -0.0387767766561 -0.50017890615
29.23898531375167 -0.327437293897 -0.195787202366 -0.140715263404 -0.5149886194
29.439252336448597 -0.363815436351 -0.167448356109 -0.243877578777 -0.512301814143
29.639519359145527 -0.394490235167 -0.138862986992 -0.34472604106 -0.491911604394
29.83978638184246 -0.419422898305 -0.110090716199 -0.439759524795 -0.454388425065
30.040053404539385 -0.438560638719 -0.0809427691601 -0.525666210497 -0.401040496667
30.240320427236316 -0.451794853691 -0.0510684518331 -0.599462576779 -0.333818533185
30.440587449933243 -0.458940589782 -0.020078155592 -0.658608864728 -0.255178019976
30.640854472630174 -0.459742072414 0.0123246480781 -0.701094380499 -0.167919986581
30.8411214953271 -0.453903149289 0.0462306593942 -0.72549064043 -0.0750323122662
31.041388518024032 -0.441136678646 0.0814507887768 -0.730974214432 0.0204519815672
31.241655540720963 -0.421224045329 0.117489055281 -0.717323708386 0.115570650931
31.44192256341789 -0.3940755939 0.153559883028 -0.684896243565 0.207521104549
31.64218958611482 -0.359783772692 0.188641010853 -0.634588602676 0.293725809056
31.842456608811748 -0.318663109999 0.221551304001 -0.567787148378 0.3718797001
32.04272363150868 -0.271273028465 0.251043291998 -0.486309640538 0.439984821272
32.242990654205606 -0.218421139708 0.275902113153 -0.39234100588 0.496375711649
32.44325767690254 -0.161146861047 0.295043086717 -0.288364812823 0.539737919105
32.64352469959947 -0.100686306899 0.307600902409 -0.177091639862 0.569120524397
32.843791722296395 -0.0384205782224 0.313002977364 -0.0613854846213 0.583942907928
33.04405874499332 0.0241883218979 0.311020419537 0.0558106066112 0.583996028001
33.244325767690256 0.0856691580718 0.301791361159 0.171548628065 0.569438213214
33.44459279038718 0.144614850469 0.285814343022 0.282948321397 0.540785528401
33.64485981308411 0.199751543309 0.263913126119 0.387267448074 0.498896844164
33.845126835781045 0.249998087452 0.237178238323 0.481968338577 0.44495377075
34.04539385847797 0.294512179635 0.206890145135 0.56478025323 0.380435597482
34.2456608811749 0.332719670556 0.174431800077 0.633755990982 0.307090031742
34.44592790387183 0.364326122255 0.141195186185 0.687322800386 0.226899935107
34.64619492656876 0.389308779643 0.108488341849 0.724325453514 0.142047251317
34.84646194926569 0.407890933768 0.0774454704981 0.744062280574 0.0548730133236
35.046728971962615 0.420498705204 0.048945399593 0.74631267419 -0.0321679566555
35.24699599465955 0.427702995672 0.0235460517926 0.731354676188 -0.116560719948
35.44726301735648 0.43015065587 0.0014442750935 0.699970553803 -0.195796677671
35.647530040053404 0.42849104131 -0.0175293435482 0.653437609009 -0.267456296054
35.84779706275033 0.423305708666 -0.0338726315309 0.593500490975 -0.329309698593
36.048064085447265 0.415050047089 -0.0483308411168 0.522321962219 -0.37943130901
36.24833110814419 0.404014845217 -0.0617813392554 0.44240996258 -0.416318880696
36.44859813084112 0.390312823859 -0.0751035495186 0.356521688608 -0.439001210459
36.648865153538054 0.373890602516 -0.0890592634909 0.26754878342 -0.447116532748
36.84913217623498 0.354561571972 -0.104206335632 0.178391082287 -0.440946485033
37.04939919893191 0.33205154857 -0.120858779448 0.0918286621269 -0.421398403726
37.249666221628836 0.30604773758 -0.139091184522 0.010402492103 -0.389939760616
37.44993324432577 0.276243805583 -0.158772015853 -0.0636883998851 -0.348497578132
37.6502002670227 0.242377072785 -0.179603069753 -0.128667259321 -0.299341711539
37.850467289719624 0.204258896026 -0.201145307748 -0.183236400932 -0.244968963156
38.05073431241656 0.161802152243 -0.222822993261 -0.226612042931 -0.187997116968
38.251001335113486 0.115049653953 -0.243911729137 -0.258538763349 -0.131070577593
38.45126835781041 0.0642051227043 -0.263528395237 -0.279285852451 -0.0767703543444
38.65153538050734 0.00966417155359 -0.280645241209 -0.289625372893 -0.0275185960273
38.851802403204275 -0.0479615051653 -0.294146422917 -0.290789655456 0.0145296820666
39.0520694259012 -0.107836241654 -0.302930002543 -0.284405742915 0.0476068576879
39.25233644859813 -0.168915871708 -0.306039135442 -0.272405807052 0.070453134594
39.45260347129506 -0.229990280067 -0.30279261574 -0.256914690065 0.082417557504
39.65287049399199 -0.289748691372 -0.29287720431 -0.240121340913 0.0835167147085
39.85313751668892 -0.346857233458 -0.276374442048 -0.224144091159 0.0744348278796
40.053404539385845 -0.400034633751 -0.253714371121 -0.210902060723 0.056461193236
40.25367156208278 -0.448112366113 -0.22557304007 -0.202004843666 0.031376375919
40.453938584779706 -0.490071513063 -0.19274634405 -0.198667919751 0.00130781690992
40.654205607476634 -0.52505493731 -0.156039197813 -0.201658579872 -0.0314183027621
40.85447263017357 -0.552361306266 -0.116195176834 -0.211269777337 -0.0644118268529
41.054739652870495 -0.571430086333 -0.0738778750196 -0.227318825435 -0.0953291664114
41.25500667556742 -0.581827520592 -0.0296967921709 -0.249165788601 -0.121960167387
41.45527369826435 -0.583240667194 0.0157412250751 -0.275747408903 -0.142298709724
41.655540720961284 -0.575482470818 0.0617779374604 -0.305624453925 -0.154606527541
41.85580774365821 -0.558506114032 0.107667373866 -0.337041769675 -0.157477812876
42.05607476635514 -0.532423802558 0.152568806533 -0.368001561528 -0.149906511404
42.25634178905207 -0.49752385752 0.195570366651 -0.396350072524 -0.131351860382
42.456608811749 -0.454280612735 0.235735512826 -0.419876555786 -0.10179236929
42.65687583444593 -0.403353828154 0.272157513979 -0.436420734508 -0.0617562072724
42.857142857142854 -0.345577698076 0.304008226159 -0.443983212365 -0.0123182112263
43.05740987983979 -0.281941462842 0.330571453513 -0.440831489899 0.0449409593904
43.257676902536716 -0.213565099302 0.351259289918 -0.425594216141 0.108010267096
43.45794392523364 -0.141673012793 0.365617297639 -0.397337624169 0.174548745716
43.65821094793058 -0.067567009754 0.37332771768 -0.355620442761 0.241998209789
43.858477970627504 0.00740185891239 0.374218821893 -0.300526030985 0.30769585373
44.05874499332443 0.0818642042864 0.368282686161 -0.23267267235 0.368978685373
44.25901201602136 0.154467241525 0.355696496614 -0.15320408913 0.423277382621
44.45927903871829 0.223913538321 0.336837014423 -0.0637619774502 0.468201976908
44.65954606141522 0.289000953717 0.312276348991 0.0335581895745 0.501624331691
44.85981308411215 0.348659112026 0.282750978812 0.136267915626 0.521761380315
45.06008010680908 0.40197707779 0.249104052908 0.241563013162 0.527259121035
45.26034712950601 0.448217029839 0.212208729915 0.346418063781 0.517271898557
45.460614152202936 0.486812553425 0.172892064741 0.447694620406 0.49152647172
45.66088117489986 0.517353153181 0.131876516207 0.5422601506 0.450358470411
45.8611481975968 0.539560143332 0.0897553757133 0.627110609808 0.394711688743
46.061415220293725 0.553261668857 0.0470082923674 0.699488719762 0.32609611943
46.26168224299065 0.558374514297 0.00405046435262 0.756989934761 0.246509377382
46.461949265687586 0.554897738944 -0.038699616008 0.797650044635 0.158332135109
46.66221628838451 0.542920139156 -0.0807546630592 0.820010316031 0.0642124481291
46.86248331108144 0.522639009426 -0.121513307394 0.823159556717 -0.0330478050758
47.06275033377837 0.494384809829 -0.160247862597 0.806754514578 -0.130594266657
47.2630173564753 0.45864468596 -0.196128463414 0.771021566428 -0.225605598671
47.46328437917223 0.416077716182 -0.228278791051 0.716742808925 -0.3153636518
47.66355140186916 0.367516907008 -0.255852139747 0.645229328095 -0.397313476625
47.86381842456609 0.313955066092 -0.278113454163 0.558282952183 -0.469118578374
48.06408544726302 0.256514736308 -0.294512230618 0.458146887633 -0.528716450096
48.264352469959945 0.19640572345 -0.304734002746 0.347445148074 -0.574376804159
48.46461949265687 0.134875004788 -0.308723144658 0.229110018051 -0.604761422367
48.66488651535381 0.0731550932891 -0.306676234635 0.106297699117 -0.618980963276
48.865153538050734 0.0124162214556 -0.299011909992 -0.0177064529579 -0.61664172084
49.06542056074766 -0.0462738223967 -0.286326580535 -0.139590485409 -0.597874429772
49.265687583444596 -0.101980439956 -0.269347041539 -0.256121759352 -0.563338931552
49.46595460614152 -0.153924033778 -0.248887470181 -0.364251146945 -0.514202339102
49.66622162883845 -0.201493761088 -0.225813520322 -0.461210337031 -0.45209221788
49.86648865153538 -0.244254650539 -0.20101081651 -0.544597677703 -0.379030808099
50.06675567423231 -0.281948367817 -0.175351629236 -0.612449704555 -0.297358624304
50.26702269692924 -0.314486538333 -0.149653669148 -0.663296867342 -0.209655164411
50.467289719626166 -0.341935017835 -0.124628760324 -0.696203903926 -0.118661921024
50.6675567423231 -0.364486577312 -0.100824031234 -0.710794366008 -0.0272089944868
50.86782376502003 -0.382422394375 -0.0785667020315 -0.707261470514 0.0618581818669
51.068090787716955 -0.39606374356 -0.0579256908298 -0.686363352863 0.145757857584
51.26835781041388 -0.405719036951 -0.0387057872468 -0.649401360617 0.22186314861
51.468624833110816 -0.411633678029 -0.0204829265426 -0.598178740597 0.287807319394
51.66889185580774 -0.413951448982 -0.002682129551 -0.534936985781 0.341600275732
51.86915887850467 -0.412694720503 0.0153147342543 -0.462268633931 0.381744796256
52.069425901201605 -0.407767425916 0.034054128148 -0.383008239167 0.407335170064
52.26969292389853 -0.398979482959 0.0539154621656 -0.30010688996 0.418119928361
52.46995994659546 -0.386086459292 0.0750571009198 -0.216499006016 0.41451460741
52.670226969292386 -0.368835101684 0.0974123646312 -0.134972016179 0.397560342686
52.87049399198932 -0.347005157208 0.120726939575 -0.058049175787 0.368836711052
53.07076101468625 -0.320441247388 0.144617469673 0.0121069138424 0.330345057821
53.271028037383175 -0.289072946071 0.168626601189 0.0737661498127 0.284382339904
53.47129506008011 -0.252925883756 0.192255261999 0.125677970612 0.233422164847
53.67156208277704 -0.212129287118 0.214966516395 0.167096095366 0.18001095149
53.871829105473964 -0.16692504604 0.236168491785 0.197783977872 0.126678821181
54.0720961281709 -0.117680833469 0.255194416487 0.218003310479 0.0758579563968
54.272363150867825 -0.0649057582581 0.271300932855 0.228486147997 0.0297988836283
54.47263017356475 -0.00926310071297 0.283700142493 0.23038944467 -0.00952162872505
54.67289719626168 0.0484270883539 0.291628461883 0.225230331284 -0.0405002904916
54.873164218958614 0.10720197879 0.294440082114 0.214801368821 -0.0620051459527
55.07343124165554 0.165989149194 0.291700378738 0.20106771026 -0.0734553227268
55.27369826435247 0.223656073896 0.28325083032 0.186051613199 -0.074864927245
55.4739652870494 0.279067868278 0.269224166248 0.171712880745 -0.0668384064062
55.67423230974633 0.331142450067 0.25000414987 0.159835417544 -0.050514776016
55.87449933244326 0.378893028336 0.226142400296 0.151929404689 -0.0274695173539
56.074766355140184 0.421451677019 0.198257657143 0.14915598016 0.000408659612123
56.27503337783712 0.458073401928 0.166946213148 0.152277454228 0.0310464187825
56.475300400534046 0.488125338677 0.132725705433 0.161632411561 0.0623034717608
56.67556742323097 0.511068974694 0.096021881116 0.177132406313 0.0920703074226
56.87583444592791 0.526443716924 0.0571952106723 0.198276182557 0.118344663812
57.076101468624834 0.533859016559 0.016593717007 0.224177336616 0.139291572609
57.27636849132176 0.532997846966 -0.02538585959 0.253603059135 0.153294749095
57.47663551401869 0.523632028953 -0.0682459113835 0.285022876708 0.159006280574
57.67690253671562 0.50564593451 -0.11135725337 0.316667540587 0.155398444985
57.87716955941255 0.479063621677 -0.15395573577 0.346598512256 0.14181702652
58.07743658210948 0.444074009871 -0.195164550113 0.372787846628 0.118030921374
58.27770360480641 0.401049606044 -0.234034961472 0.393206960058 0.0842697244764
58.47797062750334 0.350556027393 -0.269595423139 0.40592099043 0.0412403955336
58.678237650200266 0.29335170775 -0.300899688195 0.409183819286 -0.00988338166295
58.87850467289719 0.23037850163 -0.3270683167 0.401527995658 -0.0675015179072
59.07877169559413 0.162744795877 -0.347322838009 0.381843841931 -0.129653878058
59.279038718291055 0.0917022341057 -0.361015863317 0.349443260812 -0.194105196158
59.47930574098798 0.0186164787724 -0.3676613381 0.304105523971 -0.258439082624
59.67957276368492 -0.0550682357418 -0.366967153463 0.246104331774 -0.320152741305
59.879839786381844 -0.127871484569 -0.35886806866 0.1762153741 -0.376746802922
60.08010680907877 -0.198324770566 -0.343551642416 0.0957074847566 -0.425809738031
60.2803738317757 -0.265023265032 -0.321467541316 0.00631702341457 -0.465098934217
60.48064085447263 -0.326677596318 -0.293311043358 -0.0897943993463 -0.492623525577
60.68090787716956 -0.382158303593 -0.259975520659 -0.190098768441 -0.506729541682
60.88117489986649 -0.430528759021 -0.22247884873 -0.291777887612 -0.506187584887
61.08144192256342 -0.471061187584 -0.181874451132 -0.39181686386 -0.490274932124
61.28170894526035 -0.503235223431 -0.13916564628 -0.487112379897 -0.458841486525
61.481975967957275 -0.526720862516 -0.0952424268614 -0.57459187246 -0.41234651263
61.6822429906542 -0.541352379499 -0.0508564150956 -0.65133585977 -0.351855522059
61.88251001335114 -0.547101665803 -0.00663450156471 -0.714695528443 -0.278997156081
62.082777036048064 -0.544057346708 0.0368743031726 -0.762398285155 -0.195882346859
62.28304405874499 -0.532415325048 0.0791374000513 -0.79263388749 -0.104998913432
62.483311081441926 -0.512481268077 0.119583507969 -0.804118475448 -0.00909606583243
62.68357810413885 -0.484681976611 0.157571857889 -0.796135430279 0.0889279864186
62.88384512683578 -0.449579515864 0.192396008043 -0.768554939244 0.186126564533
63.08411214953271 -0.40788111318 0.223321980315 -0.721834952818 0.279590765566
63.28437917222964 -0.360438442077 0.249652879325 -0.657005795636 0.366523333574
63.48464619492657 -0.308232890832 0.270802839058 -0.575641213633 0.444306572988
63.684913217623496 -0.252346286253 0.286364125057 -0.47981560219 0.510570004662
63.88518024032043 -0.193920331439 0.296151749175 -0.372047405318 0.563261607038
64.08544726301736 -0.134110039598 0.300216245411 -0.255227885783 0.60072299278
64.28571428571429 -0.0740381808182 0.298823675316 -0.132534775423 0.62176352562
64.48598130841121 -0.0147562220513 0.292411829808 -0.00733191866675 0.625724604665
64.68624833110815 0.0427846310677 0.281535713466 0.116942197597 0.612523762445
64.88651535380508 0.0977518941662 0.266817572314 0.236891667839 0.582669064785
65.086782376502 0.149441270098 0.24891082694 0.34928014726 0.537239886374
65.28704939919893 0.197280742976 0.228481452724 0.451140572883 0.477834944871
65.48731642189586 0.240832284353 0.206200763466 0.539871796447 0.406495287171
65.68758344459279 0.279792329023 0.182738675134 0.613318123421 0.325613181299
65.88785046728972 0.313990018714 0.158746510388 0.669830259387 0.237838091673
66.08811748998664 0.343380434909 0.134823066123 0.708307885703 0.145987500443
66.28838451268358 0.368029217728 0.111464839789 0.728224805997 0.052965587738
66.48865153538051 0.388086608118 0.0890106847162 0.729638760222 -0.0383131617279
66.68891855807743 0.403750890545 0.0675961323197 0.71318573257 -0.125001931552
66.88918558077437 0.4152252412 0.0471344383283 0.680057855241 -0.204408464323
67.0894526034713 0.422674493388 0.0273362225107 0.631962785721 -0.274094937587
67.28971962616822 0.426190071732 0.00777121371778 0.5710616859 -0.331989185926
67.48998664886516 0.425770712457 -0.0120379839529 0.499884670447 -0.376497585502
67.69025367156209 0.4213237866 -0.0325107844434 0.421224519279 -0.406603258541
67.89052069425901 0.412686138465 -0.0539186970228 0.338014184398 -0.421931759286
68.09078771695594 0.399659890907 -0.0763325188722 0.253195267485 -0.42276916779
68.29105473965286 0.382053812056 -0.0996176685738 0.169588472913 -0.410027389842
68.4913217623498 0.359721368999 -0.123471768422 0.0897756525775 -0.385162546553
68.69158878504673 0.332588335226 -0.147485981374 0.0160018204298 -0.350061988493
68.89185580774365 0.300667837806 -0.171205731341 -0.049898761873 -0.306919351407
69.09212283044059 0.264065026785 -0.194170463627 -0.10655166371 -0.258114945982
69.29238985313752 0.222976822769 -0.215923671674 -0.153068977715 -0.206111299088
69.49265687583444 0.177692304971 -0.235997364085 -0.189056770445 -0.153365141291
69.69292389853138 0.128597633241 -0.25388572122 -0.214606077984 -0.102250405142
69.89319092122831 0.0761856618271 -0.269027776793 -0.230268753064 -0.0549832738027
70.09345794392523 0.0210667518452 -0.28081547294 -0.23701827354 -0.0135419684368
70.29372496662216 -0.0360255511742 -0.288636040975 -0.236192915186 0.0204207938137
70.4939919893191 -0.0942400000603 -0.291939836175 -0.229422051127 0.0456662784176
70.69425901201602 -0.152628193903 -0.290318827746 -0.218534997258 0.0614475035389
70.89452603471295 -0.210179776653 -0.283570317071 -0.205456846073 0.0675603993706
71.09479305740987 -0.26586708851 -0.271725154577 -0.192097826858 0.0643555305785
71.29506008010681 -0.318690909749 -0.25503020178 -0.18024493079 0.0527045671021
71.49532710280374 -0.367718461042 -0.233889813828 -0.171464411626 0.0339253858609
71.69559412550066 -0.41210701567 -0.208783886705 -0.167022249181 0.00967779350479
71.8958611481976 -0.451110654805 -0.18018770249 -0.167827539414 -0.0181521197264
72.09612817089453 -0.484073121843 -0.148514732388 -0.174398444032 -0.0475640822428
72.29639519359145 -0.510412717155 -0.114095949077 -0.186849379978 -0.0765407904275
72.49666221628839 -0.529606945863 -0.077197316524 -0.204895731574 -0.103126052311
72.69692923898532 -0.541183832934 -0.038067220577 -0.22787244541 -0.125485967098
72.89719626168224 -0.544724585958 0.00300075902721 -0.25476368909 -0.141959071964
73.09746328437917 -0.539878944531 0.0456065609529 -0.284242027668 -0.151102684498
73.29773030707611 -0.526391407211 0.0891983218546 -0.31471698997 -0.151740944186
73.49799732977303 -0.504134074831 0.133052576208 -0.344393616456 -0.1430165645
73.69826435246996 -0.473140625259 0.176283381148 -0.371341626835 -0.124444010393
73.89853137516688 -0.433635680939 0.217877072584 -0.393574850512 -0.0959577362793
74.09879839786382 -0.386055377283 0.256744749111 -0.409139083146 -0.0579468298438
74.29906542056075 -0.331056421269 0.291782776459 -0.416204829391 -0.0112675360349
74.49933244325767 -0.26951301389 0.321932269264 -0.413159825026 0.0427720462301
74.6995994659546 -0.20250241985 0.346232192321 -0.398695600699 0.102456182693
74.89986648865154 -0.131280723601 0.363864832941 -0.371882444797 0.165730554961
75.10013351134846 -0.0572500580877 0.374195995098 -0.332228901968 0.23028810096
75.3004005340454 0.0180819373433 0.376812164811 -0.279723088876 0.293662517687
75.50066755674233 0.0931497845841 0.371554389082 -0.214855124291 0.35332216692
75.70093457943925 0.166384011107 0.358545360897 -0.138621122531 0.406760088152
75.90120160213618 0.236269118148 0.338201428784 -0.0525095468984 0.451580810089
76.10146862483312 0.301401609608 0.311220689414 0.041529804863 0.485587048828
76.30173564753004 0.360542726763 0.278540493031 0.141134417522 0.506869824694
76.50200267022697 0.412659515523 0.241263889875 0.243596172174 0.513902997892
76.70226969292389 0.456948597269 0.200563694552 0.345947588107 0.50563749121
76.90253671562083 0.492839953982 0.157581267037 0.445065987299 0.48158494458
77.10280373831776 0.519981625089 0.113340955485 0.537792259935 0.441877064254
77.30307076101468 0.538210468685 0.0686994835644 0.621057959515 0.387287410559
77.50333778371161 0.547517275249 0.0243401876263 0.692012277015 0.319208271346
77.70360480640855 0.548015061652 -0.0191905181008 0.748139938539 0.239583604304
77.90387182910547 0.539917786302 -0.0614192843342 0.787361967757 0.150807637757
78.1041388518024 0.523532693356 -0.101877012447 0.808113986437 0.0556048211031
78.30440587449934 0.499265161996 -0.140046758441 0.809399989823 -0.0430937227458
78.50467289719626 0.467630808517 -0.175344343682 0.790822009873 -0.142263761602
78.70493991989319 0.429267809047 -0.207135949737 0.752588701431 -0.238887018054
78.90520694259013 0.384942259591 -0.234787619952 0.695505440526 -0.33003485811
79.10547396528705 0.335541786207 -0.257732191199 0.620948990369 -0.412942464916
79.30574098798398 0.282055191852 -0.275536367444 0.530827463074 -0.48507951522
79.5060080106809 0.225540275193 -0.287950771852 0.427526216946 -0.544222928007
79.70627503337784 0.167084259325 -0.294931674461 0.313838718045 -0.588533152858
79.90654205607477 0.107763079959 -0.296631446903 0.192881979612 -0.616630498533
80.10680907877169 0.0486052203408 -0.29336427331 0.0679974923697 -0.62766351338
80.30707610146862 -0.00943608629358 -0.285559219428 -0.0573600018218 -0.621358937425
80.50734312416556 -0.0655012339539 -0.27371571901 -0.17974104209 -0.598043218142
80.70761014686248 -0.11883489916 -0.258373001402 -0.29582079957 -0.558629300948
80.90787716955941 -0.168792502029 -0.240096291497 -0.402512378591 -0.504570216437
81.10814419225635 -0.214845119011 -0.219475762991 -0.497067879703 -0.437784486436
81.30841121495327 -0.256584623026 -0.197127235501 -0.577162745959 -0.36056509413
81.5086782376502 -0.29372813868 -0.173682798928 -0.640961102974 -0.27548336465
81.70894526034714 -0.326118860583 -0.149763095702 -0.687162147717 -0.185297299022
81.90921228304406 -0.35371937264 -0.12593077513 -0.715029089503 -0.0928684949784
82.10947930574099 -0.376594376464 -0.102632686472 -0.724402288368 -0.00108641990481
82.30974632843791 -0.394881738538 -0.0801449017225 -0.715697360011 0.0872054885602
82.51001335113484 -0.408754341814 -0.0585373724616 -0.689888318908 0.169289288911
82.71028037383178 -0.418377999123 -0.0376734780432 -0.648473291787 0.242663575461
82.9105473965287 -0.423873463789 -0.0172493785367 -0.593421259716 0.305146191454
83.11081441922563 -0.425290000565 0.00312990371074 -0.527097170951 0.354982740174
83.31108144192257 -0.422596621106 0.0238546461528 -0.452165905923 0.390947417313
83.51134846461949 -0.415692440302 0.0452182035568 -0.371478306379 0.412419296071
83.71161548731642 -0.404433347995 0.0673520408592 -0.287945553201 0.419417870204
83.91188251001336 -0.388667378104 0.0902029305248 -0.204411540273 0.412589428898
84.11214953271028 -0.368270360417 0.113553072765 -0.123532746036 0.393145381886
84.31241655540721 -0.343174183583 0.137069924525 -0.0476744638333 0.362764160916
84.51268357810414 -0.313383974888 0.160364126908 0.0211712956479 0.323474196796
84.71295060080107 -0.278984563953 0.183034065436 0.0814437746647 0.277535506256
84.913217623498 -0.240140707049 0.204683736969 0.132048936531 0.227332728979
85.11348464619492 -0.197096531244 0.224913026911 0.172375058791 0.175283995932
85.31375166889185 -0.150178891334 0.243290703493 0.202291522555 0.123762948973
85.51401869158879 -0.0998064468555 0.259327837234 0.222132507444 0.0750263909406
85.71428571428571 -0.0465024248143 0.272469948204 0.232666367193 0.0311392236833
85.91455273698264 0.00909399490091 0.282120854584 0.235048825836 -0.00610799352176
86.11481975967958 0.0662244187282 0.287697170768 0.23075949782 -0.0352863657177
86.3150867823765 0.124021081853 0.288703252811 0.221520859165 -0.0554122229016
86.51535380507343 0.181532056387 0.284804789471 0.209202035349 -0.0660125952474
86.71562082777037 0.237759011309 0.275878148891 0.195712763466 -0.0671580737684
86.91588785046729 0.29170108892 0.262019609147 0.182894584076 -0.0594536666672
87.11615487316422 0.342396168887 0.243510844446 0.172418458098 -0.0439861236918
87.31642189586115 0.388951699146 0.220751909253 0.165696566971 -0.0222359030014
87.51668891855807 0.430560536026 0.194182705552 0.163814118223 0.00403164887007
87.71695594125501 0.466501872486 0.164216627401 0.167483726071 0.0328789298557
87.91722296395194 0.496131641746 0.131203648631 0.177021489703 0.0622996486478
88.11748998664886 0.518869236389 0.0954306386225 0.192342190879 0.0903053118755
88.3177570093458 0.534187804917 0.0571557218094 0.212970075536 0.114993961828
88.51802403204272 0.541613902642 0.0166644655153 0.238061825734 0.134605468817
88.71829105473965 0.540739279959 -0.0256676790781 0.266439898725 0.147570108353
88.91855807743659 0.531244396047 -0.0693230903468 0.296635478732 0.152557108276
89.1188251001335 0.512930339593 -0.113611976933 0.32694149982 0.148526955692
89.31909212283044 0.48575389972 -0.157671417075 0.35547653058 0.134787294601
89.51935914552737 0.449859948324 -0.200493150826 0.380259838739 0.111047668915
89.7196261682243 0.405605741883 -0.240974035085 0.399296718359 0.0774647591413
89.91989319092123 0.353573783827 -0.277978514305 0.410670990109 0.0346687391912
90.12016021361816 0.294571824304 -0.310403191823 0.412640309589 -0.0162371982788
90.32042723631508 0.229620401669 -0.337235204072 0.403728332602 -0.0737077438429
90.52069425901202 0.159929702809 -0.357601012666 0.382807646209 -0.135815021914
90.72096128170895 0.0868674792954 -0.370806691046 0.349168592839 -0.200330136207
90.92122830440587 0.0119195437857 -0.376372618752 0.302570233384 -0.264817233923
91.1214953271028 -0.0633563479137 -0.374064881238 0.243272028988 -0.326730945905
91.32176234979973 -0.137382485742 -0.363921933721 0.172046222305 -0.383511110319
91.52202937249666 -0.208617613317 -0.346270687571 0.0901716839201 -0.432673115489
91.7222963951936 -0.27561477146 -0.321723197595 -0.000590073688281 -0.471896129779
91.92256341789052 -0.33707572933 -0.29114579278 -0.0980365516939 -0.49911300013
92.12283044058745 -0.391896397366 -0.2555967254 -0.199584630977 -0.512604915777
92.32309746328438 -0.439196517015 -0.216237411726 -0.30234982882 -0.511097583363
92.5233644859813 -0.478330280731 -0.17423064683 -0.403244663526 -0.493851874531
92.72363150867824 -0.508876834153 -0.130646153234 -0.499093428853 -0.460735413638
92.92389853137517 -0.530614383364 -0.086394523166 -0.586758216362 -0.412260972151
93.12416555407209 -0.543485236241 -0.0422040749368 -0.663268368605 -0.34958128323
93.32443257676903 -0.547560837029 0.0013566853856 -0.725944242598 -0.27443767701
93.52469959946596 -0.543015083304 0.0438215635342 -0.772506545277 -0.189069173978
93.72496662216288 -0.530111009012 0.0847545358909 -0.801164632485 -0.0960959262503
93.92523364485982 -0.509201441215 0.123686350116 -0.81068024472 0.00160640041088
94.12550066755674 -0.480739770087 0.160078810681 -0.800406453276 0.101026727361
94.32576769025367 -0.445294300036 0.193326080717 -0.770303958536 0.199125015308
94.5260347129506 -0.403558587266 0.222791701962 -0.720937524487 0.292922021448
94.72630173564752 -0.356351647681 0.247869977353 -0.653455876456 0.379576745529
94.92656875834446 -0.304605074968 0.268054872246 -0.569557020011 0.456457633048
95.1268357810414 -0.249336678014 0.282999307919 -0.471439065974 0.521213412844
95.32710280373831 -0.191614651771 0.292550398603 -0.361736796562 0.571847172857
95.52736982643525 -0.132517682124 0.296754300152 -0.243443050263 0.606792168634
95.72763684913218 -0.0730969751623 0.295833617403 -0.11981536299 0.62498304542
95.9279038718291 -0.0143447718552 0.290146942555 0.00573050520529 0.62591296274
96.12817089452604 0.0428284433847 0.280144687843 0.129736204873 0.609666416298
96.32843791722297 0.0976084143216 0.266334450891 0.248819872607 0.57691901806
96.52870493991989 0.149286593184 0.24926172407 0.359791603834 0.528904419086
96.72897196261682 0.197266967295 0.229504886469 0.459759289472 0.467350125457
96.92923898531375 0.241072722066 0.207675917505 0.546219265612 0.394392676686
97.12950600801068 0.28035260709 0.184414939803 0.617128801442 0.312483595086
97.32977303070761 0.314884816814 0.160369266779 0.670959987285 0.224296348275
97.53004005340453 0.344574646712 0.136152590259 0.706735275051 0.132640806701
97.73030707610147 0.369442344115 0.112289147001 0.724046994881 0.0403861644187
97.9305740987984 0.389599215175 0.0891543656203 0.723061962324 -0.0496117268193
98.13084112149532 0.405212768749 0.0669280092799 0.704511464776 -0.134585499415
98.33110814419226 0.416465034854 0.04557666639 0.669664984484 -0.211940989022
98.53137516688919 0.423511429194 0.0248740701899 0.620286343618 -0.279354047455
98.73164218958611 0.42644749359 0.00446170849994 0.558568902659 -0.334876926684
98.93190921228305 0.425290996719 -0.0160624937478 0.487049524545 -0.377043681929
99.13217623497998 0.41998290208 -0.037047793492 0.408502782923 -0.404959036629
99.3324432576769 0.410406454631 -0.0587111173268 0.325820393552 -0.418353566561
99.53271028037383 0.396418677544 -0.0810939489005 0.241884189587 -0.417592856439
99.73297730307075 0.377886156958 -0.104062655908 0.159442155947 -0.403637573026
99.93324432576769 0.354716898349 -0.127345744302 0.080996848247 -0.377960891226
100.13351134846462 0.326882476462 -0.150589031877 0.00871361572313 -0.342439298197
100.33377837116154 0.294429269348 -0.173407067488 -0.0556485150796 -0.299233838307
100.53404539385848 0.257481268569 -0.1954128916 -0.110782378412 -0.250677507651
100.73431241655541 0.216239796407 -0.216219149555 -0.155856920818 -0.199177792667
100.93457943925233 0.170985442553 -0.235416708279 -0.190523689913 -0.147134049202
101.13484646194927 0.122085391565 -0.252545374841 -0.214907704164 -0.0968633308096
101.3351134846462 0.070005720722 -0.26707587116 -0.22958388641 -0.0505277350618
101.53538050734312 0.0153251403123 -0.278418472528 -0.235537803702 -0.0100544068093
101.73564753004005 -0.0412568997879 -0.285965548545 -0.234110509586 0.0229495627182
101.93591455273699 -0.098922984419 -0.289160047185 -0.226925435873 0.0472851352777
102.13618157543391 -0.156755799447 -0.287573901804 -0.215798767638 0.0622373807256
102.33644859813084 -0.213770820772 -0.280972303761 -0.202636923875 0.067625477031
102.53671562082776 -0.268958694727 -0.269343576812 -0.189327755613 0.0638139615307
102.7369826435247 -0.321329264737 -0.252884583985 -0.177633873637 0.0516795309933
102.93724966622163 -0.369948403309 -0.231946810719 -0.169096893257 0.0325377982147
103.13751668891855 -0.413961580089 -0.206960367365 -0.164959302292 0.00804195907589
103.33778371161549 -0.452601900407 -0.178359213959 -0.166108138947 -0.0199303351762
103.53805073431242 -0.48518512526 -0.146528890513 -0.173041158848 -0.0493863555911
103.73831775700934 -0.511097640277 -0.111789460106 -0.185853599185 -0.0783133718334
103.93858477970628 -0.529784727625 -0.0744150666694 -0.204242183747 -0.104755643848
104.13885180240321 -0.540745805098 -0.0346817796922 -0.227522870349 -0.126875470033
104.33911882510013 -0.543540865513 0.00707114752065 -0.254659721693 -0.143004444425
104.53938584779706 -0.537809127792 0.0503830991125 -0.284303660427 -0.15169191215
104.739652870494 -0.523297796026 0.094631619601 -0.314841119288 -0.151756039353
104.93991989319092 -0.499896303854 0.13901905985 -0.344453361735 -0.142339181185
105.14018691588785 -0.467670233061 0.182588978853 -0.371187106338 -0.122964593113
105.34045393858477 -0.426889250533 0.224268429725 -0.393036099355 -0.0935874826538
105.5407209612817 -0.378044727628 0.262927076421 -0.408031536549 -0.0546310249187
105.74098798397864 -0.321854710282 0.297442348841 -0.414337451537 -0.00699826206036
105.94125500667556 -0.259256092806 0.326761010467 -0.410345577011 0.0479457655561
106.1415220293725 -0.191385257333 0.349951513304 -0.394763433293 0.108422597644
106.34178905206943 -0.119549330365 0.366246773918 -0.36669009945 0.172314120196
106.54205607476635 -0.0451895799403 0.375079856344 -0.325675365642 0.2372532997
106.74232309746328 0.0301618828824 0.376115785708 -0.2717599293 0.300721922041
106.94259012016022 0.104931514639 0.369279994627 -0.205495794084 0.360147610473
107.14285714285714 0.177558787142 0.354779478092 -0.127947718107 0.412996303511
107.34312416555407 0.246553490912 0.333108872429 -0.0406767291946 0.456861179252
107.54339118825101 0.310552051127 0.305032270671 0.0542942066499 0.48955155993
107.74365821094793 0.36836700157 0.27153399877 0.154532897655 0.509185510958
107.94392523364486 0.419023772522 0.233740597 0.257269100874 0.514286008986
108.1441922563418 0.461779524381 0.192822376055 0.359485259416 0.503875344281
108.34445927903872 0.496121710957 0.149893391116 0.458024993889 0.477556427126
108.54472630173565 0.521748317197 0.105931238778 0.549715328177 0.435566753911
108.74499332443257 0.538535524806 0.0617348196336 0.631495951818 0.378792358906
108.9452603471295 0.546501567655 0.0179284504582 0.700546625639 0.308735378186
109.14552736982644 0.545775716784 -0.0249930310193 0.754403623535 0.227438228938
109.34579439252336 0.536579087775 -0.0665950714005 0.791057508169 0.137375666436
109.5460614152203 0.519219753273 -0.106433162944 0.809027462565 0.041330811667
109.74632843791723 0.49410022077 -0.144003174446 0.807410474659 -0.0577289967909
109.94659546061415 0.461731503341 -0.178726213612 0.785906679712 -0.156764952445
110.14686248331108 0.422746465874 -0.209971014764 0.744823754734 -0.252763645637
110.34712950600802 0.377905377671 -0.237106606209 0.685063345012 -0.342818866644
110.54739652870494 0.328089200782 -0.259570239236 0.608092254603 -0.424204422798
110.74766355140187 0.274279329975 -0.276933054281 0.51589950671 -0.494444215723
110.9479305740988 0.217525412977 -0.288947460403 0.41093892125 -0.551384333346
111.14819759679573 0.158906649279 -0.295566061131 0.296057153041 -0.593268081066
111.34846461949266 0.0994923446442 -0.296930834424 0.174406681695 -0.618809683703
111.54873164218958 0.0403070315478 -0.293339826955 0.0493449020381 -0.627258260305
111.74899866488651 -0.0176965082678 -0.285203659611 -0.075677865238 -0.618441822437
111.94926568758345 -0.073655458375 -0.273006044332 -0.197236405955 -0.592781712818
112.14953271028037 -0.126808936473 -0.257277884355 -0.312047953084 -0.551273715166
112.3497997329773 -0.176506100786 -0.238586297933 -0.417082645165 -0.495436720855
112.55006675567424 -0.222213194265 -0.217533785415 -0.509661021414 -0.42723591891
112.75033377837116 -0.263520574955 -0.194756087288 -0.587534171617 -0.348991721098
112.95060080106809 -0.300148193104 -0.170907994315 -0.648945596091 -0.26328632446
113.15086782376503 -0.331946493141 -0.146630504809 -0.692674820994 -0.172874266363
113.35113484646195 -0.358888767975 -0.122500150045 -0.718063412347 -0.0806028671226
113.55140186915888 -0.38105225399 -0.0989691574819 -0.725026175043 0.010661668592
113.75166889185581 -0.398587865452 -0.0763108684109 -0.714048030544 0.0981072136237
113.95193591455273 -0.411680178722 -0.0545872387824 -0.686165002038 0.179055180678
114.15220293724967 -0.420504970536 -0.0336522782738 -0.642928512987 0.251052104417
114.35246995994659 -0.42519120061 -0.0131951441927 -0.586350419755 0.311972422889
114.55273698264352 -0.425795480874 0.00718116573083 -0.51882634844 0.360126032588
114.75300400534046 -0.422294237901 0.0278640115798 -0.443038463308 0.394356505441
114.95327102803738 -0.414594982107 0.0491409930563 -0.361840762522 0.414113216312
115.15353805073431 -0.402563088698 0.0711385934615 -0.278133808237 0.419482285758
115.35380507343125 -0.386056695097 0.0938032639237 -0.194738440391 0.411167293848
115.55407209612817 -0.364961116918 0.116923024937 -0.114277670829 0.390426326683
115.7543391188251 -0.33921596339 0.140177543876 -0.0390752685502 0.35897076857
115.95460614152204 -0.308831155745 0.163193189723 0.0289233536801 0.318849876028
116.15487316421896 -0.273893219009 0.185584147129 0.0882076112401 0.272333012395
116.35514018691589 -0.234565775744 0.206965317699 0.137734268197 0.221806430067
116.55540720961282 -0.191090383429 0.226939831025 0.176942188016 0.169683661321
116.75567423230974 -0.143791563591 0.245070921626 0.20574985567 0.118328692629
116.95594125500668 -0.0930875342628 0.260856737994 0.224538170892 0.0699832809582
117.1562082777036 -0.0395041224765 0.27372630516 0.23411846586 0.0266910844781
117.35647530040053 0.0163136085495 0.28306728105 0.235684584291 -0.00978612010027
117.55674232309747 0.0735985448656 0.288285136032 0.230747594202 -0.0380568312309
117.75700934579439 0.131472710473 0.288880634684 0.221053094586 -0.0571830929106
117.95727636849132 0.188974012199 0.284523807445 0.208483554899 -0.0667442131648
118.15754339118826 0.245095520182 0.275101323029 0.19495106724 -0.0668663685385
118.35781041388518 0.298830137307 0.260721998405 0.182288448582 -0.0582091584331
118.55807743658211 0.349211935671 0.241678687301 0.172147422334 -0.0419088295941
118.75834445927904 0.395346461055 0.218378960518 0.165911789082 -0.019487132019
118.95861148197596 0.436425695817 0.191266323149 0.16463120245 0.00725918684981
119.1588785046729 0.471728461618 0.160755703899 0.168977383611 0.0363711801972
119.35914552736983 0.500610679202 0.127199675731 0.17922220696 0.0658303414248
119.55941255006675 0.522492647685 0.0908922298313 0.195234606392 0.0936438269303
119.75967957276369 0.536850535064 0.0521055957326 0.21649275788 0.117912129636
119.95994659546061 0.543217556378 0.0111475803756 0.24210844475 0.136883938627
120.16021361815754 0.541197256476 -0.0315771804618 0.270861580925 0.149005074283
120.36048064085448 0.530488286941 -0.0755174434935 0.30124479557 0.152968354695
120.5607476635514 0.510916708105 -0.119949927228 0.331518044245 0.147767147444
120.76101468624833 0.482470594136 -0.163983002677 0.35977455814 0.132752333893
120.96128170894526 0.445331019256 -0.206588577772 0.384017926219 0.107686976939
121.16154873164218 0.399894247505 -0.246655653894 0.402249426039 0.0727899226626
121.36181575433912 0.346782063722 -0.283053769515 0.412561929972 0.0287590074938
121.56208277703605 0.2868392447 -0.314696761196 0.413235865231 -0.0232338761587
121.76234979973297 0.221118856891 -0.340599128855 0.402831087531 -0.0815785879876
121.96261682242991 0.150857297135 -0.359922264375 0.380268667686 -0.144290904848
122.16288384512684 0.0774410261256 -0.372012250571 0.344897491069 -0.209097332312
122.36315086782376 0.00236615565939 -0.376432707769 0.296542711798 -0.273531274929
122.5634178905207 -0.0728079373885 -0.372994715923 0.235534721879 -0.335030893201
122.76368491321762 -0.14651123749 -0.361781775593 0.162718460324 -0.391034397461
122.96395193591455 -0.217218871888 -0.343163538555 0.0794444132211 -0.439069491234
123.16421895861149 -0.283508337781 -0.317789206398 -0.0124581803091 -0.476841964182
123.3644859813084 -0.344112463199 -0.286552576316 -0.110725994841 -0.502326250583
123.56475300400534 -0.397962363824 -0.250526173865 -0.212724760219 -0.513860165175
123.76502002670227 -0.444214327581 -0.210869873423 -0.315531809054 -0.510240987335
123.9652870493992 -0.482257245243 -0.168729491144 -0.41603707877 -0.490813886954
124.16555407209613 -0.511700219178 -0.125145726735 -0.511060137783 -0.455539179161
124.36582109479306 -0.532344882707 -0.0809942654059 -0.597477246767 -0.405024477738
124.56608811748998 -0.544150010423 -0.0369697347875 -0.672350520625 -0.340512502147
124.76635514018692 -0.547197419389 0.00638550017399 -0.733050092463 -0.263823159399
124.96662216288385 -0.541667285425 0.0486196589672 -0.777360556994 -0.177257428375
125.16688918558077 -0.527827259535 0.0892993463078 -0.803565691031 -0.0834787332608
125.3671562082777 -0.506035223325 0.127948604761 -0.810508457118 0.0146128930442
125.56742323097463 -0.476751535893 0.164017974241 -0.797626278767 0.113999313057
125.76769025367156 -0.440553724441 0.196891141263 -0.764964039379 0.211647917946
125.9679572763685 -0.398146228142 0.225926060985 -0.713167986251 0.304599315614
126.16822429906541 -0.35035943551 0.250518601993 -0.64346331133 0.390043067653
126.36849132176235 -0.298135120186 0.270171447233 -0.55761724819 0.465388038259
126.56875834445928 -0.242499028162 0.284551256708 -0.457888110909 0.528333100249
126.7690253671562 -0.184524294997 0.293521034749 -0.346959919949 0.576940954837
126.96929238985314 -0.125291371703 0.297142002069 -0.227861891876 0.609713065238
127.16955941255007 -0.0658505133893 0.295649147841 -0.103873596344 0.625658927859
127.36982643524699 -0.00719083968815 0.289410526921 0.0215825934277 0.624349896212
127.57009345794393 0.0497819158054 0.278884375218 0.145057386848 0.605947670341
127.77036048064086 0.104259965992 0.26458628575 0.263192897695 0.5712002861
127.97062750333778 0.155542921258 0.247071497792 0.372836905617 0.521404562668
128.17089452603471 0.203045114432 0.226930416045 0.471146496223 0.458339454315
128.37116154873164 0.246302618686 0.204788078007 0.55567623491 0.384180064534
128.57142857142858 0.284979578868 0.181296196141 0.624447935783 0.301404536351
128.7716955941255 0.318871530662 0.157108788265 0.676002768685 0.212701137791
128.97196261682242 0.347901626149 0.132838546893 0.709433979463 0.120885546197
129.17222963951937 0.372106886844 0.10899940833 0.724405038239 0.0288244692742
129.3724966622163 0.391612471869 0.0859478096565 0.721152712513 -0.0606367428372
129.5727636849132 0.406595240897 0.0638384918643 0.700475255165 -0.144749873907
129.77303070761016 0.417241323954 0.0426115505728 0.663704263815 -0.220950016022
129.97329773030708 0.423705213416 0.0220178407899 0.612658704221 -0.286953830211
130.173564753004 0.426077691823 0.00168410936406 0.54957768275 -0.340866590307
130.37383177570092 0.424369883048 -0.0187958548761 0.477032011676 -0.381286627476
130.57409879839787 0.418516340066 -0.0397653018622 0.39781644542 -0.407391129561
130.7743658210948 0.408395849188 -0.0614279748768 0.314827923914 -0.418986817917
130.9746328437917 0.393863970165 -0.0838098654161 0.230938418794 -0.416512511946
131.17489986648866 0.374788730062 -0.106763678918 0.14887209323 -0.400995504206
131.37516688918558 0.351081879973 -0.130009304441 0.071095430777 -0.373963572629
131.5754339118825 0.322719897151 -0.153189203128 -0.00027174748424 -0.337334665194
131.77570093457945 0.289754436063 -0.175918403269 -0.0635234782585 -0.293296912002
131.97596795727637 0.252314511534 -0.197809843114 -0.117409238538 -0.24419930294
132.1762349799733 0.210606816502 -0.218472799705 -0.161156986295 -0.19245520965
132.37650200267024 0.164918517831 -0.237489465346 -0.194477549938 -0.14046080331
132.57676902536716 0.115625594863 -0.254386377507 -0.217553778099 -0.0905217790138
132.77703604806408 0.0632058618855 -0.268619263755 -0.231015151088 -0.0447794919427
132.97730307076102 0.00825242440425 -0.279586403344 -0.235896852278 -0.00513038505276
133.17757009345794 -0.048518988703 -0.286675305773 -0.233582079938 0.0268611969624
133.37783711615486 -0.106274807334 -0.289334726783 -0.225726687933 0.0500502195091
133.5781041388518 -0.164083780678 -0.287153109611 -0.214167591838 0.0637850359284
133.77837116154873 -0.220951691061 -0.279920318797 -0.200818468168 0.0679535983472
133.97863818424565 -0.275864784793 -0.267652155445 -0.187560694767 0.0629890745164
134.1789052069426 -0.32783381847 -0.250570453673 -0.17613711166 0.0498313474324
134.37917222963952 -0.375929944647 -0.229044531271 -0.168057868486 0.0298488057595
134.57943925233644 -0.419306609674 -0.203513602405 -0.164524705199 0.00473430548526
134.7797062750334 -0.457205915229 -0.174413102974 -0.166377368849 -0.0236088317885
134.9799732977303 -0.488952430288 -0.14212590857 -0.174062517942 -0.0531752662864
135.18024032042723 -0.513940768647 -0.106969703191 -0.187622925208 -0.0819508588248
135.38050734312418 -0.531624344591 -0.0692205689232 -0.206703521089 -0.107987669584
135.5807743658211 -0.541511740717 -0.029163269283 -0.230570819757 -0.129463607817
135.78104138851802 -0.543174586201 0.0128469909283 -0.258143300744 -0.144733076292
135.98130841121494 -0.536267534914 0.0563281177924 -0.288031609802 -0.152375703071
136.1815754339119 -0.520557808792 0.100633931516 -0.318588763048 -0.151248109883
136.3818424566088 -0.495959515085 0.144944906794 -0.347971189718 -0.140539809179
136.58210947930573 -0.462566771718 0.188288386507 -0.374211075773 -0.119829646965
136.78237650200268 -0.420680227955 0.229583591128 -0.395299480499 -0.0891352965276
136.9826435246996 -0.370822834602 0.267701978286 -0.409277876068 -0.0489462913388
137.18291054739652 -0.313742922586 0.301532106821 -0.414333978096 -0.000231989178411
137.38317757009347 -0.250404596029 0.33003935515 -0.408895997275 0.0555811174533
137.58344459279039 -0.181967181114 0.352316689304 -0.391719481434 0.116661719428
137.7837116154873 -0.109755393513 0.367625643911 -0.361960978976 0.180850807869
137.98397863818425 -0.0352220328422 0.37543089817 -0.319234594866 0.245754111196
138.18424566088117 0.0400958716673 0.375431517551 -0.26364931485 0.30884014295
138.3845126835781 0.114626850038 0.367588754811 -0.19582674515 0.367536652009
138.58477970627504 0.186819682858 0.352145811155 -0.116900009762 0.419322494151
138.78504672897196 0.255200572736 0.329631370774 -0.028494622471 0.461816160286
138.98531375166888 0.318428618805 0.300837826198 0.0673083551042 0.492864851658
139.18558077436583 0.375343889949 0.266768703497 0.168027342953 0.510637371135
139.38584779706275 0.425001965561 0.22855721922 0.270854257759 0.513720283642
139.58611481975967 0.466690135299 0.187367045479 0.372747632659 0.501211015184
139.78638184245662 0.499923467529 0.144294073668 0.470543122516 0.472796075857
139.98664886515354 0.524423109426 0.100290677867 0.561076991027 0.42880009348
140.18691588785046 0.540083166979 0.0561296873319 0.641315448867 0.37019358721
140.3871829105474 0.54693502982 0.0124144573644 0.708480891866 0.298554474872
140.58744993324433 0.545117745212 -0.0303717568377 0.760166199502 0.215987327742
140.78771695594125 0.534861049417 -0.0717950570773 0.794429240491 0.125012248162
140.9879839786382 0.516482417527 -0.11140291874 0.809863889472 0.028440705759
141.18825100133512 0.490395905784 -0.148678376402 0.805645902795 -0.0707476542558
141.38851802403204 0.457126705793 -0.183030210148 0.781555213632 -0.169515523746
141.58878504672896 0.417323858864 -0.213820092364 0.737977812977 -0.2648622795
141.7890520694259 0.371764460892 -0.240418375993 0.675890161799 -0.35390417669
141.98931909212283 0.321345102442 -0.262272961091 0.596828508548 -0.433946198841
142.18958611481975 0.267059684098 -0.278973490672 0.502844075891 -0.502552043687
142.3898531375167 0.209966218244 -0.290295823013 0.396444158232 -0.557616520687
142.59012016021362 0.151147359841 -0.29621706801 0.280518145898 -0.597440605548
142.79038718291054 0.0916711599491 -0.296901736082 0.158248907105 -0.620804292201
142.99065420560748 0.0325568099108 -0.292666373299 0.0330103723015 -0.62702848213
143.1909212283044 -0.0252514571627 -0.283935847787 -0.0917453227728 -0.616015644019
143.39118825100132 -0.0809020154468 -0.271204825503 -0.212605938131 -0.588260634712
143.59145527369827 -0.133647134068 -0.255013249527 -0.326315975492 -0.544827530549
143.7917222963952 -0.182850843704 -0.23593678504 -0.429885712705 -0.487294764777
143.9919893190921 -0.227995953891 -0.214585926651 -0.520686635702 -0.417676147481
144.19225634178906 -0.26869078503 -0.191602677453 -0.596529232208 -0.338329698705
144.39252336448598 -0.304674232155 -0.1676439906 -0.655723311563 -0.251863108912
144.5927903871829 -0.335815402776 -0.143346584961 -0.697118284694 -0.161046851395
144.79305740987985 -0.362104664822 -0.119274293192 -0.720128064932 -0.0687348381171
144.99332443257677 -0.38363291603 -0.0958580802732 -0.724740259655 0.0222087569866
145.1935914552737 -0.400559678614 -0.0733435904351 -0.711511191663 0.108983041722
145.39385847797064 -0.413072321615 -0.0517628341039 -0.681544948095 0.188931360479
145.59412550066756 -0.421343594931 -0.0309424209375 -0.636455617146 0.259634455391
145.79439252336448 -0.425494759411 -0.0105525191565 -0.578309327581 0.319014747705
145.99465954606143 -0.425571930776 0.00981129912162 -0.509545142477 0.365443682505
146.19492656875835 -0.42154096163 0.030530994672 -0.432875004478 0.397837734564
146.39519359145527 -0.413300922127 0.0518784192707 -0.351167369742 0.415726204313
146.59546061415222 -0.40071256686 0.0739585193952 -0.26732107438 0.419276118925
146.79572763684914 -0.383633800066 0.0966957342534 -0.184139345394 0.409267665441
146.99599465954606 -0.361953815389 0.119860776398 -0.104213263691 0.387023873337
147.19626168224298 -0.335618889059 0.1431224051 -0.0298229918684 0.354307824912
147.39652870493993 -0.304647190776 0.166102110713 0.0371386740014 0.313205028277
147.59679572763685 -0.269134063697 0.188411733549 0.0952191456577 0.266007886126
147.79706275033377 -0.229252466713 0.209663592511 0.14343691036 0.215112874315
147.9973297730307 -0.185254084792 0.229454942852 0.181293439172 0.162933262931
148.19759679572763 -0.137475137313 0.24733930846 0.208768806741 0.111823191425
148.39786381842455 -0.0863477099294 0.262803354735 0.226302487567 0.0640049817633
148.5981308411215 -0.0324137174168 0.27526616123 0.234759681229 0.0214920926405
148.79839786381842 0.023664317273 0.284112617261 0.235380581492 -0.0139958579925
148.99866488651534 0.0811022315715 0.288755277621 0.229713084671 -0.0411213986207
149.1989319092123 0.13900752397 0.288713136114 0.219527759247 -0.0590109283003
149.3991989319092 0.196408271662 0.283683424725 0.206718228915 -0.0673147811049
149.59946595460613 0.252293541596 0.273583919232 0.193193540431 -0.0662314304444
149.79973297730308 0.305658402196 0.258552588413 0.180769233068 -0.05648822957
150.0 0.355544262646 0.238904066187 0.171067122407 -0.0392792167023
