<HTML>
<TITLE>University of Wyoming - Radiosonde Data</TITLE>
<LINK REL="StyleSheet" HREF="/resources/select.css" TYPE="text/css">
<BODY BGCOLOR="white">
<H2>76256  Empalme, Son. Observations at 12Z 21 Dec 2017</H2>
<PRE>
-----------------------------------------------------------------------------
   PRES   HGHT   TEMP   DWPT   RELH   MIXR   DRCT   SKNT   THTA   THTE   THTV
    hPa     m      C      C      %    g/kg    deg   knot     K      K      K 
-----------------------------------------------------------------------------
 1012.0     12    9.0    7.6     91   6.51     30      4  281.2  299.2  282.3
 1005.0     73   14.4    8.4     67   6.92     39      6  287.1  306.8  288.3
 1003.0     91   15.8    7.8     59   6.66     41      7  288.7  307.8  289.9
 1002.0    100   16.8    7.8     55   6.67     42      7  289.8  309.0  290.9
 1000.0    118   17.4    8.4     55   6.96     45      8  290.6  310.6  291.8
  993.0    178   17.2    9.2     59   7.40     37      6  290.9  312.2  292.2
  979.0    299   18.4    6.4     45   6.20     20      2  293.3  311.5  294.4
  972.0    360   19.0    5.0     40   5.66      2      2  294.5  311.3  295.5
  946.0    592   18.8   -5.2     19   2.76    293      4  296.6  305.2  297.1
  945.0    601   18.8   -5.4     19   2.72    290      4  296.7  305.1  297.2
  925.0    783   18.0   -9.0     15   2.10    285      4  297.7  304.4  298.1
  881.0   1198   16.6  -12.4     13   1.68    215      9  300.5  305.9  300.8
  861.0   1394   16.0  -14.0     11   1.51    215     13  301.8  306.7  302.1
  850.0   1503   16.6  -23.4      5   0.69    215     15  303.5  305.9  303.6
  847.0   1533   17.0  -26.0      4   0.55    216     15  304.2  306.2  304.4
  821.0   1797   15.4  -26.6      4   0.53    225     14  305.3  307.2  305.4
  792.0   2101   13.7  -27.2      4   0.52    265     18  306.6  308.4  306.7
  769.0   2351   12.2  -27.8      4   0.51    261     18  307.6  309.4  307.7
  704.0   3083    5.8  -27.2      7   0.59    251     20  308.4  310.5  308.5
  700.0   3130    5.4  -28.6      6   0.52    250     20  308.4  310.3  308.5
  613.0   4197   -1.2  -33.6      6   0.37    230     25  312.8  314.1  312.8
  590.0   4504   -3.1  -35.1      6   0.33    237     25  314.0  315.2  314.1
  547.0   5092   -7.6  -38.2      7   0.26    250     25  315.5  316.5  315.6
  500.0   5790  -12.9  -41.9      7   0.19    240     30  317.2  318.0  317.3
  498.0   5821  -13.1  -41.1      8   0.21    240     30  317.4  318.2  317.4
  451.0   6566  -18.7  -40.7     13   0.24    240     31  319.4  320.4  319.5
  433.0   6868  -20.9  -28.9     49   0.82    240     32  320.4  323.4  320.6
  408.0   7305  -23.1  -37.1     27   0.39    240     33  323.1  324.5  323.1
  400.0   7450  -23.9  -37.9     26   0.37    240     33  323.8  325.3  323.9
  386.0   7709  -26.1  -39.1     28   0.34    236     35  324.3  325.6  324.3
  366.0   8091  -29.2  -38.8     39   0.37    230     37  325.1  326.5  325.1
  363.0   8150  -29.7  -38.7     41   0.37    229     38  325.2  326.6  325.3
  349.0   8430  -30.7  -33.3     78   0.66    226     42  327.5  330.0  327.7
  323.0   8976  -33.7  -36.7     74   0.51    219     49  330.7  332.7  330.8
  309.0   9284  -36.1  -39.9     68   0.38    215     53  331.6  333.1  331.6
  300.0   9490  -37.7  -42.1     63   0.32    210     54  332.1  333.4  332.2
  250.0  10720  -48.1  -53.1     56   0.11    220     63  334.4  334.9  334.4
  228.0  11323  -52.9  -57.9     54   0.07    216     80  336.0  336.3  336.0
  225.0  11408  -53.5  -58.5     54   0.06    215     82  336.3  336.6  336.3
  200.0  12160  -59.3  -64.1     54   0.03    210     97  338.7  338.9  338.7
  198.0  12223  -59.9  -64.7     53   0.03    210     96  338.7  338.9  338.7
  196.0  12286  -60.2  -65.3     51   0.03    210     95  339.3  339.4  339.3
  177.0  12916  -62.9  -71.9     29   0.01    225     62  344.8  344.9  344.8
  169.0  13202  -61.3  -73.0     20   0.01    215     54  352.1  352.1  352.1
  168.0  13238  -61.1  -73.1     19   0.01    216     53  353.0  353.1  353.0
  150.0  13940  -61.3  -76.3     12   0.01    230     38  364.3  364.3  364.3
  147.0  14065  -61.3  -77.3     10   0.01    231     36  366.4  366.4  366.4
  120.0  15298  -66.3  -84.2      7   0.00    240     17  379.1  379.1  379.1
  114.0  15610  -67.5  -86.0      6   0.00    195      7  382.4  382.4  382.4
  109.0  15882  -68.7  -87.5      5   0.00    180     10  385.2  385.2  385.2
  107.0  15995  -69.1  -88.1      5   0.00    190     12  386.4  386.4  386.4
  100.0  16400  -67.3  -87.3      4   0.00    225     14  397.4  397.4  397.4
   99.0  16460  -67.5  -87.4      4   0.00    235     16  398.1  398.1  398.1
   89.0  17100  -70.1  -88.1      6   0.00    240     15  405.3  405.3  405.3
   81.0  17668  -68.1  -86.9      5   0.00    210     20  420.5  420.6  420.5
   71.3  18438  -65.3  -85.3      5   0.00    249     23  442.0  442.0  442.0
   70.0  18550  -65.9  -85.9      5   0.00    255     23  443.1  443.1  443.1
   69.0  18637  -66.2  -86.0      5   0.00    255     22  444.2  444.2  444.2
   64.4  19055  -67.7  -86.7      5   0.00    259     10  449.8  449.8  449.8
   63.0  19188  -67.5  -86.5      5   0.00    260      6  453.2  453.2  453.2
   60.0  19484  -66.9  -86.2      5   0.00    280      3  460.7  460.8  460.7
   57.0  19795  -66.3  -85.8      5   0.00    115      2  468.8  468.9  468.8
   54.0  20123  -65.8  -85.5      5   0.01    305      5  477.5  477.5  477.5
   52.0  20352  -65.3  -85.2      5   0.01    325      6  483.6  483.7  483.7
   50.0  20590  -64.9  -84.9      5   0.01     25      7  490.1  490.2  490.1
   49.0  20713  -65.2  -84.9      5   0.01     50      8  492.2  492.3  492.2
   47.0  20966  -65.9  -84.9      5   0.01    105     10  496.6  496.6  496.6
   46.9  20979  -65.9  -84.9      5   0.01    104     10  496.8  496.8  496.8
   42.0  21653  -62.7  -82.7      5   0.01     75     14  520.6  520.7  520.6
   38.0  22271  -62.3  -82.3      5   0.01    110     14  536.6  536.7  536.6
   33.0  23142  -61.8  -81.8      5   0.02     50     11  560.0  560.1  560.0
   30.0  23730  -61.5  -81.5      5   0.02     45      7  576.4  576.5  576.4
   29.0  23939  -61.6  -81.4      6   0.02     25      8  581.8  582.0  581.8
   25.4  24758  -61.9  -80.9      6   0.02     71      6  603.3  603.5  603.3
   24.0  25110  -61.5  -80.7      6   0.02     90      5  614.4  614.6  614.4
   23.0  25374  -61.1  -80.6      6   0.03     75      7  622.9  623.1  622.9
   22.0  25649  -60.8  -80.4      6   0.03     90      5  631.8  632.1  631.9
   21.0  25938  -60.5  -80.3      6   0.03     30      2  641.4  641.6  641.4
   20.0  26240  -60.1  -80.1      6   0.03    345      4  651.5  651.8  651.5
   19.2  26494  -60.5  -80.5      6   0.03    277      3  657.9  658.2  657.9
   19.0  26560  -60.1  -80.4      5   0.03    260      3  661.0  661.3  661.0
   18.0  26901  -58.2  -79.9      5   0.04    245     12  677.4  677.8  677.4
   16.5  27450  -55.1  -79.1      4   0.05    278     19  704.4  704.9  704.5
   16.0  27646  -55.1  -78.8      4   0.05    290     21  710.7  711.2  710.7
   15.1  28016  -55.1  -78.1      4   0.06    275     20  722.5  723.1  722.5
   14.3  28365  -52.5  -77.5      3   0.07    261     18  742.6  743.4  742.6
   14.0  28502  -52.4  -78.0      3   0.07    255     18  747.3  748.0  747.3
   13.0  28982  -52.2  -79.5      2   0.06    285     29  764.0  764.6  764.0
   11.0  30063  -51.8  -83.1      1   0.04    255     34  803.0  803.5  803.0
   10.7  30242  -51.7  -83.7      1   0.03                809.7  810.1  809.7
</PRE><H3>Station information and sounding indices</H3><PRE>
                             Station number: 76256
                           Observation time: 171221/1200
                           Station latitude: 27.95
                          Station longitude: -110.75
                          Station elevation: 12.0
                            Showalter index: 12.09
                               Lifted index: 9.98
    LIFT computed using virtual temperature: 9.83
                                SWEAT index: 59.98
                                    K index: -27.90
                         Cross totals index: -10.50
                      Vertical totals index: 29.50
                        Totals totals index: 19.00
      Convective Available Potential Energy: 0.00
             CAPE using virtual temperature: 0.00
                      Convective Inhibition: 0.00
             CINS using virtual temperature: 0.00
                     Bulk Richardson Number: 0.00
          Bulk Richardson Number using CAPV: 0.00
  Temp [K] of the Lifted Condensation Level: 276.55
Pres [hPa] of the Lifted Condensation Level: 828.41
     Mean mixed layer potential temperature: 291.86
              Mean mixed layer mixing ratio: 6.07
              1000 hPa to 500 hPa thickness: 5672.00
Precipitable water [mm] for entire sounding: 8.22
</PRE>
<H2>76256  Empalme, Son. Observations at 12Z 22 Dec 2017</H2>
<PRE>
-----------------------------------------------------------------------------
   PRES   HGHT   TEMP   DWPT   RELH   MIXR   DRCT   SKNT   THTA   THTE   THTV
    hPa     m      C      C      %    g/kg    deg   knot     K      K      K 
-----------------------------------------------------------------------------
 1018.0     12    9.0   -8.0     29   2.06    305      9  280.7  286.8  281.1
 1000.0    163   11.4  -10.6     20   1.71    340     15  284.6  289.7  284.9
  997.0    188   12.2   -9.8     21   1.83    344     15  285.6  291.1  285.9
  984.0    296   11.7  -11.2     19   1.66      0     15  286.1  291.2  286.4
  925.0    807    9.2  -17.8     13   1.03    340     21  288.7  292.0  288.9
  915.0    897    8.6  -19.4     12   0.90    340     19  289.0  291.9  289.1
  894.0   1089    9.6  -21.4      9   0.78    321     11  291.9  294.5  292.1
  882.0   1201    8.9  -19.3     12   0.94    310      6  292.3  295.4  292.5
  864.0   1371    7.8  -16.2     16   1.26    304     10  292.9  296.9  293.2
  850.0   1506    7.4  -18.6     14   1.04    300     13  293.9  297.3  294.1
  837.0   1633    8.4  -23.6      8   0.69    302     17  296.2  298.5  296.4
  820.0   1801    7.7  -25.3      7   0.60    305     23  297.2  299.2  297.3
  804.0   1963    7.0  -27.0      7   0.52    299     24  298.2  300.0  298.3
  794.0   2065    6.8  -26.2      7   0.57    295     24  299.0  301.0  299.1
  789.0   2117    7.8  -32.2      4   0.33    293     24  300.6  301.8  300.7
  752.0   2510    5.0  -30.0      6   0.42    277     25  301.8  303.2  301.8
  735.0   2695    5.0  -34.5      4   0.28    270     26  303.7  304.8  303.8
  733.0   2718    5.0  -35.0      4   0.27    270     26  304.0  304.9  304.0
  700.0   3091    3.4  -37.6      3   0.22    270     34  306.2  307.0  306.3
  666.0   3493    1.2  -39.8      3   0.18    267     35  308.1  308.8  308.2
  610.0   4192   -4.3  -41.3      4   0.17    260     38  309.6  310.3  309.7
  564.0   4804   -7.7  -45.5      3   0.12    255     40  312.7  313.1  312.7
  553.0   4958   -8.5  -46.5      3   0.11    257     41  313.5  313.9  313.5
  502.0   5699  -14.7  -48.8      4   0.09    265     43  314.8  315.1  314.8
  500.0   5730  -14.9  -48.9      4   0.09    265     43  314.8  315.2  314.8
  401.0   7352  -27.9  -54.9      6   0.06    255     51  318.4  318.6  318.4
  400.0   7370  -28.1  -55.1      6   0.05    255     51  318.4  318.6  318.4
  333.0   8670  -36.1  -60.1      7   0.03    245     70  324.6  324.7  324.6
  300.0   9390  -41.1  -53.1     26   0.09    240     81  327.3  327.7  327.3
  296.0   9481  -41.9  -51.9     33   0.11    240     81  327.4  327.9  327.5
  291.0   9595  -42.5  -52.5     33   0.10    240     82  328.2  328.6  328.2
  250.0  10610  -47.7  -57.7     31   0.06    225    133  335.0  335.3  335.0
  243.0  10796  -49.0  -58.5     32   0.06    225    135  335.8  336.1  335.8
  236.0  10988  -50.3  -59.3     34   0.05    227    128  336.6  336.9  336.7
  200.0  12050  -56.9  -72.9     12   0.01    235     89  342.5  342.6  342.5
  195.0  12211  -57.9  -74.9     10   0.01    235     81  343.4  343.4  343.4
  181.0  12687  -54.5  -77.5      4   0.01    245     68  356.3  356.4  356.3
  167.0  13203  -56.0  -80.8      3   0.00    255     54  362.1  362.1  362.1
  159.0  13517  -56.9  -82.9      2   0.00    250     49  365.7  365.7  365.7
  153.0  13763  -55.7  -82.7      2   0.00    247     45  371.8  371.8  371.8
  150.0  13890  -55.9  -82.9      2   0.00    245     43  373.6  373.6  373.6
  138.0  14413  -57.2  -84.2      2   0.00    255     47  380.2  380.2  380.2
  131.0  14740  -58.1  -85.1      2   0.00    256     41  384.4  384.4  384.4
  114.0  15589  -62.8  -87.8      2   0.00    260     24  391.1  391.1  391.1
  108.0  15920  -64.7  -88.8      2   0.00    230     20  393.7  393.8  393.7
  103.0  16209  -66.3  -89.7      2   0.00    235     25  396.0  396.0  396.0
  100.0  16390  -67.3  -90.3      3   0.00    250     27  397.4  397.4  397.4
   94.0  16761  -68.7  -90.7      3   0.00    275     23  401.8  401.8  401.8
   85.0  17364  -71.0  -91.3      4   0.00    260     14  408.9  408.9  408.9
   83.0  17506  -71.5  -91.5      4   0.00    265     15  410.6  410.6  410.6
   80.0  17726  -69.4  -90.1      4   0.00    275     19  419.3  419.3  419.3
   78.8  17816  -68.5  -89.5      4   0.00    277     18  422.9  423.0  422.9
   73.0  18277  -68.1  -89.1      4   0.00    285     13  433.1  433.1  433.1
   70.0  18530  -67.9  -88.9      4   0.00    260     18  438.8  438.8  438.8
   66.0  18885  -67.0  -89.0      3   0.00    240      8  448.1  448.1  448.1
   63.0  19165  -66.4  -89.1      3   0.00    165     13  455.6  455.6  455.6
   60.0  19459  -65.7  -89.2      2   0.00    205      9  463.6  463.6  463.6
   58.6  19602  -65.3  -89.3      2   0.00    187      9  467.5  467.5  467.5
   57.0  19769  -66.3  -89.9      2   0.00    165     10  468.8  468.8  468.8
   55.3  19952  -67.5  -90.5      3   0.00    187      9  470.3  470.3  470.3
   54.0  20095  -66.9  -90.2      2   0.00    205      9  474.8  474.8  474.8
   51.0  20440  -65.6  -89.4      2   0.00    300      7  485.8  485.8  485.8
   50.0  20560  -65.1  -89.1      2   0.00     40      3  489.7  489.7  489.7
   49.0  20685  -64.5  -89.0      2   0.00    105      4  493.9  493.9  493.9
   47.0  20942  -63.3  -88.9      2   0.00    200      4  502.7  502.7  502.7
   44.5  21279  -61.7  -88.7      2   0.00     59      3  514.5  514.5  514.5
   44.0  21349  -61.7  -88.8      2   0.00     30      3  516.1  516.2  516.1
   42.0  21638  -61.7  -88.9      2   0.00      0      7  523.0  523.0  523.0
   40.0  21941  -61.8  -89.1      2   0.00     35      8  530.2  530.3  530.2
   37.0  22426  -61.8  -89.5      1   0.00     45     12  542.0  542.1  542.0
   33.2  23099  -61.9  -89.9      1   0.00     50     11  558.9  558.9  558.9
   33.0  23137  -61.8  -89.9      1   0.00     50     11  560.0  560.0  560.0
   30.0  23730  -60.9  -89.9      1   0.00    100      7  578.0  578.1  578.0
   27.0  24385  -60.3  -89.3      1   0.01     75      5  597.4  597.4  597.4
   26.0  24620  -60.1  -89.1      1   0.01     40      3  604.4  604.5  604.4
   25.0  24868  -59.1  -88.7      1   0.01    300      4  614.0  614.0  614.0
   24.0  25127  -58.1  -88.4      1   0.01    285      1  624.1  624.1  624.1
   23.0  25396  -57.1  -88.0      1   0.01    205      6  634.8  634.8  634.8
   21.0  25971  -54.9  -87.2      1   0.01    210     21  658.2  658.3  658.2
   20.0  26280  -53.7  -86.7      1   0.01    220     25  671.0  671.2  671.1
   18.0  26957  -52.1  -86.1      1   0.01    270     29  696.6  696.8  696.6
   16.0  27716  -52.1  -85.2      1   0.02    265     26  720.4  720.6  720.5
   14.0  28576  -52.1  -84.3      1   0.02    245     46  748.5  748.7  748.5
   13.7  28716  -52.1  -84.1      1   0.02    251     45  753.1  753.4  753.1
   13.0  29055  -51.3  -84.3      1   0.03    265     43  767.4  767.7  767.4
   12.4  29361  -50.5  -84.5      1   0.03    264     42  780.5  780.8  780.5
   10.0  30760  -49.7  -82.7      1   0.04    260     37  832.9  833.5  833.0
    9.0  31449  -49.9  -83.8      1   0.04    260     30  857.7  858.2  857.7
    8.9  31522  -49.9  -83.9      1   0.04                860.4  860.9  860.4
</PRE><H3>Station information and sounding indices</H3><PRE>
                             Station number: 76256
                           Observation time: 171222/1200
                           Station latitude: 27.95
                          Station longitude: -110.75
                          Station elevation: 12.0
                            Showalter index: 16.01
                               Lifted index: 21.11
    LIFT computed using virtual temperature: 21.08
                                SWEAT index: 69.00
                                    K index: -37.30
                         Cross totals index: -3.70
                      Vertical totals index: 22.30
                        Totals totals index: 18.60
      Convective Available Potential Energy: 0.00
             CAPE using virtual temperature: 0.00
                      Convective Inhibition: 0.00
             CINS using virtual temperature: 0.00
                     Bulk Richardson Number: 0.00
          Bulk Richardson Number using CAPV: 0.00
  Temp [K] of the Lifted Condensation Level: 257.93
Pres [hPa] of the Lifted Condensation Level: 703.63
     Mean mixed layer potential temperature: 285.19
              Mean mixed layer mixing ratio: 1.69
              1000 hPa to 500 hPa thickness: 5567.00
Precipitable water [mm] for entire sounding: 3.38
</PRE>
<H2>76256  Empalme, Son. Observations at 12Z 26 Dec 2017</H2>
<PRE>
-----------------------------------------------------------------------------
   PRES   HGHT   TEMP   DWPT   RELH   MIXR   DRCT   SKNT   THTA   THTE   THTV
    hPa     m      C      C      %    g/kg    deg   knot     K      K      K 
-----------------------------------------------------------------------------
 1015.0     12   13.4    4.4     54   5.19    320      1  285.3  300.1  286.2
 1014.0     21   13.8    0.8     41   4.02    320      1  285.8  297.4  286.5
 1008.0     72   18.8   -2.2     24   3.24    320      3  291.3  301.0  291.9
 1005.0     99   20.8   -2.2     21   3.25    320      4  293.5  303.4  294.1
 1002.0    125   21.8   -3.2     19   3.03    320      5  294.8  304.1  295.3
 1000.0    143   22.2   -3.8     17   2.90    320      6  295.4  304.3  295.9
  969.0    412   21.4   -5.6     16   2.61    314      9  297.2  305.4  297.7
  925.0    810   22.0   -3.0     19   3.33    305     13  301.8  312.2  302.4
  916.0    895   21.8   -7.2     14   2.44    300     11  302.5  310.3  302.9
  903.0   1018   21.6  -13.4      8   1.51    299     10  303.5  308.5  303.8
  854.0   1498   18.3   -2.9     24   3.64    295      4  304.9  316.4  305.5
  850.0   1538   18.0   -2.0     26   3.90    290      3  305.0  317.3  305.7
  828.0   1762   16.0    3.0     42   5.77    260      5  305.2  323.0  306.2
  824.0   1803   15.7    3.0     42   5.78    255      5  305.3  323.1  306.4
  795.0   2107   13.6    2.6     47   5.84    275      7  306.2  324.3  307.3
  768.0   2397   11.4   -1.3     41   4.54    295      9  306.8  321.1  307.7
  749.0   2607    9.8   -4.2     37   3.76    285      8  307.3  319.3  308.0
  735.0   2764    9.6  -19.4     11   1.13    277      7  308.8  312.6  309.0
  714.0   3004    8.1  -17.4     15   1.38    265      6  309.6  314.3  309.9
  700.0   3168    7.0  -16.0     18   1.58    275      6  310.2  315.5  310.5
  689.0   3298    5.8  -13.2     24   2.02    285      5  310.3  317.0  310.7
  664.0   3597    3.9  -18.5     18   1.35    345      5  311.4  316.0  311.7
  638.0   3921    1.8  -24.2     13   0.85    310     15  312.6  315.6  312.8
  623.0   4113    1.6  -13.4     32   2.19    289     21  314.5  321.9  314.9
  617.0   4190    1.3  -15.6     27   1.86    280     23  315.1  321.4  315.4
  607.0   4322    0.8  -19.2     21   1.39    276     22  315.9  320.8  316.2
  605.0   4348    1.2  -18.8     21   1.44    275     22  316.7  321.7  317.0
  604.0   4362    1.2  -12.8     34   2.38    274     22  316.9  324.9  317.3
  596.0   4469    1.0  -23.0     15   1.01    271     21  317.8  321.4  318.0
  550.0   5105   -3.9  -27.9     14   0.70    250     16  319.4  321.9  319.5
  531.0   5383   -6.1  -30.1     13   0.59    254     18  320.0  322.2  320.1
  500.0   5850   -9.9  -28.9     20   0.71    260     21  320.9  323.5  321.0
  485.0   6084  -11.7  -28.7     23   0.74    257     20  321.5  324.2  321.6
  475.0   6243  -12.5  -21.5     47   1.45    256     20  322.4  327.6  322.7
  471.0   6307  -12.9  -23.9     39   1.19    255     20  322.7  327.0  322.9
  467.0   6372  -13.3  -26.3     33   0.96    253     21  323.0  326.5  323.2
  456.0   6553  -14.9  -27.9     32   0.85    248     23  323.2  326.3  323.4
  446.0   6720  -16.3  -22.3     60   1.44    243     25  323.5  328.6  323.8
  429.0   7011  -17.9  -25.9     50   1.09    234     29  325.1  329.0  325.3
  411.0   7330  -19.9  -22.8     78   1.50    225     33  326.5  331.9  326.8
  402.0   7493  -21.2  -24.8     73   1.29    220     35  326.9  331.5  327.1
  400.0   7530  -21.5  -25.2     72   1.24    220     34  327.0  331.5  327.2
  349.0   8518  -27.7  -31.5     70   0.79    216     17  331.6  334.6  331.7
  340.0   8701  -29.2  -33.1     69   0.70    215     14  331.9  334.6  332.1
  312.0   9305  -34.4  -38.4     67   0.45    225     13  333.1  334.8  333.2
  300.0   9580  -36.7  -40.8     66   0.36    215     13  333.5  335.0  333.6
  287.0   9882  -39.4  -43.7     63   0.28    205     15  333.9  335.1  334.0
  257.0  10636  -46.1  -51.0     57   0.14    217     24  334.7  335.3  334.8
  250.0  10820  -47.3  -52.2     57   0.12    220     26  335.6  336.1  335.6
  240.0  11085  -49.3  -54.2     56   0.10    220     29  336.5  336.9  336.5
  211.0  11921  -55.7  -60.7     53   0.05    209     33  339.2  339.4  339.2
  200.0  12260  -58.3  -64.3     46   0.03    205     35  340.3  340.4  340.3
  189.0  12612  -60.8  -68.0     38   0.02    200     34  341.8  341.9  341.8
  182.0  12847  -62.5  -70.5     33   0.02    215     26  342.7  342.8  342.8
  180.0  12914  -62.8  -71.0     32   0.01    220     24  343.4  343.4  343.4
  172.0  13192  -64.0  -72.9     29   0.01    270     14  345.9  345.9  345.9
  164.0  13483  -65.2  -74.9     25   0.01    270     15  348.5  348.6  348.5
  161.0  13596  -65.7  -75.7     24   0.01    260     13  349.6  349.6  349.6
  156.0  13789  -63.3  -76.3     16   0.01    235     14  356.8  356.9  356.8
  150.0  14030  -62.1  -77.1     12   0.01    235     16  362.9  362.9  362.9
  122.0  15273  -66.5  -82.5      9   0.00    295      8  377.0  377.0  377.0
  110.0  15896  -68.7  -85.2      8   0.00    300     12  384.2  384.2  384.2
  100.0  16470  -70.7  -87.7      7   0.00    250      6  390.9  390.9  390.9
   95.0  16772  -71.9  -88.2      7   0.00    230      6  394.3  394.3  394.3
   90.0  17090  -73.1  -88.7      8   0.00    235     11  397.9  398.0  398.0
   86.0  17357  -74.2  -89.1      9   0.00    295      5  401.0  401.0  401.0
   81.0  17710  -75.6  -89.7     10   0.00     10      9  405.1  405.1  405.1
   80.6  17739  -75.7  -89.7     10   0.00     20      7  405.4  405.5  405.4
   77.0  18005  -75.4  -89.4     10   0.00    300      6  411.4  411.5  411.4
   73.0  18316  -75.0  -89.0     10   0.00    290      8  418.6  418.6  418.6
   70.0  18560  -74.7  -88.7     10   0.00    310     11  424.2  424.3  424.2
   67.6  18763  -74.7  -88.7     10   0.00    337     10  428.5  428.5  428.5
   66.0  18904  -73.1  -87.8      9   0.00    355     10  434.9  434.9  434.9
   63.3  19149  -70.3  -86.3      8   0.00     26     10  446.3  446.3  446.3
   63.0  19178  -70.2  -86.2      8   0.00     30     10  447.2  447.2  447.2
   60.0  19470  -68.9  -85.3      8   0.00    110      6  456.2  456.3  456.2
   54.0  20103  -66.2  -83.2      8   0.01     50      9  476.4  476.4  476.4
   53.7  20136  -66.1  -83.1      8   0.01     56      9  477.5  477.5  477.5
   51.0  20450  -65.7  -82.7      8   0.01    110     11  485.6  485.6  485.6
   50.0  20570  -65.5  -82.5      8   0.01    100     11  488.7  488.8  488.7
   47.0  20944  -67.1  -83.1      9   0.01     83     10  493.6  493.7  493.6
   44.0  21343  -65.8  -81.8      9   0.01     65      9  506.0  506.1  506.1
   43.2  21454  -65.5  -81.5      9   0.01     73      9  509.6  509.6  509.6
   42.0  21626  -63.2  -81.2      7   0.01     85      9  519.2  519.3  519.2
   41.4  21714  -62.1  -81.1      6   0.01     85      9  524.2  524.3  524.2
   37.0  22410  -61.4  -79.3      8   0.02     85     13  543.2  543.4  543.2
   35.0  22754  -61.0  -78.4      8   0.02    100     12  552.8  553.0  552.9
   33.0  23119  -60.6  -77.4      9   0.03     90     10  563.2  563.5  563.2
   32.0  23310  -60.4  -76.9     10   0.03     55      4  568.7  569.0  568.7
   30.4  23628  -60.1  -76.1     11   0.04     79      6  578.0  578.4  578.0
   30.0  23710  -59.9  -76.9      9   0.04     85      6  580.8  581.1  580.8
   29.0  23922  -58.2  -75.9      9   0.04     95      8  591.1  591.5  591.1
   28.6  24009  -57.5  -75.5      8   0.05     90      9  595.4  595.8  595.4
   26.0  24609  -57.6  -75.1      9   0.06     55     16  611.5  612.0  611.5
   21.0  25953  -57.9  -74.1     11   0.08     75     18  649.3  650.0  649.3
   20.0  26260  -57.9  -73.9     11   0.09     80     17  658.2  659.0  658.2
   19.8  26323  -58.3  -74.3     11   0.08     91     18  658.9  659.6  658.9
   19.0  26584  -57.1  -73.1     11   0.10    135     21  670.5  671.4  670.5
   18.5  26752  -56.3  -72.3     12   0.12                678.0  679.2  678.1
</PRE><H3>Station information and sounding indices</H3><PRE>
                             Station number: 76256
                           Observation time: 171226/1200
                           Station latitude: 27.95
                          Station longitude: -110.75
                          Station elevation: 12.0
                            Showalter index: 8.10
                               Lifted index: 16.28
    LIFT computed using virtual temperature: 16.26
                                SWEAT index: 26.98
                                    K index: 2.90
                         Cross totals index: 7.90
                      Vertical totals index: 27.90
                        Totals totals index: 35.80
      Convective Available Potential Energy: 0.00
             CAPE using virtual temperature: 0.00
                      Convective Inhibition: 0.00
             CINS using virtual temperature: 0.00
                     Bulk Richardson Number: 0.00
          Bulk Richardson Number using CAPV: 0.00
  Temp [K] of the Lifted Condensation Level: 264.26
Pres [hPa] of the Lifted Condensation Level: 678.75
     Mean mixed layer potential temperature: 295.22
              Mean mixed layer mixing ratio: 2.92
              1000 hPa to 500 hPa thickness: 5707.00
Precipitable water [mm] for entire sounding: 15.29
</PRE>
<H2>76256  Empalme, Son. Observations at 12Z 27 Dec 2017</H2>
<PRE>
-----------------------------------------------------------------------------
   PRES   HGHT   TEMP   DWPT   RELH   MIXR   DRCT   SKNT   THTA   THTE   THTV
    hPa     m      C      C      %    g/kg    deg   knot     K      K      K 
-----------------------------------------------------------------------------
 1016.0     12   18.2    6.2     45   5.88    350      4  290.0  307.1  291.1
 1007.0     91   18.0    6.0     45   5.85    339      8  290.6  307.6  291.6
 1003.0    126   18.2    6.2     45   5.96    334     10  291.1  308.4  292.1
 1001.0    144   18.8    5.8     43   5.81    331     11  291.9  308.8  292.9
 1000.0    153   18.8    5.8     43   5.81    330     11  291.9  308.9  293.0
  997.0    179   20.8    3.8     33   5.07    330     11  294.2  309.2  295.1
  995.0    196   21.8    2.8     29   4.73    330     11  295.4  309.5  296.2
  979.0    337   23.2   -3.8     16   2.96    332     10  298.1  307.4  298.7
  950.0    598   22.6   -5.7     15   2.64    335      9  300.1  308.4  300.6
  934.0    746   22.2   -6.8     14   2.47    306      7  301.2  309.0  301.6
  925.0    830   21.6    0.6     25   4.34    290      6  301.4  314.8  302.2
  917.0    905   21.0    2.2     29   4.91    285      8  301.5  316.6  302.4
  889.0   1171   18.8    7.8     49   7.52    262      5  301.9  324.6  303.3
  886.0   1200   18.6    7.7     49   7.48    260      5  302.0  324.6  303.4
  855.0   1504   16.5    6.4     51   7.10    255      3  302.9  324.5  304.2
  850.0   1554   16.2    6.2     52   7.04    235      3  303.1  324.5  304.4
  826.0   1795   14.8    2.9     45   5.72    220      6  304.1  321.7  305.2
  802.0   2043   13.4   -0.6     38   4.59    220      8  305.2  319.5  306.0
  796.0   2106   12.9   -0.1     41   4.81    220      8  305.4  320.3  306.2
  769.0   2393   10.8    2.4     56   5.96    245      8  306.0  324.5  307.1
  767.0   2415   10.6    2.6     58   6.05    245      8  306.1  324.8  307.2
  741.0   2700    9.4   -1.9     45   4.51    240      8  307.8  322.1  308.7
  728.0   2846    8.8   -4.2     40   3.87    252      8  308.7  321.1  309.4
  716.0   2983    7.6   -1.4     53   4.85    264      8  308.9  324.2  309.8
  715.0   2994    7.6   -2.2     50   4.58    265      8  309.0  323.5  309.9
  707.0   3087    7.6   -8.4     31   2.88    257      7  310.0  319.4  310.5
  700.0   3168    7.6  -11.4     25   2.30    250      7  310.9  318.5  311.3
  689.0   3297    6.6  -11.8     25   2.25    235      7  311.2  318.6  311.6
  643.0   3860    2.2  -13.8     30   2.06    249      7  312.4  319.3  312.8
  640.0   3898    1.8  -11.7     36   2.46    250      7  312.3  320.5  312.8
  636.0   3949    1.2   -8.8     47   3.11    246      6  312.2  322.4  312.8
  617.0   4192   -0.7  -13.2     38   2.26    225      4  312.8  320.3  313.2
  613.0   4244   -1.1  -14.1     37   2.11    231      5  312.9  319.9  313.3
  595.0   4480   -3.3  -10.3     58   2.95    258      7  313.0  322.7  313.6
  594.0   4494   -3.4  -10.3     59   2.96    260      7  313.0  322.8  313.6
  571.0   4804   -6.2   -9.8     76   3.21    265      9  313.3  323.8  313.9
  564.0   4901   -7.1   -9.6     82   3.29    258     10  313.4  324.1  314.0
  534.0   5325   -9.5  -19.5     44   1.54    226     13  315.4  320.7  315.7
  529.0   5398  -10.1  -20.1     44   1.48    220     14  315.6  320.7  315.9
  506.0   5739  -12.7  -22.7     43   1.23    220     13  316.4  320.7  316.6
  500.0   5830  -13.3  -20.3     56   1.53    220     13  316.8  322.1  317.1
  493.0   5938  -14.3  -19.3     66   1.69    221     13  316.8  322.6  317.1
  476.0   6204  -16.3  -21.3     65   1.48    224     12  317.5  322.7  317.8
  472.0   6267  -16.7  -19.9     76   1.68    225     12  317.8  323.6  318.1
  470.0   6299  -16.9  -20.8     72   1.57    225     12  318.0  323.4  318.3
  461.0   6445  -17.7  -24.7     54   1.13    231     14  318.7  322.7  318.9
  459.0   6478  -17.7  -20.6     78   1.63    232     15  319.1  324.8  319.4
  434.0   6895  -20.0  -22.1     83   1.51    250     21  321.4  326.7  321.7
  420.0   7140  -21.3  -23.0     86   1.44    244     25  322.7  327.8  323.0
  417.0   7193  -21.1  -29.1     49   0.83    243     25  323.6  326.7  323.8
  404.0   7427  -22.9  -30.9     48   0.72    237     29  324.2  326.9  324.4
  400.0   7500  -23.5  -28.4     64   0.93    235     30  324.4  327.8  324.5
  397.0   7555  -23.9  -27.7     71   0.99    234     31  324.5  328.2  324.7
  353.0   8383  -30.8  -34.5     70   0.59    225     39  326.4  328.6  326.5
  300.0   9530  -40.3  -43.8     69   0.26    225     40  328.4  329.5  328.5
  265.0  10366  -47.7  -52.1     60   0.12    215     37  329.5  330.0  329.5
  250.0  10750  -50.5  -55.2     57   0.09    210     36  330.9  331.2  330.9
  237.0  11096  -52.2  -57.7     51   0.07    210     39  333.4  333.7  333.4
  229.0  11319  -53.3  -59.3     48   0.06    215     40  335.0  335.2  335.0
  200.0  12190  -53.9  -63.9     28   0.04    240     28  347.2  347.4  347.3
  192.0  12452  -54.1  -67.1     19   0.02    250     23  351.0  351.1  351.0
  188.0  12585  -54.7  -68.3     17   0.02    255     21  352.2  352.3  352.2
  179.0  12894  -56.0  -71.0     14   0.01    250     17  354.9  355.0  354.9
  171.0  13183  -57.3  -73.6     11   0.01    280     13  357.5  357.6  357.5
  150.0  14010  -60.9  -80.9      6   0.00    305     14  365.0  365.0  365.0
  148.0  14091  -61.3  -81.2      6   0.00    310     15  365.8  365.8  365.8
  122.0  15258  -66.4  -85.4      5   0.00    280     17  377.1  377.1  377.1
  116.0  15563  -67.8  -86.5      5   0.00    280     14  380.1  380.1  380.1
  110.0  15884  -69.2  -87.6      5   0.00    255     12  383.3  383.3  383.3
  100.0  16460  -71.7  -89.7      5   0.00    265     13  388.9  388.9  388.9
   95.0  16761  -72.9  -89.7      6   0.00    285     12  392.3  392.3  392.3
   88.1  17203  -74.7  -89.7      8   0.00    270     11  397.3  397.3  397.3
   85.0  17413  -74.4  -89.4      8   0.00    270     12  402.1  402.1  402.1
   81.0  17695  -73.9  -88.9      9   0.00    295      9  408.6  408.6  408.6
   77.0  17992  -73.4  -88.4      9   0.00    255     12  415.5  415.6  415.5
   70.0  18550  -72.5  -87.5      9   0.00    330     12  428.9  429.0  429.0
   69.0  18634  -72.6  -87.6      9   0.00    335     12  430.4  430.5  430.4
   67.0  18807  -72.9  -87.9      9   0.00    325     10  433.5  433.5  433.5
   66.0  18895  -72.7  -87.7      9   0.00    320      9  435.8  435.8  435.8
   63.0  19168  -72.1  -87.1      9   0.00    270      7  442.9  442.9  442.9
   60.0  19455  -71.5  -86.5      9   0.00     45      6  450.5  450.5  450.5
   59.9  19465  -71.5  -86.5      9   0.00     49      6  450.7  450.7  450.7
   57.0  19762  -69.2  -85.4      8   0.00    170      6  462.2  462.3  462.2
   54.0  20085  -66.8  -84.2      7   0.01    180      3  475.1  475.1  475.1
   52.7  20231  -65.7  -83.7      7   0.01    169      4  481.0  481.0  481.0
   51.0  20430  -65.5  -83.5      7   0.01    155      5  486.1  486.1  486.1
   50.0  20550  -65.3  -83.3      7   0.01    110      5  489.2  489.2  489.2
   49.0  20674  -64.9  -83.0      7   0.01    100      7  493.0  493.0  493.0
   42.0  21619  -61.9  -80.7      6   0.01    100     11  522.7  522.8  522.7
   40.8  21797  -61.3  -80.3      6   0.02     82     12  528.4  528.5  528.4
   40.0  21920  -61.3  -80.2      7   0.02     70     13  531.4  531.5  531.4
   38.0  22237  -61.4  -79.9      7   0.02     75     12  539.1  539.3  539.2
   36.0  22572  -61.4  -79.6      7   0.02     50     11  547.5  547.6  547.5
   35.0  22746  -61.4  -79.4      7   0.02     55     18  551.8  552.0  551.8
   33.0  23110  -61.4  -79.1      8   0.02     80     15  561.1  561.3  561.1
   32.0  23301  -61.5  -78.9      8   0.03     80     14  566.0  566.2  566.0
   30.0  23700  -61.5  -78.5      9   0.03     50     17  576.4  576.6  576.4
   29.3  23846  -61.5  -78.5      9   0.03     50     16  580.3  580.5  580.3
   26.0  24594  -59.0  -76.6      9   0.04     50     13  607.7  608.1  607.7
   24.3  25017  -57.5  -75.5      8   0.06     61     16  623.7  624.2  623.8
   23.0  25365  -57.3  -75.3      8   0.06     70     19  634.3  634.8  634.3
   22.0  25647  -57.1  -75.1      8   0.07     70     16  642.9  643.5  643.0
   21.0  25941  -56.9  -74.9      9   0.07    115     15  652.1  652.8  652.1
   20.0  26250  -56.7  -74.7      9   0.08    125     17  661.9  662.6  661.9
   18.0  26916  -57.2  -75.2      8   0.08    125      6  680.5  681.3  680.6
   16.2  27582  -57.7  -75.7      8   0.08    107      6  699.7  700.5  699.7
   16.0  27660  -57.7  -75.9      8   0.08    105      6  702.3  703.1  702.3
   15.0  28068  -57.5  -77.1      7   0.07    115      5  715.8  716.5  715.8
   14.7  28195  -57.5  -77.5      6   0.07     89      7  720.1  720.8  720.1
   14.0  28506  -55.6  -77.7      5   0.07     25     11  736.6  737.3  736.6
   13.4  28785  -53.9  -77.9      4   0.07      7      9  751.7  752.5  751.8
   13.0  28979  -54.0  -78.5      3   0.07    355      8  758.0  758.7  758.0
   12.0  29492  -54.2  -80.2      3   0.05    320     12  774.8  775.4  774.8
   11.0  30049  -54.4  -81.9      2   0.04    320     10  793.4  793.9  793.4
   10.7  30227  -54.5  -82.5      2   0.04                799.4  799.9  799.5
   10.6  30287  -54.5                                     801.6         801.6
</PRE><H3>Station information and sounding indices</H3><PRE>
                             Station number: 76256
                           Observation time: 171227/1200
                           Station latitude: 27.95
                          Station longitude: -110.75
                          Station elevation: 12.0
                            Showalter index: 0.77
                               Lifted index: 10.60
    LIFT computed using virtual temperature: 10.68
                                SWEAT index: 93.38
                                    K index: 16.70
                         Cross totals index: 19.50
                      Vertical totals index: 29.50
                        Totals totals index: 49.00
      Convective Available Potential Energy: 0.00
             CAPE using virtual temperature: 0.00
                      Convective Inhibition: 0.00
             CINS using virtual temperature: 0.00
                     Bulk Richardson Number: 0.00
          Bulk Richardson Number using CAPV: 0.00
  Temp [K] of the Lifted Condensation Level: 269.31
Pres [hPa] of the Lifted Condensation Level: 723.03
     Mean mixed layer potential temperature: 295.48
              Mean mixed layer mixing ratio: 4.20
              1000 hPa to 500 hPa thickness: 5677.00
Precipitable water [mm] for entire sounding: 23.09
</PRE>
<H2>76256  Empalme, Son. Observations at 12Z 28 Dec 2017</H2>
<PRE>
-----------------------------------------------------------------------------
   PRES   HGHT   TEMP   DWPT   RELH   MIXR   DRCT   SKNT   THTA   THTE   THTV
    hPa     m      C      C      %    g/kg    deg   knot     K      K      K 
-----------------------------------------------------------------------------
 1016.0     12   18.6    7.6     49   6.48    290      6  290.4  309.2  291.6
 1000.0    151   20.4    6.4     40   6.06    320     12  293.6  311.4  294.6
  983.0    300   24.0    0.6     21   4.07    335     10  298.6  311.1  299.3
  982.0    308   24.2    0.2     21   3.97    335     10  298.9  311.1  299.6
  949.0    605   22.6   -9.2     11   2.02    350      5  300.2  306.7  300.6
  940.0    688   22.2  -11.8      9   1.66    331      5  300.6  306.0  300.9
  925.0    827   21.8  -14.2      8   1.38    300      5  301.6  306.1  301.9
  917.0    902   21.2  -12.7      9   1.58    295      5  301.7  306.8  302.0
  910.0    968   20.6  -11.4     11   1.77    288      6  301.8  307.5  302.1
  898.0   1082   19.8    4.8     37   6.04    277      6  302.1  320.5  303.2
  855.0   1503   17.8    4.6     42   6.27    235     10  304.3  323.5  305.5
  850.0   1553   17.6    4.6     42   6.29    235     10  304.6  323.9  305.7
  846.0   1593   17.6    3.6     39   5.89    234     10  305.0  323.1  306.1
  826.0   1794   16.0    2.8     41   5.69    230      7  305.4  323.0  306.4
  797.0   2094   13.6    1.5     44   5.39    175      6  306.0  322.7  307.0
  770.0   2383   11.3    0.3     47   5.11    195      7  306.6  322.5  307.5
  716.0   2993    6.5   -2.2     54   4.56    160     11  307.7  322.1  308.5
  700.0   3183    5.0   -3.0     56   4.40    175     11  308.0  321.9  308.8
  680.0   3418    3.0   -5.0     56   3.90    188     13  308.3  320.7  309.1
  675.0   3478    2.6   -6.4     52   3.53    191     13  308.5  319.8  309.2
  667.0   3574    1.8   -1.5     79   5.17    197     14  308.7  324.9  309.6
  642.0   3880   -0.5   -0.7     99   5.70    214     16  309.4  327.3  310.5
  640.0   3905   -0.6   -0.9     98   5.62    215     16  309.6  327.2  310.6
  591.0   4537   -3.9   -6.7     81   3.94    223     16  312.9  325.7  313.6
  533.0   5341  -10.5  -11.8     90   2.92    234     17  314.4  324.1  314.9
  529.0   5399  -10.8  -12.5     87   2.77    235     17  314.7  323.9  315.2
  500.0   5830  -13.1  -18.1     66   1.85    255     22  317.0  323.4  317.4
  499.0   5845  -13.1  -19.1     61   1.70    255     22  317.2  323.1  317.5
  489.0   5999  -14.3  -19.5     65   1.67    255     24  317.6  323.3  317.9
  476.0   6203  -15.9  -20.1     70   1.64    255     25  318.0  323.7  318.4
  417.0   7182  -23.2  -32.6     42   0.60    255     27  320.9  323.1  321.0
  400.0   7490  -25.5  -36.5     35   0.42    265     24  321.8  323.4  321.9
  360.0   8242  -31.5  -47.5     19   0.15    253     30  323.6  324.1  323.6
  352.0   8398  -32.9  -48.6     19   0.13    250     31  323.8  324.4  323.9
  327.0   8911  -37.3  -52.3     19   0.09    255     40  324.6  325.0  324.6
  300.0   9500  -40.5  -59.5     11   0.04    260     51  328.2  328.4  328.2
  268.0  10266  -44.9  -62.9     12   0.03    254     60  332.5  332.6  332.5
  250.0  10730  -48.7  -66.7     11   0.02    250     66  333.5  333.6  333.5
  236.0  11102  -50.6  -68.6     10   0.02    250     66  336.2  336.3  336.2
  200.0  12170  -56.1  -74.1      9   0.01    240     47  343.8  343.8  343.8
  194.0  12363  -57.1  -75.1      8   0.01    245     47  345.2  345.2  345.2
  187.0  12596  -56.5  -76.2      7   0.01    250     47  349.9  349.9  349.9
  175.0  13017  -55.3  -78.3      4   0.01    261     44  358.4  358.5  358.4
  150.0  13990  -59.1  -83.1      3   0.00    285     36  368.1  368.1  368.1
  147.0  14112  -59.8  -83.5      3   0.00    285     34  369.1  369.1  369.1
  134.0  14672  -62.8  -85.4      3   0.00    275     32  373.6  373.6  373.6
  115.0  15596  -67.8  -88.5      4   0.00    320     34  381.0  381.1  381.0
  100.0  16440  -72.3  -91.3      4   0.00    305     22  387.8  387.8  387.8
   95.7  16698  -73.7  -92.7      4   0.00    300     22  389.9  389.9  389.9
   85.0  17393  -73.6  -91.5      5   0.00    285     17  403.5  403.5  403.5
   70.0  18530  -73.5  -89.5      7   0.00    305     18  426.8  426.8  426.8
   69.0  18614  -73.9  -89.9      7   0.00    306     17  427.7  427.7  427.7
   66.0  18876  -73.2  -89.8      7   0.00    310     14  434.6  434.6  434.6
   59.0  19535  -71.6  -89.5      5   0.00      0      8  452.5  452.5  452.5
   57.0  19738  -71.1  -89.4      5   0.00    115      6  458.1  458.1  458.1
   54.1  20045  -70.3  -89.3      5   0.00    274      4  466.8  466.8  466.8
   54.0  20056  -70.2  -89.2      5   0.00    280      4  467.4  467.4  467.4
   51.0  20400  -65.8  -87.6      3   0.00    355     13  485.3  485.3  485.3
   50.8  20423  -65.5  -87.5      3   0.00    357     13  486.5  486.5  486.5
   50.0  20520  -64.7  -87.7      3   0.00      5     13  490.6  490.6  490.6
   49.0  20645  -64.5  -87.7      3   0.00     20     15  494.0  494.0  494.0
   44.0  21311  -63.3  -87.5      2   0.00     60     13  512.3  512.3  512.3
   40.0  21900  -62.2  -87.4      2   0.00     70     11  529.0  529.1  529.0
   38.0  22218  -61.7  -87.4      2   0.01     45     10  538.3  538.3  538.3
   36.0  22552  -61.1  -87.3      2   0.01     70      7  548.2  548.2  548.2
   35.0  22726  -60.8  -87.3      2   0.01    130      8  553.4  553.5  553.4
   33.0  23090  -60.1  -87.2      2   0.01    140     10  564.5  564.6  564.5
   30.0  23680  -59.1  -87.1      2   0.01     80      8  582.9  583.0  582.9
   29.0  23893  -58.5  -86.8      1   0.01     55     12  590.3  590.4  590.3
   27.2  24296  -57.3  -86.3      1   0.01     77     12  604.5  604.6  604.5
   27.0  24342  -57.3  -86.3      1   0.01     80     12  605.7  605.8  605.7
   26.0  24580  -57.5  -86.4      1   0.01     90     20  611.8  611.9  611.8
   23.0  25351  -58.1  -86.5      1   0.01     60     16  632.0  632.1  632.0
   20.0  26230  -58.7  -86.7      2   0.01    120      9  655.8  655.9  655.8
   19.4  26421  -58.9  -86.9      2   0.01    126      7  660.9  661.0  660.9
   19.0  26552  -58.4  -86.8      1   0.01    130      6  666.4  666.5  666.4
   18.0  26893  -57.1  -86.7      1   0.01     80      3  680.8  681.0  680.8
   17.7  26999  -56.7  -86.7      1   0.01     48      4  685.4  685.5  685.4
   17.0  27254  -56.8  -86.6      1   0.01    330      6  693.0  693.2  693.0
   14.0  28482  -57.2  -86.2      1   0.02    345     18  731.1  731.3  731.1
   13.0  28950  -57.4  -86.0      2   0.02      5     21  746.1  746.4  746.1
   12.0  29456  -57.6  -85.8      2   0.02     10     21  762.8  763.0  762.8
   11.4  29780  -57.7  -85.7      2   0.02    352     33  773.6  773.9  773.6
   11.0                                       340     42                     
</PRE><H3>Station information and sounding indices</H3><PRE>
                             Station number: 76256
                           Observation time: 171228/1200
                           Station latitude: 27.95
                          Station longitude: -110.75
                          Station elevation: 12.0
                            Showalter index: 1.28
                               Lifted index: 9.48
    LIFT computed using virtual temperature: 9.58
                                SWEAT index: 97.22
                                    K index: 27.30
                         Cross totals index: 17.70
                      Vertical totals index: 30.70
                        Totals totals index: 48.40
      Convective Available Potential Energy: 0.00
             CAPE using virtual temperature: 0.00
                      Convective Inhibition: 0.00
             CINS using virtual temperature: 0.00
                     Bulk Richardson Number: 0.00
          Bulk Richardson Number using CAPV: 0.00
  Temp [K] of the Lifted Condensation Level: 270.78
Pres [hPa] of the Lifted Condensation Level: 730.01
     Mean mixed layer potential temperature: 296.29
              Mean mixed layer mixing ratio: 4.66
              1000 hPa to 500 hPa thickness: 5679.00
Precipitable water [mm] for entire sounding: 24.48
</PRE>
<H2>76256  Empalme, Son. Observations at 12Z 29 Dec 2017</H2>
<PRE>
-----------------------------------------------------------------------------
   PRES   HGHT   TEMP   DWPT   RELH   MIXR   DRCT   SKNT   THTA   THTE   THTV
    hPa     m      C      C      %    g/kg    deg   knot     K      K      K 
-----------------------------------------------------------------------------
 1014.0     12   16.0    7.0     55   6.23    295      3  288.0  305.9  289.1
 1003.0    110   19.6    7.6     46   6.57    315      5  292.5  311.6  293.7
 1000.0    137   20.2    7.2     43   6.41    320      5  293.4  312.1  294.5
  981.0    304   22.4    4.9     32   5.55    335      6  297.2  313.8  298.2
  963.0    466   24.6    2.6     24   4.81    354      5  301.0  315.7  301.9
  955.0    539   25.2    2.2     22   4.72      2      5  302.3  316.9  303.2
  948.0    604   24.9    1.9     22   4.64     10      5  302.6  317.0  303.5
  925.0    819   23.8    0.8     22   4.40     15      9  303.6  317.4  304.4
  856.0   1486   19.6   -0.4     26   4.36     38      5  306.1  319.8  306.9
  850.0   1546   19.2   -0.8     26   4.26     40      5  306.2  319.7  307.0
  804.0   2020   14.8    0.8     39   5.07     53      3  306.5  322.3  307.4
  796.0   2104   14.2   -2.3     32   4.08     55      3  306.7  319.6  307.5
  779.0   2286   13.0   -9.0     21   2.50     22      2  307.3  315.4  307.8
  768.0   2405   11.9   -2.6     36   4.14      0      1  307.4  320.5  308.1
  763.0   2460   11.4    0.4     47   5.19    330      2  307.4  323.7  308.4
  742.0   2691    9.7   -0.7     48   4.92    200      5  308.0  323.5  308.9
  700.0   3173    6.0   -3.0     52   4.40    190     10  309.1  323.1  309.9
  640.0   3897    0.5   -6.6     59   3.66    180      7  310.8  322.6  311.5
  608.0   4312   -2.7   -8.7     63   3.28    208      6  311.8  322.4  312.4
  594.0   4497   -3.6  -14.0     44   2.19    220      6  312.8  320.1  313.2
  586.0   4604   -4.1  -17.1     36   1.72    230      6  313.4  319.3  313.8
  571.0   4808   -5.0  -19.9     30   1.39    250      5  314.7  319.5  314.9
  554.0   5046   -6.1  -23.1     25   1.08    238      6  316.1  319.9  316.3
  550.0   5102   -6.6  -22.9     26   1.11    235      6  316.2  320.1  316.4
  529.0   5405   -9.3  -21.6     36   1.29    245      3  316.5  321.0  316.7
  517.0   5583  -10.9  -20.9     44   1.41    239      4  316.6  321.5  316.9
  500.0   5840  -12.5  -23.5     39   1.16    230      6  317.7  321.8  318.0
  490.0   5993  -13.2  -26.1     33   0.93    230      6  318.6  322.0  318.8
  479.0   6165  -14.1  -29.1     27   0.72    260      7  319.7  322.3  319.8
  470.0   6308  -15.3  -30.8     25   0.63    285      8  320.0  322.3  320.1
  443.0   6751  -18.9  -35.9     21   0.41    275     15  320.8  322.4  320.9
  417.0   7195  -22.2  -32.7     38   0.59    265     22  322.2  324.4  322.3
  400.0   7500  -24.5  -30.5     58   0.76    260     26  323.1  325.9  323.2
  397.0   7555  -25.1  -31.1     57   0.72    260     26  323.0  325.6  323.1
  371.0   8044  -28.9  -40.9     31   0.29    263     30  324.2  325.4  324.3
  340.0   8663  -33.7  -38.7     61   0.40    266     34  325.9  327.4  326.0
  319.0   9108  -36.7  -48.7     28   0.14    269     37  327.7  328.3  327.8
  310.0   9304  -38.5  -50.5     27   0.12    270     38  327.9  328.4  328.0
  300.0   9530  -40.5  -52.5     26   0.10    265     39  328.2  328.6  328.2
  251.0  10724  -49.7  -54.7     56   0.09    250     67  331.7  332.1  331.7
  250.0  10750  -50.1  -55.0     56   0.09    250     68  331.4  331.8  331.5
  237.0  11094  -52.6  -58.5     49   0.06    250     67  332.8  333.0  332.8
  222.0  11516  -55.7  -62.7     41   0.04    262     57  334.3  334.4  334.3
  217.0  11662  -54.9  -67.9     18   0.02    266     54  337.7  337.8  337.7
  206.0  11992  -56.6  -71.5     14   0.01    275     46  340.2  340.2  340.2
  200.0  12180  -57.5  -73.5     11   0.01    270     45  341.6  341.6  341.6
  188.0  12570  -58.9  -75.9      9   0.01    259     46  345.4  345.4  345.4
  178.0  12917  -56.1  -77.3      5   0.01    250     46  355.4  355.5  355.4
  174.0  13061  -54.9  -77.9      4   0.01    254     44  359.7  359.7  359.7
  155.0  13792  -58.6  -82.4      3   0.00    275     35  365.4  365.4  365.4
  150.0  14000  -59.7  -83.7      3   0.00    265     33  367.0  367.0  367.0
  134.0  14682  -63.4  -86.0      3   0.00    260     39  372.4  372.4  372.4
  110.0  15874  -70.0  -90.1      4   0.00    280     35  381.8  381.8  381.8
  100.0  16450  -73.1  -92.1      4   0.00    285     31  386.2  386.2  386.2
   94.0  16813  -74.0  -92.4      5   0.00    285     24  391.4  391.4  391.4
   90.8  17016  -74.5  -92.5      5   0.00    295     23  394.3  394.3  394.3
   81.0  17689  -72.8  -90.8      5   0.00    310     19  410.8  410.8  410.8
   77.0  17988  -72.1  -90.1      5   0.00    295     15  418.3  418.3  418.3
   70.0  18550  -70.7  -88.7      6   0.00    345      6  432.8  432.8  432.8
   69.0  18635  -70.3  -88.3      6   0.00    345      5  435.4  435.4  435.4
   68.9  18644  -70.3  -88.3      6   0.00    343      5  435.6  435.6  435.6
   66.0  18898  -70.3  -88.5      5   0.00    290      5  440.9  440.9  440.9
   63.0  19174  -70.4  -88.8      5   0.00     30      5  446.7  446.8  446.7
   60.0  19463  -70.4  -89.0      5   0.00      0      0  452.9  452.9  452.9
   57.0  19766  -70.5  -89.3      5   0.00    190      2  459.5  459.5  459.5
   55.3  19946  -70.5  -89.5      5   0.00    235      3  463.4  463.4  463.4
   54.0  20088  -69.2  -89.2      4   0.00    270      4  469.6  469.6  469.6
   50.3  20514  -65.3  -88.3      3   0.00    330     12  488.4  488.4  488.4
   50.0  20550  -65.1  -88.1      3   0.00    335     13  489.7  489.7  489.7
   49.0  20674  -64.9  -88.2      3   0.00    350     11  493.0  493.0  493.0
   46.0  21060  -64.3  -88.3      2   0.00     70      4  503.5  503.5  503.5
   44.0  21332  -63.8  -88.4      2   0.00    115      5  511.0  511.0  511.0
   42.0  21617  -63.3  -88.5      2   0.00    110      3  519.0  519.0  519.0
   40.0  21915  -62.9  -88.7      2   0.00     75      5  527.5  527.6  527.5
   39.4  22008  -62.7  -88.7      2   0.00     88      5  530.2  530.2  530.2
   38.0  22232  -60.6  -88.1      2   0.00    120      4  540.9  541.0  540.9
   37.5  22314  -59.9  -87.9      1   0.00    108      5  544.9  544.9  544.9
   36.0  22567  -60.9  -87.8      2   0.00     70      7  548.8  548.9  548.8
   35.0  22742  -61.5  -87.7      2   0.01     75      4  551.6  551.6  551.6
   34.7  22796  -61.7  -87.7      2   0.01     68      4  552.4  552.5  552.4
   33.0  23108  -61.0  -87.7      2   0.01     25      6  562.2  562.3  562.2
   32.0  23299  -60.6  -87.7      2   0.01     45     10  568.3  568.4  568.3
   30.0  23700  -59.7  -87.7      1   0.01     40      9  581.3  581.4  581.3
   29.0  23913  -59.5  -87.6      1   0.01     40     10  587.6  587.6  587.6
   24.0  25103  -58.3  -86.8      1   0.01    130      8  623.7  623.8  623.7
   22.0  25651  -57.7  -86.5      1   0.01     45      5  641.1  641.2  641.1
   20.0  26250  -57.1  -86.1      1   0.01     15      8  660.6  660.8  660.7
   18.7  26677  -55.1  -86.1      1   0.01     15      7  679.7  679.8  679.7
   18.0  26921  -55.0  -86.0      1   0.01     15      7  687.4  687.5  687.4
   17.0  27287  -54.9  -85.9      1   0.01    340      2  699.0  699.2  699.0
   16.0  27675  -54.8  -85.8      1   0.02      0      1  711.6  711.8  711.6
   15.0  28087  -54.7  -85.7      1   0.02    280      6  725.2  725.4  725.2
   14.0  28529  -54.6  -85.6      1   0.02    340      4  740.1  740.3  740.1
   13.0  29003  -54.5  -85.5      1   0.02     40      4  756.4  756.6  756.4
   12.0  29515  -54.3  -85.3      1   0.02    255      6  774.4  774.6  774.4
   11.0  30072  -54.1  -85.2      1   0.03    290     12  794.4  794.7  794.4
   10.7  30249  -54.1  -85.1      1   0.03                800.9  801.2  800.9
</PRE><H3>Station information and sounding indices</H3><PRE>
                             Station number: 76256
                           Observation time: 171229/1200
                           Station latitude: 27.95
                          Station longitude: -110.75
                          Station elevation: 12.0
                            Showalter index: 4.15
                               Lifted index: 8.10
    LIFT computed using virtual temperature: 8.06
                                SWEAT index: 15.99
                                    K index: 21.90
                         Cross totals index: 11.70
                      Vertical totals index: 31.70
                        Totals totals index: 43.40
      Convective Available Potential Energy: 0.00
             CAPE using virtual temperature: 0.00
                      Convective Inhibition: 0.00
             CINS using virtual temperature: 0.00
                     Bulk Richardson Number: 0.00
          Bulk Richardson Number using CAPV: 0.00
  Temp [K] of the Lifted Condensation Level: 274.98
Pres [hPa] of the Lifted Condensation Level: 773.54
     Mean mixed layer potential temperature: 295.94
              Mean mixed layer mixing ratio: 5.72
              1000 hPa to 500 hPa thickness: 5703.00
Precipitable water [mm] for entire sounding: 21.34
</PRE>
<P>Description of the 
<A HREF="/upperair/columns.html">data columns</A>
or <A HREF="/upperair/indices.html">sounding indices</A>.

<P>
<FORM>
<INPUT CLASS="button" TYPE="button" VALUE=" Close this window " 
 onClick="window.close();">
<INPUT CLASS="button" TYPE="button" VALUE=" Select another map " 
 onClick="window.blur();">
</FORM>
<HR SIZE="1">
<I>Interested in graduate studies in atmospheric science?
Check out our program at the
<a href="http://www.uwyo.edu/atsc/howtoapply/"
target=_top>University of Wyoming
</a></I>
<HR SIZE="1"><FONT SIZE="-1">
Questions about the weather data provided by this site can be
addressed to <A HREF="mailto:ldoolman@uwyo.edu">
Larry Oolman (ldoolman@uwyo.edu)</A></FONT>
<HR SIZE="1">
<SCRIPT TYPE="text/javascript">
<!--
window.focus();
// -->
</SCRIPT>
</BODY>
</HTML>
