<HTML>
<TITLE>University of Wyoming - Radiosonde Data</TITLE>
<LINK REL="StyleSheet" HREF="/resources/select.css" TYPE="text/css">
<BODY BGCOLOR="white">
<H2>76256  Empalme, Son. Observations at 12Z 01 Jun 2017</H2>
<PRE>
-----------------------------------------------------------------------------
   PRES   HGHT   TEMP   DWPT   RELH   MIXR   DRCT   SKNT   THTA   THTE   THTV
    hPa     m      C      C      %    g/kg    deg   knot     K      K      K 
-----------------------------------------------------------------------------
 1007.0     12   22.0   20.4     91  15.23      0      3  294.6  338.3  297.2
 1000.0     78   22.2   21.0     93  15.93    115      8  295.4  341.2  298.2
  975.0    300   21.3   19.1     88  14.53    145     11  296.6  338.7  299.1
  973.0    318   21.2   19.0     87  14.42    145     11  296.7  338.5  299.2
  925.0    757   17.4   16.2     93  12.68    150     11  297.1  334.0  299.4
  921.0    794   16.6   15.1     91  11.85    149     11  296.6  331.1  298.8
  920.0    804   17.0   13.2     78  10.47    148     11  297.1  327.7  299.0
  919.0    813   17.6    8.6     56   7.68    148     11  297.9  320.6  299.2
  917.0    832   19.0    7.0     46   6.90    147     12  299.5  320.1  300.7
  910.0    898   19.8    6.5     42   6.71    145     12  300.9  321.1  302.1
  906.0    936   20.2    6.2     40   6.60    147     12  301.7  321.7  302.9
  856.0   1424   17.2   -1.8     27   3.93    167      8  303.5  315.8  304.3
  850.0   1484   17.0   -4.0     24   3.36    170      8  303.9  314.6  304.6
  819.0   1797   16.3  -14.2     11   1.56    165     12  306.4  311.6  306.7
  792.0   2080   15.6  -23.4      5   0.74    179     16  308.6  311.2  308.8
  763.0   2391   13.9  -26.0      5   0.61    195     20  310.1  312.3  310.2
  700.0   3108   10.0  -32.0      3   0.38    200     17  313.5  314.9  313.6
  670.0   3469    8.2  -29.8      5   0.48    206     18  315.5  317.2  315.6
  610.0   4234    3.4  -11.6     32   2.59    220     19  318.5  327.3  319.0
  591.0   4486    1.7  -14.1     30   2.19    225     19  319.5  327.0  319.9
  548.0   5087   -2.2  -20.0     24   1.44    220     16  321.7  326.8  322.0
  521.0   5489   -4.9  -23.9     21   1.07    239     20  323.2  327.1  323.4
  507.0   5702   -6.5  -26.1     19   0.90    250     22  323.8  327.1  323.9
  500.0   5810   -7.3  -27.3     19   0.82    245     23  324.1  327.1  324.2
  434.0   6888  -15.7  -31.9     24   0.61    240     28  326.8  329.1  326.9
  400.0   7510  -20.5  -34.5     27   0.52    245     33  328.3  330.2  328.4
  399.0   7529  -20.7  -33.7     30   0.56    245     33  328.2  330.4  328.4
  393.0   7641  -21.5  -40.5     16   0.29    247     33  328.6  329.8  328.7
  383.0   7830  -22.7  -35.7     30   0.48    249     33  329.5  331.3  329.6
  380.0   7888  -23.3  -31.3     48   0.74    250     33  329.4  332.2  329.6
  376.0   7965  -24.1  -29.1     63   0.92    251     33  329.4  332.8  329.5
  364.0   8202  -25.3  -37.3     32   0.43    254     33  330.8  332.5  330.9
  341.0   8674  -27.9  -43.9     20   0.23    260     32  333.5  334.4  333.6
  325.0   9014  -30.9  -44.6     25   0.22    265     32  334.0  334.9  334.0
  300.0   9580  -35.9  -45.9     35   0.21    280     35  334.7  335.5  334.7
  283.0   9980  -39.3  -45.3     53   0.24    283     37  335.4  336.4  335.4
  251.0  10783  -46.3  -53.2     45   0.11    290     40  336.8  337.2  336.8
  250.0  10810  -46.5  -53.5     45   0.11    290     41  336.8  337.2  336.8
  224.0  11533  -52.9  -58.9     48   0.06    292     45  337.7  338.0  337.7
  200.0  12260  -57.9  -65.9     35   0.03    295     50  340.9  341.0  340.9
  172.0  13188  -62.7  -71.2     31   0.01    305     48  347.9  348.0  348.0
  150.0  14030  -67.1  -76.1     27   0.01    280     39  354.3  354.4  354.3
  146.0  14192  -67.7  -77.7     23   0.01    275     41  356.0  356.0  356.0
  141.0  14403  -65.3  -77.3     17   0.01    273     36  363.8  363.8  363.8
  134.0  14714  -64.0  -79.5     10   0.01    270     29  371.3  371.4  371.3
  129.0  14946  -63.1  -81.1      7   0.00    269     28  377.1  377.1  377.1
  110.0  15918  -64.5  -85.0      4   0.00    265     22  392.1  392.1  392.1
  105.0  16202  -64.9  -86.1      4   0.00    245     18  396.5  396.6  396.5
  100.0  16500  -65.3  -87.3      3   0.00    240     25  401.3  401.3  401.3
   86.0  17427  -63.7  -86.9      3   0.00    250     20  422.2  422.2  422.2
   78.4  17996  -62.7  -86.7      3   0.00    297     13  435.6  435.6  435.6
   78.0  18027  -62.9  -86.8      3   0.00    300     13  435.8  435.8  435.8
   75.0  18268  -64.4  -87.9      3   0.00      0      1  437.5  437.6  437.5
   71.8  18535  -66.1  -89.1      3   0.00    261      5  439.4  439.4  439.4
   71.0  18604  -66.0  -89.5      3   0.00    235      6  441.0  441.1  441.0
   70.0  18690  -65.9  -89.9      2   0.00    255      7  443.1  443.1  443.1
   68.0  18868  -64.9  -89.2      2   0.00    300     11  448.9  448.9  448.9
   64.0  19239  -62.8  -87.6      2   0.00    320     13  461.3  461.4  461.3
   62.7  19364  -62.1  -87.1      2   0.00      3     11  465.6  465.6  465.6
   61.0  19534  -62.9  -87.5      2   0.00     60      8  467.4  467.4  467.4
   59.1  19728  -63.9  -87.9      2   0.00     85      7  469.5  469.5  469.5
   58.0  19844  -63.6  -87.8      2   0.00    100      7  472.6  472.6  472.6
   56.0  20059  -63.2  -87.7      2   0.00    110     15  478.4  478.5  478.4
   53.3  20363  -62.5  -87.5      2   0.00    139     11  486.8  486.8  486.8
   51.0  20637  -60.6  -87.0      2   0.00    165      8  497.5  497.5  497.5
   50.0  20760  -59.7  -86.7      2   0.00    155      5  502.4  502.4  502.4
   48.5  20951  -57.1  -86.1      1   0.00     69      6  512.9  513.0  512.9
   48.0  21016  -57.2  -86.1      1   0.00     40      7  514.2  514.3  514.2
   44.0  21564  -57.9  -86.5      1   0.01     90     12  525.4  525.4  525.4
   42.0  21856  -58.3  -86.6      2   0.01     75      8  531.5  531.5  531.5
   39.2  22290  -58.9  -86.9      2   0.01     89      9  540.5  540.6  540.6
   38.0  22486  -58.5  -86.6      2   0.01     95     10  546.4  546.5  546.4
   36.0  22827  -57.8  -86.1      2   0.01     85     15  556.8  556.9  556.8
   35.0  23005  -57.4  -85.8      2   0.01    105     13  562.3  562.4  562.3
   33.0  23376  -56.6  -85.3      2   0.01     85     15  574.0  574.0  574.0
   30.9  23791  -55.7  -84.7      2   0.01    102     15  587.2  587.3  587.2
   30.0  23980  -53.9  -84.9      1   0.01    110     15  597.1  597.2  597.1
   27.5  24543  -50.9  -83.9      1   0.01     98     20  620.5  620.6  620.5
   26.0  24908  -51.0  -83.3      1   0.02     90     23  630.3  630.5  630.3
   23.4  25594  -51.1  -82.1      1   0.02    106     19  649.2  649.4  649.2
   22.0  25997  -50.5  -81.9      1   0.02    115     16  662.6  662.9  662.6
   21.0  26301  -50.0  -81.7      1   0.02     80     12  672.9  673.2  672.9
   20.0  26620  -49.5  -81.5      1   0.03     85     13  683.9  684.2  683.9
   19.0  26960  -48.0  -80.9      1   0.03    105     16  698.6  698.9  698.6
   17.0  27696  -44.8  -79.5      1   0.04     80     27  731.4  731.9  731.4
   16.7  27814  -44.3  -79.3      1   0.04     81     27  736.8  737.3  736.8
   14.2  28901  -44.3  -77.3      1   0.07     94     32  771.7  772.6  771.8
   14.0                                        95     32                     
</PRE><H3>Station information and sounding indices</H3><PRE>
                             Station number: 76256
                           Observation time: 170601/1200
                           Station latitude: 27.95
                          Station longitude: -110.75
                          Station elevation: 12.0
                            Showalter index: 12.28
                               Lifted index: 0.08
    LIFT computed using virtual temperature: -0.50
                                SWEAT index: 39.01
                                    K index: -21.70
                         Cross totals index: 3.30
                      Vertical totals index: 24.30
                        Totals totals index: 27.60
      Convective Available Potential Energy: 240.02
             CAPE using virtual temperature: 287.84
                      Convective Inhibition: -1.26
             CINS using virtual temperature: -0.55
                           Equilibrum Level: 219.51
 Equilibrum Level using virtual temperature: 219.29
                   Level of Free Convection: 937.28
             LFCT using virtual temperature: 942.39
                     Bulk Richardson Number: 13.52
          Bulk Richardson Number using CAPV: 16.22
  Temp [K] of the Lifted Condensation Level: 292.19
Pres [hPa] of the Lifted Condensation Level: 953.96
     Mean mixed layer potential temperature: 296.17
              Mean mixed layer mixing ratio: 14.78
              1000 hPa to 500 hPa thickness: 5732.00
Precipitable water [mm] for entire sounding: 22.13
</PRE>
<H2>76256  Empalme, Son. Observations at 12Z 02 Jun 2017</H2>
<PRE>
-----------------------------------------------------------------------------
   PRES   HGHT   TEMP   DWPT   RELH   MIXR   DRCT   SKNT   THTA   THTE   THTV
    hPa     m      C      C      %    g/kg    deg   knot     K      K      K 
-----------------------------------------------------------------------------
 1007.0     12   17.2   14.4     84  10.34      0      2  289.8  319.0  291.6
 1006.0     21   18.2   13.9     76  10.01    359      2  290.9  319.4  292.6
 1000.0     74   20.0   16.1     78  11.64    350      5  293.1  326.5  295.2
  998.0     91   20.8   17.2     80  12.52    339      5  294.1  330.1  296.3
  987.0    188   21.6   15.6     69  11.41    278      4  295.9  329.0  297.9
  974.0    303   20.6   15.3     72  11.36    205      3  296.0  329.0  298.0
  968.0    357   20.2   15.2     73  11.34    197      3  296.1  329.0  298.1
  953.0    492   21.8    5.8     35   6.10    177      3  299.0  317.4  300.1
  941.0    602   20.8    4.8     35   5.75    160      3  299.1  316.4  300.1
  925.0    750   19.4    3.4     35   5.31    105      4  299.1  315.2  300.1
  924.0    759   19.2    4.2     37   5.62    103      4  299.0  316.0  300.0
  911.0    882   20.6   -5.4     17   2.82     74      3  301.7  310.6  302.2
  883.0   1151   20.0  -18.0      6   1.06     11      0  303.8  307.3  303.9
  878.0   1200   19.7  -13.3     10   1.56      0      0  303.9  309.1  304.2
  867.0   1309   19.0   -3.0     22   3.55    296      2  304.3  315.5  305.0
  850.0   1479   18.8  -21.2      5   0.83    195      6  305.8  308.7  306.0
  848.0   1499   18.8  -21.6      5   0.81    190      6  306.0  308.8  306.2
  845.0   1529   18.8  -22.2      5   0.77    188      6  306.3  309.0  306.5
  818.0   1803   17.3  -23.3      5   0.72    165      8  307.6  310.1  307.7
  763.0   2390   14.0  -25.7      5   0.62    200      5  310.3  312.5  310.4
  736.0   2694   12.4  -26.9      5   0.58    250      5  311.6  313.7  311.8
  718.0   2903   11.2  -27.8      5   0.55    222      5  312.6  314.6  312.7
  712.0   2973   11.0  -32.0      3   0.37    213      5  313.1  314.5  313.2
  710.0   2996   10.8  -11.2     20   2.30    210      5  313.1  320.8  313.6
  700.0   3114    9.6   -4.4     37   3.96    205      6  313.1  325.9  313.8
  636.0   3898    2.0   -5.2     59   4.09    195      8  313.1  326.4  313.9
  625.0   4041    0.6   -5.4     64   4.11    203      9  313.1  326.4  313.9
  622.0   4080    1.2  -14.8     29   1.96    206      9  314.2  320.9  314.6
  620.0   4106    2.0  -24.0     13   0.89    207      9  315.4  318.6  315.6
  591.0   4493    2.2  -31.7      6   0.46    230     11  320.0  321.7  320.1
  587.0   4548    2.2  -32.8      5   0.42    238     11  320.6  322.2  320.7
  569.0   4799    1.5  -32.4      6   0.45    275     10  322.7  324.4  322.8
  555.0   4999    1.0  -32.0      6   0.47    276     13  324.4  326.2  324.5
  509.0   5688   -3.7  -35.9      6   0.35    280     22  326.8  328.1  326.8
  500.0   5830   -4.7  -36.7      6   0.33    280     25  327.2  328.6  327.3
  496.0   5893   -5.3  -36.3      7   0.35    280     25  327.3  328.6  327.3
  445.0   6734  -13.1  -33.1     17   0.53    283     31  327.7  329.8  327.8
  400.0   7540  -18.7  -44.7      8   0.18    285     36  330.6  331.3  330.6
  354.0   8440  -25.3  -49.3      9   0.12    285     38  333.5  334.0  333.5
  300.0   9620  -34.9  -56.9      9   0.06    285     40  336.1  336.3  336.1
  273.0  10268  -40.3  -60.3     10   0.04    282     44  337.4  337.6  337.4
  250.0  10860  -44.7  -63.7     10   0.03    280     48  339.5  339.6  339.5
  241.0  11100  -46.5  -64.8     11   0.03    280     48  340.3  340.5  340.3
  200.0  12320  -55.7  -70.7     14   0.01    275     52  344.4  344.5  344.4
  190.0  12644  -58.1  -71.1     17   0.01    271     49  345.6  345.7  345.6
  174.0  13186  -61.0  -73.6     17   0.01    265     45  349.6  349.7  349.6
  150.0  14100  -65.9  -77.9     17   0.01    245     44  356.4  356.4  356.4
  136.0  14689  -68.4  -79.7     18   0.01    275     42  362.1  362.1  362.1
  130.0  14960  -69.5  -80.5     19   0.00    280     27  364.8  364.8  364.8
  129.0  15006  -69.5  -80.7     18   0.00    275     24  365.7  365.7  365.7
  123.0  15291  -69.1  -82.0     14   0.00    235     19  371.3  371.3  371.3
  106.0  16181  -68.1  -86.1      6   0.00    265     24  389.4  389.4  389.4
  100.0  16530  -67.7  -87.7      4   0.00    265     24  396.7  396.7  396.7
   93.1  16962  -67.9  -87.9      4   0.00    273     22  404.4  404.5  404.4
   91.0  17101  -66.8  -87.8      4   0.00    275     21  409.3  409.3  409.3
   87.0  17375  -64.7  -87.5      3   0.00    255     12  418.9  418.9  418.9
   86.7  17396  -64.5  -87.5      3   0.00    258     12  419.6  419.6  419.6
   83.0  17664  -64.5  -87.9      3   0.00    295     10  424.9  425.0  424.9
   79.0  17967  -64.4  -88.3      2   0.00    285      9  431.1  431.1  431.1
   75.0  18286  -64.4  -88.7      2   0.00    345      8  437.6  437.6  437.6
   71.0  18623  -64.3  -89.2      2   0.00     55      5  444.6  444.7  444.6
   70.0  18710  -64.3  -89.3      2   0.00    105      7  446.5  446.5  446.5
   67.3  18948  -66.1  -90.1      2   0.00    134      6  447.6  447.6  447.6
   65.0  19160  -64.8  -89.6      2   0.00    160      5  455.1  455.1  455.1
   61.0  19546  -62.3  -88.8      2   0.00     35      2  468.9  468.9  468.9
   59.8  19667  -61.5  -88.5      2   0.00     46      4  473.3  473.3  473.3
   53.0  20411  -61.2  -88.9      1   0.00    110     19  490.5  490.6  490.5
   51.0  20648  -61.1  -89.0      1   0.00    135     12  496.1  496.2  496.1
   50.0  20770  -61.1  -89.1      1   0.00    140      8  499.1  499.1  499.1
   48.0  21024  -61.0  -89.0      1   0.00     45      3  505.1  505.1  505.1
   46.0  21288  -61.0  -89.0      1   0.00     40     15  511.4  511.4  511.4
   42.9  21721  -60.9  -88.9      1   0.00     86     20  521.9  521.9  521.9
   42.0  21854  -60.5  -88.7      1   0.00    100     21  526.0  526.0  526.0
   38.0  22481  -58.8  -87.9      1   0.00    110      9  545.7  545.8  545.7
   36.0  22820  -57.8  -87.4      1   0.01     80      1  556.7  556.8  556.7
   34.6  23069  -57.1  -87.1      1   0.01                564.9  564.9  564.9
</PRE><H3>Station information and sounding indices</H3><PRE>
                             Station number: 76256
                           Observation time: 170602/1200
                           Station latitude: 27.95
                          Station longitude: -110.75
                          Station elevation: 12.0
                            Showalter index: 18.48
                               Lifted index: 8.81
    LIFT computed using virtual temperature: 8.43
                                SWEAT index: 37.00
                                    K index: -11.70
                         Cross totals index: -16.50
                      Vertical totals index: 23.50
                        Totals totals index: 7.00
      Convective Available Potential Energy: 0.00
             CAPE using virtual temperature: 0.00
                      Convective Inhibition: 0.00
             CINS using virtual temperature: 0.00
                     Bulk Richardson Number: 0.00
          Bulk Richardson Number using CAPV: 0.00
  Temp [K] of the Lifted Condensation Level: 285.47
Pres [hPa] of the Lifted Condensation Level: 884.15
     Mean mixed layer potential temperature: 295.71
              Mean mixed layer mixing ratio: 10.52
              1000 hPa to 500 hPa thickness: 5756.00
Precipitable water [mm] for entire sounding: 15.05
</PRE>
<H2>76256  Empalme, Son. Observations at 12Z 03 Jun 2017</H2>
<PRE>
-----------------------------------------------------------------------------
   PRES   HGHT   TEMP   DWPT   RELH   MIXR   DRCT   SKNT   THTA   THTE   THTV
    hPa     m      C      C      %    g/kg    deg   knot     K      K      K 
-----------------------------------------------------------------------------
 1008.0     12   19.6   15.9     79  11.39      0      3  292.1  324.6  294.1
 1006.0     30   21.0   17.4     80  12.58    348      3  293.6  329.7  295.9
 1005.0     38   21.8   17.4     76  12.60    341      4  294.5  330.8  296.8
 1000.0     83   22.2   17.5     75  12.74    310      5  295.4  332.1  297.6
  997.0    109   22.0   17.6     76  12.86    309      5  295.4  332.5  297.7
  975.0    303   23.1   11.1     47   8.58    300      5  298.4  323.7  299.9
  972.0    330   23.2   10.2     44   8.10    285      5  298.8  322.8  300.2
  942.0    602   23.2    0.1     22   4.10    135      3  301.4  314.1  302.2
  925.0    760   23.2   -5.8     14   2.69    105      5  303.0  311.6  303.5
  910.0    902   23.2  -15.5      6   1.26    100      9  304.4  308.7  304.7
  905.0    950   23.2  -18.8      5   0.96    103     10  304.9  308.2  305.1
  879.0   1202   20.7    3.7     33   5.72    120     15  304.9  322.5  305.9
  878.0   1212   20.6    4.6     35   6.09    120     15  304.9  323.6  306.0
  865.0   1341   20.4   -8.6     13   2.32    118     15  306.0  313.5  306.4
  850.0   1491   20.0  -11.0     11   1.95    115     14  307.1  313.5  307.4
  820.0   1799   18.8  -14.5      9   1.53    110     10  308.9  314.1  309.2
  797.0   2043   17.8  -17.2      8   1.25    124     11  310.4  314.7  310.7
  764.0   2401   14.7   -7.8     20   2.80    145     13  310.8  320.0  311.4
  745.0   2615   12.8   -2.2     35   4.39    139     14  311.0  325.1  311.9
  718.0   2924   10.2   -2.8     40   4.36    131     15  311.5  325.5  312.3
  702.0   3111    9.8  -13.2     18   1.98    126     16  313.1  319.7  313.4
  700.0   3135    9.8  -14.2     17   1.83    125     16  313.3  319.5  313.6
  686.0   3300    8.7  -15.6     16   1.67    125     17  313.9  319.6  314.2
  615.0   4192    3.0  -23.0     13   0.98    140     10  317.3  320.8  317.5
  594.0   4472    2.8  -34.2      5   0.36    117      6  320.2  321.6  320.3
  592.0   4499    2.6  -34.5      4   0.35    115      6  320.4  321.7  320.4
  570.0   4800    1.0  -37.3      4   0.27    115      4  321.9  322.9  321.9
  549.0   5098   -0.7  -40.1      3   0.21    285      4  323.4  324.2  323.4
  506.0   5747   -4.3  -46.3      2   0.12    294     19  326.6  327.1  326.6
  500.0   5840   -4.9  -48.9      2   0.09    295     21  327.0  327.4  327.0
  471.0   6302   -9.0  -48.4      2   0.10    305     19  327.5  327.9  327.5
  439.0   6846  -13.9  -47.9      4   0.11    316     27  328.0  328.5  328.0
  422.0   7146  -14.3  -52.3      2   0.07    323     32  331.2  331.5  331.2
  403.0   7494  -16.9  -48.0      5   0.12    330     37  332.2  332.8  332.3
  400.0   7550  -17.3  -47.3      5   0.13    330     37  332.4  333.0  332.4
  301.0   9606  -34.3  -54.4     11   0.08    320     35  336.6  336.9  336.6
  300.0   9630  -34.5  -54.5     11   0.08    320     34  336.6  337.0  336.6
  250.0  10880  -44.7  -62.7     12   0.03    325     35  339.5  339.6  339.5
  221.0  11681  -51.1  -67.5     13   0.02    315     36  341.8  341.9  341.8
  200.0  12330  -56.3  -71.3     14   0.01    295     35  343.4  343.5  343.4
  192.0  12583  -58.3  -72.4     15   0.01    300     33  344.3  344.4  344.3
  160.0  13710  -67.1  -77.1     23   0.01    295     24  347.8  347.9  347.8
  150.0  14100  -66.3  -77.3     20   0.01    300     24  355.7  355.7  355.7
  138.0  14604  -66.1  -80.1     13   0.00    283     28  364.6  364.6  364.6
  129.0  15010  -66.7  -81.7     10   0.00    270     32  370.6  370.7  370.6
  117.0  15596  -67.5  -84.1      8   0.00    290     24  379.6  379.6  379.6
  106.0  16190  -68.4  -86.5      6   0.00    260     27  388.8  388.8  388.8
  100.0  16540  -68.9  -87.9      5   0.00    265     23  394.4  394.4  394.4
   96.0  16786  -68.2  -87.8      5   0.00    275     17  400.3  400.3  400.3
   91.0  17109  -67.3  -87.8      4   0.00    300     12  408.2  408.3  408.2
   87.7  17332  -66.7  -87.7      4   0.00    284     10  413.8  413.8  413.8
   87.0  17381  -66.2  -87.7      3   0.00    280      9  415.8  415.8  415.8
   84.0  17595  -63.9  -87.9      2   0.00    183      5  424.6  424.6  424.6
   83.0  17669  -64.2  -88.1      3   0.00    150      4  425.4  425.4  425.4
   79.0  17971  -65.6  -88.7      3   0.00    210     13  428.7  428.7  428.7
   78.1  18041  -65.9  -88.9      3   0.00    216     12  429.4  429.4  429.4
   75.0  18288  -65.4  -89.1      2   0.00    235      7  435.5  435.5  435.5
   71.0  18623  -64.7  -89.4      2   0.00    105      7  443.9  443.9  443.9
   70.0  18710  -64.5  -89.5      2   0.00    100      8  446.1  446.1  446.1
   65.0  19164  -63.6  -89.7      2   0.00     50      5  457.5  457.5  457.5
   57.0  19967  -62.1  -90.1      1   0.00     59     15  478.5  478.5  478.5
   56.0  20076  -62.5  -90.3      1   0.00     60     16  479.9  480.0  479.9
   52.8  20436  -63.9  -90.9      1   0.00     98     15  484.9  484.9  484.9
   51.0  20649  -63.0  -90.7      1   0.00    120     15  491.8  491.8  491.8
   50.0  20770  -62.5  -90.5      1   0.00    125     14  495.8  495.8  495.8
   46.0  21287  -62.1  -90.1      1   0.00     70     13  508.6  508.6  508.6
   43.5  21634  -61.9  -89.9      1   0.00     88     15  517.4  517.4  517.4
   42.0  21855  -60.4  -89.4      1   0.00    100     17  526.3  526.3  526.3
   38.0  22486  -56.1  -88.0      1   0.00     45     18  552.4  552.5  552.4
   37.8  22520  -55.9  -87.9      1   0.00     48     18  553.9  553.9  553.9
   35.0  23012  -55.6  -87.6      1   0.01     85     21  567.0  567.0  567.0
   30.9  23810  -55.1  -87.1      1   0.01     69     19  588.8  588.9  588.8
   30.0  24000  -54.5  -87.5      1   0.01     65     19  595.5  595.5  595.5
   27.8  24486  -52.1  -86.1      1   0.01     83     25  615.2  615.3  615.2
   27.0  24673  -52.4  -85.9      1   0.01     90     27  619.7  619.8  619.7
   24.2  25375  -53.3  -85.3      1   0.01     90     19  636.6  636.8  636.6
   23.0  25703  -51.5  -84.8      1   0.01     90     16  651.3  651.4  651.3
   20.8  26353  -47.9  -83.9      1   0.02     86     22  681.1  681.3  681.1
   20.0  26610  -48.1  -84.1      1   0.02     85     25  688.2  688.4  688.2
   18.0  27308  -47.1  -83.5      1   0.02     75     29  712.3  712.6  712.3
   16.0  28088  -46.0  -82.9      1   0.03     80     33  740.3  740.6  740.3
   15.5  28298  -45.7  -82.7      1   0.03                748.1  748.4  748.1
</PRE><H3>Station information and sounding indices</H3><PRE>
                             Station number: 76256
                           Observation time: 170603/1200
                           Station latitude: 27.95
                          Station longitude: -110.75
                          Station elevation: 12.0
                            Showalter index: 15.30
                               Lifted index: 9.32
    LIFT computed using virtual temperature: 8.93
                                SWEAT index: 49.01
                                    K index: -10.10
                         Cross totals index: -6.10
                      Vertical totals index: 24.90
                        Totals totals index: 18.80
      Convective Available Potential Energy: 0.00
             CAPE using virtual temperature: 0.00
                      Convective Inhibition: 0.00
             CINS using virtual temperature: 0.00
                     Bulk Richardson Number: 0.00
          Bulk Richardson Number using CAPV: 0.00
  Temp [K] of the Lifted Condensation Level: 282.80
Pres [hPa] of the Lifted Condensation Level: 837.49
     Mean mixed layer potential temperature: 297.52
              Mean mixed layer mixing ratio: 9.49
              1000 hPa to 500 hPa thickness: 5757.00
Precipitable water [mm] for entire sounding: 14.53
</PRE>
<H2>76256  Empalme, Son. Observations at 12Z 04 Jun 2017</H2>
<PRE>
-----------------------------------------------------------------------------
   PRES   HGHT   TEMP   DWPT   RELH   MIXR   DRCT   SKNT   THTA   THTE   THTV
    hPa     m      C      C      %    g/kg    deg   knot     K      K      K 
-----------------------------------------------------------------------------
 1008.0     12   21.0   18.0     83  13.05      0      4  293.5  330.8  295.8
 1005.0     39   22.4   19.8     85  14.69     24      4  295.1  337.4  297.7
 1000.0     85   23.4   20.6     84  15.53     65      3  296.6  341.5  299.3
  999.0     94   23.4   20.6     84  15.54     70      3  296.6  341.7  299.4
  975.0    304   22.3   19.6     85  14.94    180      4  297.6  341.1  300.2
  973.0    322   22.2   19.5     85  14.89    177      4  297.7  341.0  300.3
  971.0    340   23.0   16.0     65  11.91    174      4  298.6  333.6  300.8
  962.0    420   24.4    3.4     26   5.10    160      5  300.9  316.4  301.8
  954.0    492   25.0    1.0     21   4.33    147      5  302.2  315.6  303.0
  925.0    759   23.8   -1.2     19   3.80    100      6  303.6  315.6  304.3
  910.0    901   23.6   -2.0     18   3.63    105     10  304.8  316.3  305.5
  880.0   1193   23.1   -3.8     16   3.30    105     11  307.2  317.8  307.9
  876.0   1233   23.0   -4.0     16   3.26    108     11  307.6  318.0  308.2
  850.0   1494   21.6   -2.4     20   3.79    130     12  308.8  320.9  309.5
  820.0   1803   20.2   -3.4     20   3.64    140     15  310.5  322.2  311.1
  775.0   2289   18.0   -5.0     20   3.42    124     19  313.1  324.3  313.8
  712.0   3007   12.8   -1.0     38   5.02    100     25  315.1  331.4  316.1
  700.0   3151   11.8   -0.2     44   5.42    100     25  315.5  333.0  316.6
  673.0   3478    8.8   -1.2     49   5.24    108     24  315.7  332.7  316.7
  657.0   3676    6.8   -1.2     57   5.36    112     24  315.6  333.0  316.7
  633.0   3980    4.8  -13.2     26   2.20    120     23  316.7  324.2  317.2
  616.0   4199    3.0  -14.6     26   2.01    125     23  317.2  324.1  317.6
  594.0   4492    0.6  -16.4     27   1.79    135     23  317.7  323.9  318.1
  590.0   4546    0.2  -16.8     27   1.75    140     21  317.8  323.9  318.2
  572.0   4794    0.4  -33.7      6   0.39    165     14  320.9  322.3  320.9
  569.0   4836    0.4  -36.6      4   0.29    175     13  321.4  322.5  321.4
  550.0   5105   -0.8  -37.8      4   0.27    240      8  323.0  324.1  323.1
  530.0   5398   -2.2  -39.2      4   0.24    260     12  324.9  325.8  324.9
  510.0   5703   -3.6  -40.6      4   0.22    305      9  326.8  327.6  326.8
  500.0   5860   -4.3  -41.3      4   0.21    315     12  327.7  328.6  327.8
  496.0   5924   -4.5  -40.5      4   0.23    315     12  328.2  329.1  328.3
  400.0   7580  -18.9  -42.9     10   0.22    305     22  330.3  331.2  330.4
  382.0   7921  -21.5  -46.5      9   0.15    309     22  331.3  331.9  331.3
  358.0   8391  -24.7  -49.4      8   0.12    315     22  333.1  333.6  333.2
  329.0   9003  -29.0  -53.1      8   0.08    335     24  335.5  335.9  335.5
  319.0   9227  -30.5  -54.5      8   0.07    333     25  336.3  336.6  336.3
  300.0   9660  -34.1  -55.1     10   0.07    330     26  337.2  337.5  337.2
  250.0  10910  -43.7  -61.7     12   0.04    325     26  341.0  341.1  341.0
  241.0  11154  -45.5  -63.5     11   0.03    324     28  341.9  342.0  341.9
  200.0  12360  -56.3  -67.3     24   0.02    320     36  343.4  343.6  343.5
  184.0  12880  -60.5  -72.1     20   0.01    320     31  344.9  345.0  344.9
  174.0  13229  -63.3  -75.3     18   0.01    309     32  345.9  345.9  345.9
  151.0  14099  -63.5  -78.5     11   0.01    280     33  359.8  359.8  359.8
  150.0  14140  -63.3  -79.3     10   0.00    280     34  360.8  360.9  360.8
  130.0  15004  -67.7  -83.0     10   0.00    285     37  368.1  368.1  368.1
  124.0  15290  -69.1  -84.2     10   0.00    270     43  370.5  370.5  370.5
  120.0  15488  -70.1  -85.1     10   0.00    270     47  372.1  372.1  372.1
  118.0  15588  -68.7  -84.7      8   0.00    274     45  376.5  376.5  376.5
  107.0  16169  -70.7  -86.7      8   0.00    295     36  383.4  383.4  383.4
  103.0  16395  -71.5  -87.5      8   0.00    300     29  386.1  386.1  386.1
  100.0  16570  -71.1  -88.1      7   0.00    300     27  390.1  390.1  390.1
   92.0  17068  -68.8  -88.1      5   0.00    285     17  404.0  404.0  404.0
   86.4  17444  -67.1  -88.1      4   0.00    285     16  414.8  414.8  414.8
   83.0  17685  -68.1  -88.3      4   0.00    285     15  417.6  417.6  417.6
   82.3  17736  -68.3  -88.3      4   0.00    258     13  418.1  418.1  418.1
   79.5  17945  -65.9  -87.9      3   0.00    150      5  427.2  427.3  427.2
   79.0  17983  -66.1  -88.1      3   0.00    130      3  427.6  427.6  427.6
   75.0  18296  -68.0  -89.3      3   0.00    185      6  430.1  430.1  430.1
   72.2  18525  -69.3  -90.3      3   0.00    237      9  432.0  432.0  432.0
   71.0  18625  -69.4  -91.0      3   0.00    260     10  433.8  433.8  433.8
   70.0  18710  -69.5  -91.5      3   0.00    275      8  435.4  435.4  435.4
   68.0  18884  -69.3  -91.3      3   0.00      5      5  439.4  439.4  439.4
   67.9  18893  -69.3  -91.3      3   0.00      6      5  439.6  439.6  439.6
   63.9  19261  -64.7  -89.7      2   0.00     34      7  457.4  457.4  457.4
   61.0  19547  -64.5  -89.7      2   0.00     55      8  463.8  463.9  463.8
   56.0  20073  -64.3  -89.8      2   0.00     70     12  475.9  476.0  475.9
   53.0  20412  -64.1  -89.8      2   0.00     60     20  483.9  483.9  483.9
   51.0  20648  -64.0  -89.9      2   0.00     85     16  489.6  489.6  489.6
   50.0  20770  -63.9  -89.9      2   0.00     90     13  492.5  492.5  492.5
   49.9  20782  -64.1  -90.1      2   0.00     88     13  492.3  492.3  492.3
   48.0  21022  -62.7  -89.8      2   0.00     55      7  501.1  501.2  501.1
   44.7  21462  -60.1  -89.1      1   0.00     71     14  517.7  517.8  517.7
   42.0  21852  -59.9  -89.1      1   0.00     85     20  527.6  527.7  527.6
   40.0  22157  -59.7  -89.1      1   0.00     55     16  535.5  535.5  535.5
   36.0  22815  -59.2  -89.1      1   0.00    100     23  553.0  553.0  553.0
   34.6  23063  -59.1  -89.1      1   0.00                559.7  559.7  559.7
</PRE><H3>Station information and sounding indices</H3><PRE>
                             Station number: 76256
                           Observation time: 170604/1200
                           Station latitude: 27.95
                          Station longitude: -110.75
                          Station elevation: 12.0
                            Showalter index: 11.68
                               Lifted index: 6.79
    LIFT computed using virtual temperature: 6.30
                                SWEAT index: 36.01
                                    K index: 11.50
                         Cross totals index: 1.90
                      Vertical totals index: 25.90
                        Totals totals index: 27.80
      Convective Available Potential Energy: 0.00
             CAPE using virtual temperature: 0.00
                      Convective Inhibition: 0.00
             CINS using virtual temperature: 0.00
                     Bulk Richardson Number: 0.00
          Bulk Richardson Number using CAPV: 0.00
  Temp [K] of the Lifted Condensation Level: 286.25
Pres [hPa] of the Lifted Condensation Level: 867.39
     Mean mixed layer potential temperature: 298.15
              Mean mixed layer mixing ratio: 12.08
              1000 hPa to 500 hPa thickness: 5775.00
Precipitable water [mm] for entire sounding: 21.73
</PRE>
<H2>76256  Empalme, Son. Observations at 12Z 05 Jun 2017</H2>
<PRE>
-----------------------------------------------------------------------------
   PRES   HGHT   TEMP   DWPT   RELH   MIXR   DRCT   SKNT   THTA   THTE   THTV
    hPa     m      C      C      %    g/kg    deg   knot     K      K      K 
-----------------------------------------------------------------------------
 1008.0     12   22.0   21.4     96  16.20     40      4  294.5  340.9  297.3
 1000.0     85   23.4   21.8     91  16.75     85      3  296.6  345.0  299.5
  999.0     94   23.6   21.8     90  16.77     87      3  296.8  345.4  299.8
  976.0    296   22.7   21.4     92  16.70    140      5  297.9  346.6  300.9
  973.0    323   22.6   21.3     92  16.69    144      5  298.1  346.7  301.1
  962.0    421   24.0   11.0     44   8.64    161      5  300.5  326.2  302.0
  943.0    594   24.4    9.5     39   7.95    190      5  302.6  326.6  304.0
  942.0    603   24.4    9.4     39   7.91    194      5  302.7  326.6  304.1
  925.0    761   23.8    6.8     34   6.74    265      1  303.6  324.2  304.9
  910.0    903   23.2    6.5     34   6.69     10      2  304.5  324.9  305.7
  880.0   1195   22.1    5.7     35   6.58    110      2  306.2  326.5  307.4
  859.0   1405   21.2    5.2     35   6.50    152     10  307.4  327.6  308.6
  854.0   1455   21.8   -4.2     17   3.29    162     12  308.6  319.2  309.2
  850.0   1496   22.0   -8.0     13   2.47    170     13  309.2  317.3  309.6
  837.0   1630   22.4   -5.6     15   3.02    163     14  311.0  320.8  311.5
  821.0   1795   21.4   -6.8     15   2.82    155     15  311.6  320.9  312.1
  793.0   2092   19.5   -8.8     14   2.49    165     13  312.7  321.0  313.2
  739.0   2696   15.8  -13.0     13   1.91    140     13  315.0  321.5  315.4
  715.0   2978   14.0  -15.0     12   1.68    137     15  316.0  321.8  316.4
  700.0   3157   13.2  -14.8     13   1.74    135     17  317.1  323.1  317.4
  689.0   3289   12.2  -14.8     14   1.77    129     19  317.4  323.5  317.7
  664.0   3594    9.0   -6.5     33   3.55    115     23  317.1  328.9  317.8
  646.0   3821    6.6   -0.4     61   5.79    126     20  316.9  335.7  318.1
  614.0   4234    3.4   -6.6     48   3.82    146     15  317.9  330.6  318.6
  599.0   4434    3.8  -29.2      7   0.57    156     13  320.6  322.8  320.7
  572.0   4803    1.4  -33.6      5   0.39    175      8  322.0  323.5  322.1
  551.0   5102   -0.6  -37.2      4   0.29    170      5  323.1  324.2  323.2
  546.0   5175   -1.1  -38.1      4   0.26    190      5  323.4  324.4  323.4
  531.0   5396   -1.8  -39.3      4   0.24    250      5  325.2  326.1  325.2
  519.0   5577   -2.3  -40.3      4   0.22    280      9  326.7  327.6  326.7
  511.0   5699   -3.3  -38.8      4   0.26    300     11  326.9  328.0  327.0
  500.0   5870   -4.7  -36.7      6   0.33    295     11  327.2  328.6  327.3
  429.0   7058  -13.7  -45.7      5   0.15    316     12  330.4  331.0  330.4
  406.0   7477  -15.3  -46.3      5   0.15    323     13  333.6  334.2  333.6
  400.0   7590  -16.1  -45.1      6   0.17    325     13  334.0  334.7  334.0
  373.0   8095  -20.1  -46.5      8   0.16    325     10  335.4  336.0  335.4
  303.0   9598  -32.1  -50.5     14   0.12    305     19  339.0  339.6  339.0
  300.0   9670  -32.7  -50.7     15   0.12    310     18  339.2  339.7  339.2
  250.0  10930  -43.3  -55.3     25   0.08    295     30  341.6  341.9  341.6
  233.0  11402  -46.5  -59.5     21   0.05    295     33  343.6  343.9  343.7
  212.0  12023  -51.7  -58.7     43   0.07    295     37  344.9  345.2  345.0
  200.0  12400  -54.1  -65.1     25   0.03    295     39  346.9  347.1  346.9
  199.0  12432  -54.3  -65.3     25   0.03    295     39  347.1  347.3  347.1
  160.0  13789  -65.4  -74.4     27   0.01    295     43  350.7  350.8  350.7
  159.0  13828  -65.7  -74.7     28   0.01    294     43  350.8  350.9  350.8
  150.0  14180  -66.5  -76.5     23   0.01    280     46  355.3  355.4  355.3
  131.0  14993  -68.1  -81.9     12   0.00    270     50  366.4  366.4  366.4
  121.0  15469  -69.1  -85.1      8   0.00    281     47  373.1  373.1  373.1
  113.0  15873  -71.6  -86.9      9   0.00    290     44  375.8  375.8  375.8
  109.0  16086  -72.9  -87.9      9   0.00    290     37  377.2  377.2  377.2
  107.0  16195  -73.0  -88.0      9   0.00    290     32  379.0  379.0  379.0
  102.0  16474  -73.4  -88.4      9   0.00    265     26  383.6  383.6  383.6
  100.0  16590  -73.5  -88.5      9   0.00    265     30  385.5  385.5  385.5
   92.0  17086  -70.8  -87.8      7   0.00    310     21  400.0  400.0  400.0
   83.0  17698  -67.6  -86.9      5   0.00    325     12  418.6  418.7  418.6
   80.8  17858  -66.7  -86.7      4   0.00     25      8  423.6  423.6  423.6
   79.0  17993  -67.1  -87.3      4   0.00     75      5  425.4  425.5  425.4
   70.0  18720  -69.5  -90.5      3   0.00    280     10  435.4  435.4  435.4
   69.6  18754  -69.7  -89.7      4   0.00    290     10  435.6  435.7  435.6
   68.0  18894  -68.8  -89.6      4   0.00    330     11  440.5  440.5  440.5
   65.0  19165  -67.0  -89.3      3   0.00     20     16  450.0  450.0  450.0
   61.8  19468  -65.1  -89.1      2   0.00     41     15  460.9  460.9  460.9
   59.0  19750  -64.7  -89.1      2   0.00     60     14  468.0  468.0  468.0
   56.0  20069  -64.2  -89.1      2   0.00     35     17  476.2  476.2  476.2
   53.0  20405  -63.6  -89.1      2   0.00     65     16  484.9  484.9  484.9
   51.0  20639  -63.3  -89.1      2   0.00    130     12  491.1  491.2  491.1
   50.0  20760  -63.1  -89.1      2   0.00    130     11  494.4  494.4  494.4
   48.0  21014  -62.0  -88.8      2   0.00     75      6  502.8  502.9  502.8
   42.0  21846  -58.3  -88.0      1   0.00     85     16  531.5  531.5  531.5
   41.4  21935  -57.9  -87.9      1   0.00     81     16  534.7  534.7  534.7
   40.0  22152  -58.1  -87.8      1   0.00     70     15  539.4  539.5  539.4
   38.0  22475  -58.4  -87.5      1   0.00     95     19  546.6  546.6  546.6
   37.6  22542  -58.5  -87.5      1   0.01     95     18  548.0  548.1  548.0
   36.0  22818  -57.4  -87.0      1   0.01     95     14  557.8  557.9  557.8
   34.0  23182  -55.9  -86.5      1   0.01     75     20  570.9  571.0  570.9
   31.0  23769  -53.5  -85.5      1   0.01     86     19  592.6  592.7  592.6
   30.0  23980  -53.5  -85.5      1   0.01     90     19  598.2  598.3  598.2
   24.2  25352  -54.3  -85.3      1   0.01     90     22  633.7  633.9  633.8
   22.3  25874  -53.1  -85.1      1   0.01     90     24  652.3  652.4  652.3
   22.0  25962  -52.4  -84.7      1   0.01     90     24  656.8  657.0  656.8
   20.0  26580  -47.7  -81.7      1   0.03     90     22  689.4  689.7  689.4
   19.6  26714  -46.5  -81.5      1   0.03     90     22  697.1  697.4  697.1
   18.0  27283  -43.9  -79.6      1   0.04     90     22  722.4  722.8  722.4
   17.4  27510  -42.9  -78.9      1   0.05     96     23  732.7  733.2  732.7
   16.0  28076  -42.6  -78.0      1   0.06    110     27  751.4  752.0  751.4
   15.0  28512  -42.4  -77.3      1   0.07     75     28  766.1  766.9  766.2
   14.0  28978  -42.1  -76.6      1   0.08     95     32  782.2  783.1  782.2
   13.1  29427  -41.9  -75.9      1   0.10     82     27  798.0  799.1  798.0
   13.0  29479  -41.8  -75.8      1   0.10     80     26  800.1  801.2  800.1
   12.0  30024  -40.9  -75.3      1   0.12     95     30  822.0  823.4  822.0
   11.0  30616  -39.8  -74.8      1   0.14     70     29  846.4  848.1  846.5
   10.9  30678  -39.7  -74.7      1   0.14                849.0  850.8  849.1
</PRE><H3>Station information and sounding indices</H3><PRE>
                             Station number: 76256
                           Observation time: 170605/1200
                           Station latitude: 27.95
                          Station longitude: -110.75
                          Station elevation: 12.0
                            Showalter index: 13.29
                               Lifted index: 2.72
    LIFT computed using virtual temperature: 2.07
                                SWEAT index: 36.99
                                    K index: -9.30
                         Cross totals index: -3.30
                      Vertical totals index: 26.70
                        Totals totals index: 23.40
      Convective Available Potential Energy: 0.00
             CAPE using virtual temperature: 0.00
                      Convective Inhibition: 0.00
             CINS using virtual temperature: 0.00
                     Bulk Richardson Number: 0.00
          Bulk Richardson Number using CAPV: 0.00
  Temp [K] of the Lifted Condensation Level: 290.58
Pres [hPa] of the Lifted Condensation Level: 914.08
     Mean mixed layer potential temperature: 298.15
              Mean mixed layer mixing ratio: 14.41
              1000 hPa to 500 hPa thickness: 5785.00
Precipitable water [mm] for entire sounding: 23.11
</PRE>
<H2>76256  Empalme, Son. Observations at 12Z 06 Jun 2017</H2>
<PRE>
-----------------------------------------------------------------------------
   PRES   HGHT   TEMP   DWPT   RELH   MIXR   DRCT   SKNT   THTA   THTE   THTV
    hPa     m      C      C      %    g/kg    deg   knot     K      K      K 
-----------------------------------------------------------------------------
 1009.0     12   22.6   21.5     94  16.29     15      3  295.0  341.8  297.9
 1004.0     55   24.2   21.8     86  16.68     34      5  297.0  345.4  300.0
 1000.0     90   24.6   21.4     82  16.33     50      6  297.8  345.3  300.7
  989.0    187   24.2   21.0     82  16.11     93      4  298.3  345.3  301.2
  976.0    304   25.6   11.3     41   8.69    145      2  300.8  326.8  302.4
  974.0    322   25.8    9.8     36   7.86    147      2  301.2  324.8  302.6
  944.0    597   24.7    8.1     35   7.23    180      4  302.8  324.7  304.1
  925.0    775   24.0    7.0     34   6.84    150      3  303.8  324.7  305.1
  913.0    889   23.8    4.8     29   5.94    104      3  304.8  323.1  305.9
  912.0    899   23.8    4.5     29   5.82    100      3  304.9  322.9  306.0
  891.0   1102   24.2   -1.8     18   3.78    140      2  307.3  319.4  308.0
  881.0   1201   23.4   -0.1     21   4.34    160      1  307.5  321.3  308.3
  875.0   1260   23.0    1.0     23   4.72    166      3  307.7  322.6  308.6
  851.0   1503   24.0   -6.0     13   2.88    190     11  311.2  320.6  311.7
  850.0   1513   23.8   -6.2     13   2.84    190     11  311.1  320.4  311.6
  822.0   1801   22.1   -7.9     13   2.57    180     12  312.2  320.8  312.7
  794.0   2098   20.3   -9.7     12   2.31    195     12  313.4  321.2  313.9
  751.0   2576   17.4  -12.6     12   1.94    159     13  315.3  321.9  315.7
  740.0   2701   16.5  -14.1     11   1.75    150     13  315.6  321.6  316.0
  730.0   2816   15.6  -15.4     10   1.59    149     13  315.9  321.4  316.2
  715.0   2991   14.2   -0.8     36   5.07    147     14  316.3  332.7  317.2
  700.0   3169   13.0   -4.0     30   4.08    145     14  316.9  330.3  317.6
  692.0   3266   12.4   -5.6     28   3.66    143     15  317.2  329.3  317.9
  670.0   3537   10.0   -2.0     43   4.96    137     17  317.5  333.7  318.4
  651.0   3776    9.0   -6.0     34   3.77    132     19  319.0  331.5  319.7
  642.0   3889    8.0   -6.1     36   3.78    130     20  319.1  331.7  319.9
  575.0   4784    0.4   -7.3     56   3.87    160     26  320.4  333.4  321.2
  537.0   5339   -4.3   -8.0     75   3.92    151     21  321.1  334.2  321.9
  519.0   5608   -6.3  -11.1     69   3.17    147     19  321.9  332.6  322.5
  513.0   5699   -6.7  -15.0     52   2.33    145     18  322.4  330.4  322.8
  500.0   5900   -7.7  -23.7     26   1.14    135     12  323.6  327.7  323.8
  494.0   5994   -7.9  -30.9     14   0.59    125     10  324.5  326.7  324.6
  475.0   6297   -9.5  -35.1     10   0.41    130      7  326.1  327.7  326.2
  439.0   6906  -12.8  -43.6      6   0.18    230      2  329.4  330.1  329.4
  438.0   6924  -12.9  -43.9      6   0.18    229      2  329.5  330.2  329.5
  422.0   7205  -15.3  -41.2      9   0.25    205      3  329.9  330.9  330.0
  406.0   7498  -17.8  -38.5     15   0.34    205      2  330.4  331.7  330.4
  404.0   7535  -18.1  -38.1     16   0.36    215      2  330.4  331.8  330.5
  400.0   7610  -18.7  -38.7     15   0.34    235      1  330.6  331.9  330.7
  390.0   7797  -19.5  -41.8     12   0.25      0      1  332.0  333.0  332.0
  375.0   8088  -20.7  -46.7      8   0.15    136      5  334.1  334.8  334.1
  374.0   8107  -20.9  -46.8      8   0.15    145      5  334.1  334.8  334.2
  345.0   8686  -25.6  -51.2      7   0.10    190     10  335.6  336.0  335.6
  300.0   9690  -33.7  -58.7      6   0.05    210     18  337.8  338.0  337.8
  267.0  10494  -39.5  -63.6      6   0.03    230     25  340.7  340.8  340.7
  265.0  10546  -39.9  -63.9      6   0.03    230     25  340.9  341.0  340.9
  261.0  10649  -40.7  -64.7      6   0.02    230     26  341.2  341.3  341.2
  250.0  10940  -43.1  -49.1     52   0.18    230     28  341.9  342.6  341.9
  243.0  11131  -44.3  -47.7     69   0.21    231     30  342.8  343.7  342.9
  204.0  12280  -53.5  -59.2     49   0.06    235     42  346.0  346.3  346.0
  200.0  12410  -54.5  -60.5     47   0.06    235     42  346.3  346.6  346.3
  186.0  12871  -58.9  -64.9     46   0.03    238     47  346.4  346.6  346.4
  177.0  13178  -60.7  -68.2     36   0.02    240     51  348.5  348.6  348.5
  159.0  13844  -64.5  -75.5     21   0.01    250     50  352.9  352.9  352.9
  150.0  14200  -64.7  -77.7     15   0.01    255     49  358.4  358.5  358.4
  138.0  14700  -66.4  -80.0     13   0.00    265     40  364.1  364.1  364.1
  108.0  16169  -71.3  -86.8      9   0.00    275     31  381.1  381.2  381.1
  100.0  16630  -72.9  -88.9      7   0.00    310     27  386.6  386.6  386.6
   97.0  16809  -73.5  -89.0      8   0.00    325     25  388.8  388.8  388.8
   94.2  16980  -74.1  -89.1      8   0.00    325     20  390.9  390.9  390.9
   92.0  17121  -73.4  -88.9      8   0.00    330     18  394.9  394.9  394.9
   88.0  17384  -72.2  -88.5      7   0.00    355     14  402.4  402.4  402.4
   83.0  17732  -70.6  -87.9      6   0.00    340     10  412.5  412.5  412.5
   79.0  18025  -69.2  -87.5      6   0.00     10     12  421.2  421.2  421.2
   75.9  18262  -68.1  -87.1      5   0.00     45     10  428.3  428.4  428.3
   72.0  18580  -68.0  -87.6      5   0.00     90      7  435.1  435.1  435.1
   70.0  18750  -67.9  -87.9      4   0.00     30      3  438.8  438.8  438.8
   68.0  18924  -67.7  -88.3      4   0.00     40      8  442.8  442.8  442.8
   65.0  19194  -67.4  -89.0      3   0.00     85      8  449.2  449.2  449.2
   63.5  19334  -67.3  -89.3      3   0.00     70      7  452.5  452.5  452.5
   62.0  19478  -66.5  -89.0      3   0.00     55      5  457.4  457.4  457.4
   59.0  19779  -64.8  -88.5      3   0.00     70     12  467.7  467.7  467.7
   56.0  20095  -63.0  -87.9      2   0.00     25     14  478.8  478.8  478.8
   55.8  20117  -62.9  -87.9      2   0.00     29     14  479.6  479.6  479.6
   53.0  20433  -62.7  -88.2      2   0.00     80     16  487.1  487.1  487.1
   51.0  20669  -62.6  -88.4      2   0.00    115     13  492.8  492.8  492.8
   50.0  20790  -62.5  -88.5      2   0.00    105     11  495.8  495.8  495.8
   48.0  21044  -61.5  -88.1      2   0.00     60     10  504.1  504.1  504.1
   46.0  21310  -60.4  -87.7      2   0.00     70     16  512.8  512.9  512.8
   44.0  21586  -59.2  -87.3      2   0.00    110     19  522.1  522.2  522.1
   41.4  21966  -57.7  -86.7      1   0.01    114     17  535.2  535.2  535.2
   38.7  22389  -59.1  -87.1      2   0.01    119     15  542.0  542.1  542.0
   38.0  22506  -58.4  -86.7      1   0.01    120     14  546.8  546.8  546.8
   36.0  22850  -56.1  -85.7      1   0.01     85     12  561.1  561.1  561.1
   33.0  23405  -52.5  -84.0      1   0.01     75     21  584.7  584.8  584.7
   32.2  23561  -51.5  -83.5      1   0.01     76     22  591.5  591.7  591.6
   30.0  24020  -51.1  -82.1      1   0.02     80     26  604.7  604.9  604.7
   25.7  25023  -52.1  -82.1      2   0.02     94     22  629.2  629.4  629.2
   24.0  25469  -50.9  -81.4      1   0.02    100     20  645.1  645.3  645.1
   20.0  26660  -47.7  -79.7      1   0.04     85     25  689.4  689.8  689.4
   18.0  27361  -45.9  -77.8      1   0.05     70     19  716.3  716.9  716.3
   17.0  27741  -44.8  -76.8      2   0.06     80     21  731.3  732.0  731.4
   16.3  28021  -44.1  -76.1      2   0.08                742.6  743.4  742.6
</PRE><H3>Station information and sounding indices</H3><PRE>
                             Station number: 76256
                           Observation time: 170606/1200
                           Station latitude: 27.95
                          Station longitude: -110.75
                          Station elevation: 12.0
                            Showalter index: 8.55
                               Lifted index: 2.36
    LIFT computed using virtual temperature: 1.97
                                SWEAT index: 33.99
                                    K index: 8.30
                         Cross totals index: 1.50
                      Vertical totals index: 31.50
                        Totals totals index: 33.00
      Convective Available Potential Energy: 0.00
             CAPE using virtual temperature: 0.00
                      Convective Inhibition: 0.00
             CINS using virtual temperature: 0.00
                     Bulk Richardson Number: 0.00
          Bulk Richardson Number using CAPV: 0.00
  Temp [K] of the Lifted Condensation Level: 286.19
Pres [hPa] of the Lifted Condensation Level: 851.59
     Mean mixed layer potential temperature: 299.65
              Mean mixed layer mixing ratio: 11.89
              1000 hPa to 500 hPa thickness: 5810.00
Precipitable water [mm] for entire sounding: 24.59
</PRE>
<H2>76256  Empalme, Son. Observations at 12Z 07 Jun 2017</H2>
<PRE>
-----------------------------------------------------------------------------
   PRES   HGHT   TEMP   DWPT   RELH   MIXR   DRCT   SKNT   THTA   THTE   THTV
    hPa     m      C      C      %    g/kg    deg   knot     K      K      K 
-----------------------------------------------------------------------------
 1008.0     12   22.4   17.4     73  12.56     30      3  294.9  331.1  297.1
 1004.0     48   24.6   17.6     65  12.77     37      3  297.4  334.6  299.7
 1000.0     84   25.2   16.2     57  11.71     45      2  298.4  332.7  300.4
  994.0    137   26.8   12.8     42   9.42     41      2  300.5  328.5  302.2
  983.0    235   28.0   10.0     32   7.90     33      3  302.6  326.5  304.1
  943.0    601   26.9    3.4     22   5.22      5      5  305.1  321.4  306.1
  925.0    771   26.4    0.4     18   4.28     10      5  306.3  319.8  307.1
  912.0    896   26.4   -3.4     14   3.28     30      6  307.5  318.0  308.1
  881.0   1200   26.2  -12.6      7   1.66     10      1  310.4  316.0  310.7
  877.0   1241   26.2  -13.8      6   1.51     30      1  310.8  315.9  311.1
  851.0   1505   24.5   -5.9     13   2.90    165      3  311.7  321.2  312.2
  850.0   1515   24.4   -5.6     13   2.98    165      3  311.7  321.5  312.2
  834.0   1680   23.4   -7.6     12   2.60    163      5  312.3  320.9  312.8
  827.0   1753   22.8  -10.2     10   2.14    162      6  312.5  319.6  312.9
  825.0   1774   22.4    0.4     23   4.80    162      7  312.2  327.6  313.2
  792.0   2126   19.6    4.6     37   6.76    158     12  312.9  334.3  314.2
  779.0   2268   19.6    5.6     40   7.37    157     14  314.4  337.8  315.8
  767.0   2399   18.7    5.0     40   7.16    155     16  314.8  337.6  316.2
  700.0   3175   13.2    1.2     44   6.00    170     15  317.1  336.5  318.2
  666.0   3591    9.7    0.8     54   6.14    180     12  317.6  337.5  318.8
  647.0   3833    7.6    0.6     61   6.22    168     11  317.9  338.1  319.1
  606.0   4371    4.0  -12.0     30   2.53    142      9  319.8  328.4  320.3
  597.0   4492    3.2  -17.8     20   1.59    136      9  320.2  325.8  320.5
  596.0   4506    3.1  -17.1     21   1.68    135      9  320.2  326.1  320.6
  587.0   4629    2.0  -11.0     38   2.83    135      9  320.4  330.0  320.9
  575.0   4794    0.4  -10.9     42   2.91    135      9  320.4  330.3  321.0
  533.0   5397   -5.3  -10.6     66   3.21    170     13  320.6  331.5  321.2
  519.0   5609   -7.3  -10.5     78   3.33    164     16  320.6  331.9  321.3
  500.0   5900   -8.9  -12.9     73   2.85    155     20  322.1  331.9  322.7
  485.0   6135  -10.7  -14.9     71   2.49    149     22  322.7  331.3  323.2
  475.0   6294  -12.1  -15.8     74   2.36    145     23  322.9  331.1  323.4
  446.0   6773  -16.3  -18.5     83   2.00    155     19  323.5  330.5  323.9
  444.0   6807  -15.7  -22.7     55   1.40    156     19  324.7  329.7  324.9
  431.0   7031  -15.7  -42.7      8   0.21    160     17  327.4  328.3  327.5
  405.0   7497  -18.9  -47.5      6   0.13    170     13  329.2  329.8  329.2
  400.0   7590  -19.5  -48.5      6   0.12    170     13  329.6  330.1  329.6
  358.0   8396  -25.8  -53.7      5   0.07    195      9  331.8  332.1  331.8
  329.0   9009  -30.6  -57.6      5   0.05    190     13  333.3  333.5  333.3
  327.0   9054  -30.9  -57.9      5   0.05    194     13  333.4  333.6  333.4
  302.0   9613  -34.6  -59.8      6   0.04    250     15  335.9  336.1  335.9
  300.0   9660  -34.9  -59.9      6   0.04    255     15  336.1  336.2  336.1
  297.0   9729  -35.5  -58.5      8   0.05    253     15  336.2  336.4  336.2
  293.0   9823  -36.3  -50.3     22   0.13    251     14  336.4  336.9  336.4
  277.0  10205  -39.9  -49.9     34   0.14    240     12  336.6  337.2  336.6
  265.0  10501  -42.3  -53.6     28   0.10    255     17  337.4  337.8  337.4
  250.0  10890  -45.5  -58.5     22   0.06    245     17  338.3  338.5  338.3
  244.0  11051  -46.9  -58.9     24   0.06    249     18  338.6  338.8  338.6
  242.0  11106  -47.0  -59.5     23   0.05    250     19  339.2  339.4  339.2
  205.0  12199  -49.3  -72.3      5   0.01    263     62  352.1  352.1  352.1
  200.0  12360  -50.3  -73.3      5   0.01    265     68  352.9  353.0  353.0
  193.0  12585  -51.8  -74.5      5   0.01    265     70  354.1  354.1  354.1
  167.0  13501  -58.1  -79.2      5   0.00    265     49  358.6  358.7  358.7
  152.0  14096  -62.1  -82.3      5   0.00    245     49  361.5  361.5  361.5
  150.0  14180  -62.7  -82.7      5   0.00    245     49  361.9  361.9  361.9
  148.0  14263  -63.5  -83.5      5   0.00    246     49  361.9  361.9  361.9
  125.0  15291  -66.8  -86.0      5   0.00    265     43  373.9  373.9  373.9
  119.0  15590  -67.7  -86.7      5   0.00    282     31  377.4  377.4  377.4
  113.0  15897  -69.8  -88.2      5   0.00    300     19  379.2  379.2  379.2
  102.0  16504  -73.9  -91.0      6   0.00    250     21  382.5  382.5  382.5
  101.0  16562  -74.3  -91.3      6   0.00    250     22  382.8  382.8  382.8
  100.0  16620  -74.3  -91.3      6   0.00    245     23  383.9  383.9  383.9
   97.0  16796  -74.5  -91.2      6   0.00    245     25  386.8  386.8  386.8
   92.0  17102  -75.0  -91.1      7   0.00    260     15  391.8  391.8  391.8
   83.0  17697  -75.8  -90.9      8   0.00    225      6  401.8  401.8  401.8
   82.4  17739  -75.9  -90.9      8   0.00    242      6  402.5  402.5  402.5
   79.0  17985  -72.3  -89.2      6   0.00    340      9  414.8  414.8  414.8
   77.0  18135  -70.1  -88.1      6   0.00     15     11  422.4  422.4  422.4
   75.0  18291  -70.5  -88.5      6   0.00     50     13  424.8  424.8  424.8
   72.8  18467  -70.9  -88.9      5   0.00     37     11  427.6  427.6  427.6
   70.0  18700  -68.1  -88.1      4   0.00     20      8  438.4  438.4  438.4
   69.2  18769  -67.1  -88.1      4   0.00     26     11  441.9  442.0  441.9
   68.0  18877  -66.8  -88.2      4   0.00     35     15  444.7  444.8  444.7
   61.0  19542  -65.2  -88.9      2   0.00     45     23  462.5  462.5  462.5
   58.0  19851  -64.4  -89.2      2   0.00     90     19  470.9  471.0  470.9
   56.0  20066  -63.8  -89.4      2   0.00     80     20  476.9  476.9  476.9
   51.0  20639  -62.4  -90.0      1   0.00     95     13  493.2  493.2  493.2
   50.0  20760  -62.1  -90.1      1   0.00     95     13  496.7  496.7  496.7
   48.3  20974  -62.3  -90.3      1   0.00     87     14  501.2  501.2  501.2
   48.0  21012  -62.2  -90.2      1   0.00     85     14  502.4  502.4  502.4
   44.0  21553  -60.4  -89.1      1   0.00    130     21  519.4  519.5  519.4
   42.2  21813  -59.5  -88.5      1   0.00    126      9  527.8  527.8  527.8
   42.0  21843  -59.2  -88.4      1   0.00    125      8  529.2  529.3  529.2
   40.0  22151  -56.2  -87.3      1   0.00    100      7  544.3  544.4  544.3
   39.2  22279  -54.9  -86.9      1   0.01     72     10  550.6  550.7  550.6
   38.0  22478  -54.8  -86.6      1   0.01     30     15  555.7  555.8  555.7
   36.0  22824  -54.7  -86.1      1   0.01     85     13  564.7  564.8  564.7
   35.0  23004  -54.6  -85.8      1   0.01     60     12  569.4  569.5  569.4
   33.0  23380  -54.5  -85.2      1   0.01     90     15  579.4  579.5  579.4
   31.0  23780  -54.4  -84.6      1   0.01     60     21  590.3  590.4  590.3
   30.0  23990  -54.3  -84.3      1   0.01     70     16  596.0  596.1  596.0
   27.8  24478  -54.3  -84.3      1   0.01     83     20  609.1  609.2  609.1
   26.0  24911  -51.0  -83.5      1   0.01     95     24  630.1  630.2  630.1
   25.6  25011  -50.3  -83.3      1   0.02                635.0  635.2  635.0
</PRE><H3>Station information and sounding indices</H3><PRE>
                             Station number: 76256
                           Observation time: 170607/1200
                           Station latitude: 27.95
                          Station longitude: -110.75
                          Station elevation: 12.0
                            Showalter index: 6.77
                               Lifted index: 4.25
    LIFT computed using virtual temperature: 4.27
                                SWEAT index: 25.99
                                    K index: 15.70
                         Cross totals index: 3.30
                      Vertical totals index: 33.30
                        Totals totals index: 36.60
      Convective Available Potential Energy: 0.00
             CAPE using virtual temperature: 0.00
                      Convective Inhibition: 0.00
             CINS using virtual temperature: 0.00
                     Bulk Richardson Number: 0.00
          Bulk Richardson Number using CAPV: 0.00
  Temp [K] of the Lifted Condensation Level: 280.00
Pres [hPa] of the Lifted Condensation Level: 769.66
     Mean mixed layer potential temperature: 301.77
              Mean mixed layer mixing ratio: 8.42
              1000 hPa to 500 hPa thickness: 5816.00
Precipitable water [mm] for entire sounding: 27.01
</PRE>
<H2>76256  Empalme, Son. Observations at 12Z 08 Jun 2017</H2>
<PRE>
-----------------------------------------------------------------------------
   PRES   HGHT   TEMP   DWPT   RELH   MIXR   DRCT   SKNT   THTA   THTE   THTV
    hPa     m      C      C      %    g/kg    deg   knot     K      K      K 
-----------------------------------------------------------------------------
 1009.0     12   22.4   19.8     85  14.63      0      4  294.8  336.8  297.4
 1006.0     39   24.0   22.0     89  16.86     37      4  296.6  345.5  299.6
 1000.0     95   24.8   22.5     87  17.50    110      3  297.9  348.9  301.1
  980.0    273   24.0   21.4     85  16.67    123      4  298.9  347.6  301.9
  977.0    300   24.6   17.9     66  13.43    125      4  299.7  339.2  302.1
  976.0    309   24.8   16.8     61  12.48    125      4  300.0  336.8  302.3
  973.0    336   25.2   12.2     44   9.25    125      4  300.7  328.3  302.4
  965.0    408   26.6    9.6     34   7.83    125      4  302.8  326.5  304.2
  945.0    593   27.5    0.0     17   4.07    125      5  305.6  318.4  306.3
  931.0    725   28.2   -6.8     10   2.48    149      5  307.6  315.6  308.0
  925.0    782   28.0   -6.0     10   2.65    160      5  307.9  316.6  308.4
  913.0    897   27.6   -7.8      9   2.33    155      5  308.6  316.3  309.1
  883.0   1191   26.4  -12.6      7   1.65    121      6  310.4  316.0  310.7
  882.0   1201   26.3  -11.9      7   1.75    120      6  310.4  316.3  310.7
  857.0   1452   24.2    6.2     31   6.98    112      9  310.8  332.7  312.1
  850.0   1524   23.6    6.6     33   7.24    110     10  310.9  333.5  312.2
  823.0   1804   21.3    7.7     42   8.09    115     10  311.3  336.6  312.9
  803.0   2018   19.6    8.6     49   8.80    129     11  311.7  339.2  313.3
  795.0   2104   19.1    7.5     47   8.21    135     12  312.0  337.8  313.6
  768.0   2400   17.2    3.5     40   6.43    120      6  313.1  333.6  314.4
  753.0   2569   16.2    1.2     36   5.57    143      5  313.8  331.6  314.8
  741.0   2705   15.8  -11.2     15   2.20    163      5  314.8  322.2  315.2
  715.0   3007   13.5  -11.0     17   2.31    205      4  315.4  323.2  315.9
  710.0   3066   13.0  -11.0     18   2.34    195      5  315.6  323.4  316.0
  700.0   3185   12.0   -5.0     30   3.78    175      8  315.7  328.2  316.5
  692.0   3281   10.8    1.8     54   6.34    167      9  315.4  335.8  316.6
  690.0   3305   10.6    1.8     54   6.35    165      9  315.5  335.9  316.7
  666.0   3598    8.4    1.6     62   6.48    155     10  316.2  337.1  317.5
  645.0   3862    6.4    1.4     70   6.61    168     11  316.9  338.1  318.1
  619.0   4198    4.6   -6.0     46   3.95    185     13  318.6  331.7  319.3
  613.0   4278    4.2   -7.8     41   3.49    182     12  319.0  330.6  319.6
  553.0   5094   -3.1  -10.0     59   3.25    145      6  319.8  330.8  320.5
  533.0   5385   -5.7  -10.8     67   3.17    115      7  320.1  330.8  320.7
  512.0   5704   -8.6  -11.7     78   3.08    120     10  320.3  330.7  320.9
  504.0   5829   -9.7  -12.0     83   3.04    140     11  320.4  330.7  321.0
  500.0   5890   -9.5  -15.5     62   2.30    150     11  321.4  329.3  321.8
  485.0   6125  -10.3  -32.3     15   0.53    193     14  323.2  325.2  323.3
  474.0   6301  -10.8  -38.3      8   0.30    225     17  324.7  325.8  324.7
  465.0   6449  -11.3  -43.3      5   0.18    232     17  325.9  326.6  325.9
  440.0   6874   -9.9  -37.9      8   0.33    254     19  332.8  334.2  332.9
  422.0   7192  -12.7  -34.6     14   0.49    270     20  333.2  335.2  333.4
  400.0   7600  -16.3  -30.3     29   0.77    270     22  333.7  336.7  333.9
  337.0   8858  -27.7  -33.7     57   0.66    259     29  334.9  337.5  335.0
  317.0   9291  -31.7  -36.6     62   0.53    255     32  335.3  337.3  335.4
  300.0   9680  -35.3  -39.3     67   0.42    260     32  335.5  337.2  335.6
  298.0   9727  -35.7  -39.5     68   0.42    260     32  335.6  337.2  335.7
  275.0  10283  -38.9  -52.9     21   0.10    262     36  338.7  339.2  338.8
  250.0  10930  -44.5  -56.5     25   0.07    265     40  339.8  340.1  339.8
  244.0  11091  -45.4  -57.9     23   0.06    265     44  340.8  341.0  340.8
  225.0  11629  -48.5  -62.5     18   0.04    261     56  344.0  344.2  344.0
  203.0  12303  -50.1  -71.1      7   0.01    256     72  351.8  351.8  351.8
  200.0  12400  -50.7  -72.7      6   0.01    255     74  352.3  352.4  352.3
  194.0  12592  -52.1  -73.7      6   0.01    260     74  353.2  353.3  353.2
  160.0  13804  -60.6  -80.3      6   0.00    250     61  358.8  358.8  358.8
  150.0  14210  -63.5  -82.5      6   0.00    230     59  360.5  360.5  360.5
  149.0  14251  -64.1  -83.1      6   0.00    231     59  360.1  360.2  360.1
  145.0  14417  -64.3  -83.6      6   0.00    235     59  362.6  362.6  362.6
  135.0  14853  -64.9  -84.9      5   0.00    254     42  369.0  369.0  369.0
  132.0  14987  -65.6  -85.3      5   0.00    260     37  370.2  370.2  370.2
  119.0  15604  -68.8  -87.1      6   0.00    230     28  375.5  375.5  375.5
  108.0  16182  -71.7  -88.8      6   0.00    245     42  380.4  380.4  380.4
  100.0  16640  -74.1  -90.1      7   0.00    265     25  384.3  384.3  384.3
   93.0  17064  -73.5  -89.5      7   0.00    275     11  393.6  393.6  393.6
   91.3  17171  -73.3  -89.3      7   0.00    292      8  396.0  396.0  396.0
   88.0  17384  -74.7  -90.0      8   0.00    325      3  397.4  397.4  397.4
   83.0  17723  -76.9  -91.2      9   0.00     60      3  399.5  399.5  399.5
   81.8  17807  -77.5  -91.5      9   0.00     95      3  400.1  400.1  400.1
   79.0  18008  -75.7  -90.3      9   0.00     65      7  407.9  407.9  407.9
   77.3  18134  -74.5  -89.5      8   0.00     78      8  412.8  412.8  412.8
   75.1  18304  -68.5  -88.5      4   0.00     96      9  428.8  428.8  428.8
   72.3  18533  -65.3  -85.3      5   0.00    120     11  440.3  440.3  440.3
   70.0  18730  -65.3  -86.3      4   0.00    140     12  444.4  444.4  444.4
   68.0  18907  -65.4  -86.8      4   0.00    155     14  447.9  447.9  447.9
   65.0  19183  -65.4  -87.5      3   0.00    175     15  453.5  453.6  453.5
   62.0  19471  -65.5  -88.3      3   0.00    125      9  459.5  459.5  459.5
   59.0  19775  -65.6  -89.1      3   0.00    110     14  465.8  465.9  465.8
   57.0  19985  -65.7  -89.7      2   0.00    117     12  470.3  470.3  470.3
   56.0  20094  -65.3  -89.6      2   0.00    120     11  473.5  473.5  473.5
   51.0  20668  -63.5  -89.2      2   0.00     70      6  490.6  490.7  490.6
   50.0  20790  -63.1  -89.1      2   0.00     85      8  494.4  494.4  494.4
   48.0  21040  -63.0  -89.5      2   0.00    115     11  500.4  500.4  500.4
   46.4  21248  -62.9  -89.9      2   0.00    131      9  505.5  505.5  505.5
   46.0  21302  -62.4  -89.7      1   0.00    135      8  508.0  508.0  508.0
   44.0  21577  -59.8  -88.5      1   0.00     65      8  520.7  520.8  520.7
   43.6  21633  -59.3  -88.3      1   0.00     66      9  523.4  523.4  523.4
   38.0  22501  -55.4  -86.6      1   0.01     75     22  554.2  554.3  554.2
   36.0  22843  -53.9  -85.9      1   0.01     87     20  566.8  566.9  566.8
   33.5  23305  -52.5  -84.5      1   0.01    102     18  582.3  582.4  582.3
   33.0  23401  -53.0  -84.8      1   0.01    105     18  583.6  583.7  583.6
   30.5  23905  -55.3  -86.3      1   0.01    101     15  590.5  590.6  590.5
   30.0  24010  -54.9  -85.9      1   0.01    100     14  594.4  594.5  594.4
   29.0  24229  -54.0  -85.7      1   0.01    110     14  602.5  602.6  602.5
   26.0  24935  -51.3  -85.0      1   0.01     85     18  629.4  629.5  629.4
   24.2  25399  -49.5  -84.5      1   0.01     87     22  647.6  647.8  647.6
   22.2  25963  -49.9  -82.9      1   0.02     90     27  662.6  662.8  662.6
   22.0  26022  -49.6  -82.8      1   0.02     90     28  665.3  665.5  665.3
   20.0  26650  -46.3  -82.3      1   0.02     95     28  693.7  693.9  693.7
   19.5  26818  -45.3  -81.3      1   0.03     94     27  701.8  702.1  701.8
   17.0  27732  -45.8  -81.0      1   0.03     90     21  728.4  728.8  728.4
   16.3  28012  -45.9  -80.9      1   0.04                736.7  737.1  736.7
</PRE><H3>Station information and sounding indices</H3><PRE>
                             Station number: 76256
                           Observation time: 170608/1200
                           Station latitude: 27.95
                          Station longitude: -110.75
                          Station elevation: 12.0
                            Showalter index: 0.18
                               Lifted index: -0.94
    LIFT computed using virtual temperature: -1.22
                                SWEAT index: 114.20
                                    K index: 22.70
                         Cross totals index: 16.10
                      Vertical totals index: 33.10
                        Totals totals index: 49.20
      Convective Available Potential Energy: 21.55
             CAPE using virtual temperature: 32.86
                      Convective Inhibition: -929.04
             CINS using virtual temperature: -808.59
                           Equilibrum Level: 480.53
 Equilibrum Level using virtual temperature: 471.26
                   Level of Free Convection: 536.19
             LFCT using virtual temperature: 542.42
                     Bulk Richardson Number: 8.63
          Bulk Richardson Number using CAPV: 13.16
  Temp [K] of the Lifted Condensation Level: 287.86
Pres [hPa] of the Lifted Condensation Level: 866.93
     Mean mixed layer potential temperature: 299.86
              Mean mixed layer mixing ratio: 13.14
              1000 hPa to 500 hPa thickness: 5795.00
Precipitable water [mm] for entire sounding: 30.23
</PRE>
<H2>76256  Empalme, Son. Observations at 12Z 10 Jun 2017</H2>
<PRE>
-----------------------------------------------------------------------------
   PRES   HGHT   TEMP   DWPT   RELH   MIXR   DRCT   SKNT   THTA   THTE   THTV
    hPa     m      C      C      %    g/kg    deg   knot     K      K      K 
-----------------------------------------------------------------------------
 1006.0     12   21.8   21.6     99  16.44     20      3  294.4  341.6  297.3
 1001.0     57   25.2   16.2     57  11.70    347      2  298.3  332.6  300.4
 1000.0     66   26.2   14.2     48  10.28    340      2  299.4  329.7  301.2
  991.0    145   27.4    6.4     26   6.12    323      2  301.3  319.9  302.4
  976.0    280   29.0    5.0     22   5.63    294      2  304.2  321.6  305.3
  974.0    298   29.0    4.7     21   5.53    290      2  304.4  321.5  305.4
  925.0    753   28.4   -2.6     13   3.43    250      9  308.3  319.4  309.0
  910.0    897   27.4    2.7     20   5.12    225      9  308.7  324.9  309.7
  899.0   1005   26.6    6.6     28   6.84    229     11  309.0  330.4  310.3
  850.0   1496   23.6   -0.4     20   4.39    250     20  310.9  324.9  311.7
  803.0   1990   20.6   -8.4     13   2.54    221     14  312.8  321.2  313.2
  793.0   2096   19.6   -7.7     15   2.71    215     13  312.8  321.8  313.3
  718.0   2941   11.6   -2.4     38   4.49    224     18  313.0  327.5  313.9
  713.0   2999   11.3   -4.9     32   3.75    225     18  313.3  325.6  314.1
  700.0   3153   10.6  -11.4     20   2.30    220     18  314.2  321.9  314.6
  692.0   3248    9.8  -12.2     20   2.18    217     17  314.3  321.7  314.8
  681.0   3381   10.8  -27.2      5   0.61    212     17  316.9  319.1  317.0
  640.0   3885    8.2  -31.0      4   0.45    195     14  319.6  321.3  319.7
  617.0   4182    6.6  -33.3      4   0.38    205      9  321.2  322.6  321.2
  594.0   4491    5.0  -35.6      3   0.31    185      6  322.8  324.0  322.9
  573.0   4783    3.5  -37.8      3   0.26    265      4  324.4  325.4  324.4
  552.0   5086    1.9  -40.1      3   0.21    310      6  325.9  326.8  326.0
  524.0   5509   -0.3  -43.3      2   0.16    310      7  328.2  328.8  328.2
  511.0   5708   -1.7  -43.6      2   0.16    310      8  328.9  329.5  328.9
  500.0   5880   -2.9  -43.9      3   0.16    335      7  329.4  330.1  329.5
  493.0   5989   -3.6  -43.5      3   0.17    350      6  329.9  330.6  329.9
  457.0   6578   -7.6  -41.2      5   0.23    300      8  332.2  333.1  332.2
  422.0   7197  -11.7  -38.9      9   0.32    280     20  334.5  335.8  334.6
  406.0   7497  -13.7  -37.7     11   0.37    298     24  335.7  337.1  335.7
  400.0   7610  -14.5  -37.5     12   0.38    305     25  336.1  337.6  336.1
  375.0   8088  -18.6  -41.6     11   0.27    310     31  336.8  337.9  336.9
  336.0   8901  -25.7  -48.7     10   0.14    300     30  337.9  338.5  337.9
  305.0   9593  -31.9  -43.9     29   0.26    291     29  338.7  339.8  338.8
  300.0   9710  -32.5  -45.5     26   0.22    290     29  339.4  340.4  339.5
  292.0   9895  -34.0  -47.2     25   0.19    295     32  339.9  340.7  340.0
  256.0  10797  -41.4  -55.2     21   0.08    285     36  342.1  342.5  342.1
  250.0  10960  -42.7  -56.7     20   0.07    280     38  342.4  342.8  342.5
  214.0  11984  -50.8  -62.0     25   0.04    285     48  345.4  345.6  345.5
  200.0  12430  -54.3  -64.3     28   0.03    295     44  346.6  346.8  346.6
  177.0  13194  -59.4  -71.1     20   0.01    290     35  350.6  350.6  350.6
  150.0  14230  -66.3  -80.3     12   0.00    270     38  355.7  355.7  355.7
  144.0  14476  -68.1  -81.1     14   0.00    272     38  356.7  356.7  356.7
  132.0  14994  -70.0  -83.5     12   0.00    275     39  362.3  362.3  362.3
  125.0  15318  -71.2  -85.0     11   0.00    275     23  365.8  365.9  365.8
  121.0  15512  -71.9  -85.9     11   0.00    264     25  368.0  368.0  368.0
  116.0  15761  -71.3  -86.3      9   0.00    249     27  373.5  373.5  373.5
  113.0  15914  -72.0  -86.8      9   0.00    240     28  375.1  375.1  375.1
  102.0  16514  -74.6  -88.7     10   0.00    275     28  381.2  381.2  381.2
  100.0  16630  -75.1  -89.1     10   0.00    285     23  382.4  382.4  382.4
   97.9  16753  -75.9  -89.9     10   0.00    290     17  383.1  383.1  383.1
   97.0  16806  -75.8  -89.9     10   0.00    290     14  384.4  384.4  384.4
   87.0  17437  -74.5  -89.5      8   0.00    220      6  399.1  399.1  399.1
   83.0  17711  -73.9  -89.3      8   0.00    210     10  405.7  405.7  405.7
   79.0  17997  -73.3  -89.2      7   0.00    245      3  412.6  412.6  412.6
   77.4  18116  -73.1  -89.1      7   0.00    290      2  415.6  415.6  415.6
   75.0  18302  -71.0  -88.8      6   0.00      0      1  423.8  423.8  423.8
   73.6  18413  -69.7  -88.7      5   0.00     48      3  428.8  428.8  428.8
   71.0  18626  -70.3  -89.3      5   0.00    140      8  432.0  432.0  432.0
   70.0  18710  -70.5  -89.5      5   0.00    160     12  433.2  433.2  433.2
   68.9  18804  -70.7  -89.7      5   0.00    187     13  434.8  434.8  434.8
   68.0  18884  -70.2  -89.6      4   0.00    210     14  437.6  437.6  437.6
   61.0  19540  -65.7  -89.0      3   0.00    285     14  461.3  461.3  461.3
   58.1  19834  -63.7  -88.7      2   0.00    353     12  472.2  472.3  472.2
   58.0  19844  -63.8  -88.8      2   0.00    355     12  472.4  472.4  472.4
   56.3  20027  -64.7  -89.7      2   0.00     46     10  474.2  474.3  474.2
   56.0  20060  -64.5  -89.7      2   0.00     55     10  475.4  475.4  475.4
   50.0  20760  -60.3  -89.3      1   0.00     85     14  500.9  501.0  500.9
   49.2  20861  -59.1  -88.1      1   0.00     85     14  506.1  506.1  506.1
   48.0  21017  -58.5  -87.8      1   0.00     85     14  511.1  511.2  511.1
   46.0  21286  -57.4  -87.3      1   0.00    125     10  519.9  520.0  519.9
   44.0  21567  -56.3  -86.8      1   0.00     65      5  529.3  529.3  529.3
   42.2  21831  -55.3  -86.3      1   0.01     38      2  538.2  538.2  538.2
   42.0  21861  -55.3  -86.3      1   0.01     35      2  538.8  538.9  538.8
   36.0  22841  -56.2  -85.7      1   0.01     90     21  560.8  560.9  560.8
   34.3  23149  -56.5  -85.5      1   0.01     93     26  567.9  567.9  567.9
   31.0  23791  -56.1  -86.1      1   0.01    100     35  585.5  585.6  585.5
   30.8  23832  -56.1  -86.1      1   0.01    102     33  586.7  586.8  586.7
   30.0  24000  -54.9  -85.9      1   0.01    110     27  594.4  594.5  594.4
   27.1  24654  -51.1  -84.1      1   0.01    117     23  622.5  622.7  622.5
   26.0  24925  -50.0  -83.0      1   0.02    120     21  633.0  633.1  633.0
   24.5  25313  -48.5  -81.5      1   0.02    115     17  648.2  648.5  648.3
   23.0  25726  -49.3  -81.3      1   0.02    110     13  657.6  657.9  657.6
   22.0  26017  -49.9  -81.2      1   0.03     60     11  664.3  664.5  664.3
   21.7  26107  -50.1  -81.1      1   0.03     60     12  666.4  666.6  666.4
   20.0  26640  -48.9  -80.9      1   0.03     60     19  685.7  686.0  685.7
   19.0  26977  -47.9  -79.9      1   0.04                699.0  699.3  699.0
</PRE><H3>Station information and sounding indices</H3><PRE>
                             Station number: 76256
                           Observation time: 170610/1200
                           Station latitude: 27.95
                          Station longitude: -110.75
                          Station elevation: 12.0
                            Showalter index: 10.94
                               Lifted index: 12.45
    LIFT computed using virtual temperature: 12.11
                                SWEAT index: 47.01
                                    K index: 4.10
                         Cross totals index: 2.50
                      Vertical totals index: 26.50
                        Totals totals index: 29.00
      Convective Available Potential Energy: 0.00
             CAPE using virtual temperature: 0.00
                      Convective Inhibition: 0.00
             CINS using virtual temperature: 0.00
                     Bulk Richardson Number: 0.00
          Bulk Richardson Number using CAPV: 0.00
  Temp [K] of the Lifted Condensation Level: 275.31
Pres [hPa] of the Lifted Condensation Level: 716.36
     Mean mixed layer potential temperature: 302.87
              Mean mixed layer mixing ratio: 6.70
              1000 hPa to 500 hPa thickness: 5814.00
Precipitable water [mm] for entire sounding: 15.80
</PRE>
<H2>76256  Empalme, Son. Observations at 12Z 11 Jun 2017</H2>
<PRE>
-----------------------------------------------------------------------------
   PRES   HGHT   TEMP   DWPT   RELH   MIXR   DRCT   SKNT   THTA   THTE   THTV
    hPa     m      C      C      %    g/kg    deg   knot     K      K      K 
-----------------------------------------------------------------------------
 1008.0     12   24.6   24.1     97  19.17    115      3  297.1  352.8  300.5
 1000.0     84   24.8   23.1     90  18.17    150     11  297.9  350.9  301.2
  975.0    305   23.2   21.7     91  17.08    150     10  298.5  348.4  301.6
  942.0    605   21.1   19.8     92  15.69    225      4  299.3  345.3  302.1
  925.0    764   20.0   18.8     93  15.00    245      2  299.8  343.8  302.4
  922.0    792   19.8   18.7     93  14.95    243      3  299.8  343.7  302.5
  920.0    811   19.8   18.5     92  14.79    242      3  300.0  343.5  302.7
  917.0    839   21.6   14.6     64  11.52    241      4  302.1  336.4  304.2
  916.0    848   22.6   11.6     50   9.45    240      4  303.3  331.7  305.0
  892.0   1078   25.0    4.0     26   5.75    228      8  308.1  326.0  309.1
  850.0   1496   22.0    5.0     33   6.47    205     17  309.2  329.4  310.4
  823.0   1776   20.8   -2.2     21   3.97    205     20  310.8  323.6  311.5
  821.0   1796   20.6   -2.2     21   3.98    205     20  310.8  323.6  311.6
  738.0   2698   12.7   -2.2     35   4.43    230     21  311.8  326.0  312.6
  700.0   3145    8.8   -2.2     46   4.67    215     25  312.2  327.2  313.1
  675.0   3444    6.2   -4.8     45   3.99    212     22  312.6  325.4  313.3
  673.0   3468    7.2   -7.8     34   3.17    211     21  313.9  324.4  314.5
  662.0   3604    8.2  -19.1     13   1.29    210     20  316.5  321.1  316.8
  649.0   3767    9.4  -32.6      3   0.38    216     20  319.7  321.1  319.8
  619.0   4157    7.8  -31.2      4   0.46    231     20  322.2  324.0  322.3
  577.0   4729    2.6  -35.4      4   0.33    252     19  322.7  323.9  322.7
  572.0   4799    2.2  -35.7      4   0.32    255     19  323.0  324.2  323.1
  513.0   5668   -2.7  -39.7      4   0.24    231     29  327.3  328.2  327.3
  500.0   5870   -4.3  -41.3      4   0.21    225     31  327.7  328.6  327.8
  492.0   5995   -5.2  -39.9      5   0.24    225     30  328.1  329.1  328.2
  431.0   7017  -12.7  -28.7     25   0.84    241     34  331.2  334.4  331.4
  408.0   7431  -15.5  -44.5      6   0.18    248     35  332.9  333.6  332.9
  400.0   7580  -16.5  -47.5      5   0.13    250     36  333.5  334.0  333.5
  389.0   7788  -18.2  -48.4      5   0.12    255     37  333.9  334.4  333.9
  375.0   8062  -20.5  -49.5      6   0.11    254     39  334.4  334.9  334.4
  363.0   8303  -21.7  -36.7     24   0.46    254     41  335.9  337.7  336.0
  323.0   9153  -28.7  -40.7     31   0.34    251     48  337.6  339.0  337.7
  316.0   9310  -29.9  -40.9     34   0.34    251     50  338.1  339.4  338.1
  313.0   9378  -30.3  -42.3     30   0.30    251     50  338.4  339.6  338.5
  312.0   9401  -29.7  -47.7     16   0.16    251     51  339.6  340.3  339.6
  300.0   9680  -31.5  -48.5     17   0.16    250     53  340.9  341.5  340.9
  250.0  10940  -42.1  -57.1     18   0.07    255     61  343.3  343.6  343.4
  244.0  11100  -43.3  -58.3     18   0.06    255     60  343.9  344.1  343.9
  200.0  12410  -53.5  -68.5     14   0.02    250     52  347.9  348.0  347.9
  153.0  14095  -63.6  -79.5     10   0.00    250     54  358.4  358.4  358.4
  150.0  14220  -64.3  -80.3     10   0.00    250     52  359.1  359.1  359.1
  139.0  14676  -67.0  -82.3     10   0.00    255     46  362.2  362.2  362.2
  125.0  15310  -70.8  -85.2     10   0.00    220     40  366.5  366.5  366.5
  120.0  15555  -72.3  -86.3     11   0.00    215     44  368.1  368.1  368.1
  119.0  15603  -72.4  -86.4     11   0.00    220     44  368.9  368.9  368.9
  108.0  16170  -73.1  -87.7      9   0.00    245     32  377.8  377.8  377.8
  100.0  16620  -73.7  -88.7      9   0.00    255     28  385.1  385.1  385.1
   97.0  16798  -73.7  -88.7      9   0.00    270     21  388.4  388.4  388.4
   92.0  17108  -73.7  -88.7      9   0.00    260     11  394.4  394.4  394.4
   91.8  17120  -73.7  -88.7      9   0.00    257     11  394.6  394.6  394.6
   90.0  17237  -71.3  -88.3      6   0.00    233     13  401.6  401.6  401.6
   88.0  17370  -71.4  -88.4      6   0.00    205     16  404.0  404.0  404.0
   82.0  17787  -71.7  -88.7      6   0.00    244     15  411.6  411.6  411.6
   79.0  18010  -67.4  -88.1      4   0.00    265     15  424.9  424.9  424.9
   78.8  18025  -67.1  -88.1      4   0.00    265     15  425.8  425.9  425.8
   75.0  18323  -67.1  -88.1      4   0.00    265      9  431.9  431.9  431.9
   72.0  18570  -67.1  -88.1      4   0.00    215     12  437.0  437.0  437.0
   70.0  18740  -67.1  -88.1      4   0.00    220     14  440.5  440.5  440.5
   69.3  18801  -66.7  -88.7      3   0.00                442.6  442.6  442.6
</PRE><H3>Station information and sounding indices</H3><PRE>
                             Station number: 76256
                           Observation time: 170611/1200
                           Station latitude: 27.95
                          Station longitude: -110.75
                          Station elevation: 12.0
                            Showalter index: 7.31
                               Lifted index: -0.86
    LIFT computed using virtual temperature: -1.80
                                SWEAT index: 192.75
                                    K index: 20.30
                         Cross totals index: 9.30
                      Vertical totals index: 26.30
                        Totals totals index: 35.60
      Convective Available Potential Energy: 667.16
             CAPE using virtual temperature: 838.04
                      Convective Inhibition: -0.76
             CINS using virtual temperature: -0.17
                           Equilibrum Level: 197.60
 Equilibrum Level using virtual temperature: 197.34
                   Level of Free Convection: 938.81
             LFCT using virtual temperature: 946.40
                     Bulk Richardson Number: 21.25
          Bulk Richardson Number using CAPV: 26.70
  Temp [K] of the Lifted Condensation Level: 294.81
Pres [hPa] of the Lifted Condensation Level: 958.98
     Mean mixed layer potential temperature: 298.38
              Mean mixed layer mixing ratio: 17.36
              1000 hPa to 500 hPa thickness: 5786.00
Precipitable water [mm] for entire sounding: 29.69
</PRE>
<P>Description of the 
<A HREF="/upperair/columns.html">data columns</A>
or <A HREF="/upperair/indices.html">sounding indices</A>.

<P>
<FORM>
<INPUT CLASS="button" TYPE="button" VALUE=" Close this window " 
 onClick="window.close();">
<INPUT CLASS="button" TYPE="button" VALUE=" Select another map " 
 onClick="window.blur();">
</FORM>
<HR SIZE="1">
<I>Interested in graduate studies in atmospheric science?
Check out our program at the
<a href="http://www.uwyo.edu/atsc/howtoapply/"
target=_top>University of Wyoming
</a></I>
<HR SIZE="1"><FONT SIZE="-1">
Questions about the weather data provided by this site can be
addressed to <A HREF="mailto:ldoolman@uwyo.edu">
Larry Oolman (ldoolman@uwyo.edu)</A></FONT>
<HR SIZE="1">
<SCRIPT TYPE="text/javascript">
<!--
window.focus();
// -->
</SCRIPT>
</BODY>
</HTML>
