<HTML>
<TITLE>University of Wyoming - Radiosonde Data</TITLE>
<LINK REL="StyleSheet" HREF="/resources/select.css" TYPE="text/css">
<BODY BGCOLOR="white">
<H2>76256  Empalme, Son. Observations at 00Z 27 Aug 2017</H2>
<PRE>
-----------------------------------------------------------------------------
   PRES   HGHT   TEMP   DWPT   RELH   MIXR   DRCT   SKNT   THTA   THTE   THTV
    hPa     m      C      C      %    g/kg    deg   knot     K      K      K 
-----------------------------------------------------------------------------
 1007.0     12   35.0   26.0     60  21.58    200     10  307.5  373.3  311.5
 1002.0     58   35.2   27.2     63  23.34    250      6  308.2  379.7  312.4
 1000.0     77   34.6   25.6     60  21.21    270      5  307.8  372.4  311.6
  994.0    131   31.6   23.6     63  18.86    258      7  305.3  362.1  308.7
  976.0    295   30.0   24.5     72  20.27    220     14  305.3  366.4  309.0
  967.0    378   29.2   24.9     78  21.03    209     12  305.3  368.7  309.1
  956.0    480   29.4   21.4     62  17.10    196     10  306.5  358.2  309.6
  943.0    601   28.5   21.3     65  17.25    180      8  306.7  359.0  309.9
  925.0    772   27.2   21.2     70  17.47    165      6  307.1  360.1  310.3
  912.0    898   26.4   21.1     73  17.57    180      3  307.5  360.9  310.8
  906.0    957   26.0   21.0     74  17.62    145      4  307.7  361.2  310.9
  882.0   1194   25.3   17.9     64  14.87      5      6  309.3  354.8  312.1
  866.0   1356   24.8   15.8     57  13.21     17      8  310.4  351.1  312.9
  850.0   1520   23.6   14.6     57  12.44     30     10  310.9  349.2  313.2
  822.0   1813   20.8   15.8     73  13.93     40     10  310.9  353.8  313.5
  796.0   2089   19.0   13.4     70  12.32     50     10  311.9  350.0  314.2
  700.0   3190   12.0    4.0     58   7.33     50     10  315.7  339.1  317.1
  691.0   3298   11.7    2.2     52   6.54     50      8  316.6  337.6  317.8
  688.0   3335   11.6    1.6     50   6.28     55      8  316.9  337.1  318.1
  667.0   3589    9.8    1.0     54   6.22     90      6  317.6  337.7  318.8
  643.0   3889    7.6    0.3     60   6.14    100      5  318.5  338.4  319.7
  620.0   4188    5.5   -0.3     66   6.06    165      4  319.4  339.1  320.6
  567.0   4921    0.2   -2.0     85   5.86    105      8  321.5  340.7  322.6
  554.0   5106   -0.9   -2.5     89   5.80     90      9  322.3  341.4  323.4
  536.0   5370   -2.5   -3.1     96   5.71    108      7  323.4  342.4  324.6
  534.0   5399   -2.6   -3.4     95   5.62    110      7  323.6  342.3  324.7
  514.0   5701   -3.8   -6.0     85   4.76     75      6  325.7  341.8  326.7
  500.0   5920   -4.7   -8.0     78   4.21     75      7  327.2  341.6  328.1
  495.0   5998   -5.1   -8.5     77   4.08     60      6  327.7  341.7  328.5
  476.0   6303   -6.5  -10.6     73   3.60    355      4  329.6  342.1  330.4
  458.0   6603   -7.9  -12.7     69   3.17     90      1  331.5  342.6  332.1
  451.0   6723   -8.5  -13.5     67   3.01    106      3  332.3  342.9  332.9
  449.0   6757   -8.3  -17.3     48   2.20    111      4  332.9  340.9  333.4
  441.0   6896   -9.5  -15.6     61   2.60    130      7  333.2  342.5  333.7
  438.0   6949   -9.9  -14.9     67   2.76    131      7  333.3  343.1  333.8
  424.0   7197  -11.6  -16.5     67   2.50    135      8  334.3  343.3  334.8
  408.0   7490  -13.5  -18.4     67   2.21    152      8  335.4  343.5  335.9
  407.0   7509  -13.3  -20.3     56   1.88    153      8  335.9  342.9  336.3
  405.0   7546  -13.3  -29.3     25   0.84    155      8  336.4  339.6  336.6
  401.0   7621  -13.9  -27.9     30   0.97    159      8  336.6  340.3  336.8
  400.0   7640  -14.1  -28.1     30   0.95    160      8  336.6  340.2  336.8
  398.0   7678  -14.5  -24.5     42   1.33    161      8  336.5  341.5  336.8
  397.0   7697  -14.7  -19.7     66   2.03    162      8  336.5  344.0  336.9
  392.0   7793  -15.6  -21.1     63   1.83    165      8  336.6  343.3  336.9
  386.0   7909  -16.7  -22.7     60   1.61    164      8  336.6  342.6  336.9
  384.0   7948  -16.3  -35.3     18   0.50    164      8  337.6  339.6  337.7
  361.0   8410  -18.7  -51.7      4   0.09    162      9  340.4  340.8  340.4
  347.0   8698  -20.8  -53.6      4   0.07    160      9  341.4  341.7  341.4
  333.0   8999  -23.1  -55.6      3   0.06    130      5  342.4  342.7  342.4
  300.0   9760  -28.7  -60.7      3   0.04    185      5  344.8  345.0  344.8
  294.0   9904  -29.7  -61.0      3   0.04    180      4  345.4  345.6  345.4
  282.0  10200  -31.7  -61.7      4   0.03    220      1  346.7  346.8  346.7
  270.0  10504  -34.2  -62.4      4   0.03    165      2  347.3  347.5  347.3
  259.0  10793  -36.6  -63.1      5   0.03     60      1  347.9  348.1  347.9
  250.0  11040  -38.7  -63.7      5   0.03    285      2  348.4  348.5  348.4
  248.0  11094  -39.1  -63.9      5   0.03    285      2  348.5  348.7  348.5
  227.0  11689  -44.1  -66.5      7   0.02    290      5  349.9  350.1  349.9
  217.0  11992  -46.6  -67.8      7   0.02    320      7  350.6  350.7  350.6
  200.0  12540  -51.1  -70.1      9   0.02    335     12  351.7  351.8  351.7
  198.0  12603  -51.6  -70.4      9   0.01    335     12  351.9  352.0  351.9
  180.0  13200  -56.4  -73.5     10   0.01    335     12  353.9  353.9  353.9
  156.0  14096  -63.5  -78.1     12   0.01    340      8  356.5  356.6  356.5
  151.0  14300  -65.1  -79.1     13   0.01    352      8  357.1  357.1  357.1
  150.0  14340  -64.9  -79.9     11   0.00    355      8  358.1  358.1  358.1
  149.0  14380  -65.2  -79.9     11   0.00      0      9  358.3  358.3  358.3
  122.0  15568  -74.1  -81.1     34   0.00    180     10  363.1  363.1  363.1
  115.0  15920  -76.7  -81.4     47   0.00    130      7  364.4  364.5  364.4
  110.0  16175  -77.7  -82.1     50   0.00    125     11  367.1  367.2  367.1
  104.0  16496  -79.0  -83.0     53   0.00     85      6  370.6  370.6  370.6
  102.0  16607  -79.5  -83.3     54   0.00     55      6  371.8  371.8  371.8
  100.0  16720  -79.5  -84.0     48   0.00     60     10  373.9  373.9  373.9
   99.0  16777  -78.9  -83.9     44   0.00     70     13  376.0  376.1  376.0
   94.0  17074  -76.1  -83.3     31   0.00     95     25  387.3  387.3  387.3
   92.4  17172  -75.1  -83.1     28   0.00     91     25  391.1  391.1  391.1
   84.0  17723  -75.0  -84.2     23   0.00     70     28  402.1  402.2  402.1
   80.0  18006  -74.9  -84.7     21   0.00    100     31  407.9  407.9  407.9
   78.8  18093  -74.9  -84.9     20   0.00     99     31  409.7  409.8  409.7
   73.1  18533  -70.1  -86.1      8   0.00     91     31  428.7  428.8  428.7
   72.0  18623  -70.1  -86.5      8   0.00     90     31  430.6  430.6  430.6
   70.0  18790  -70.1  -87.1      7   0.00    100     31  434.1  434.1  434.1
   69.9  18799  -70.3  -86.3      8   0.00    101     31  433.8  433.9  433.8
   67.9  18973  -66.9  -85.9      5   0.00    114     27  444.8  444.8  444.8
   65.0  19236  -67.1  -86.8      5   0.00    135     21  450.0  450.0  450.0
   62.0  19521  -67.2  -87.8      4   0.00    115     12  455.8  455.8  455.8
   59.0  19821  -67.4  -88.9      3   0.00     80     24  461.9  461.9  461.9
   57.4  19987  -67.5  -89.5      3   0.00     88     26  465.3  465.3  465.3
   56.0  20137  -66.1  -88.7      3   0.00     95     27  471.8  471.8  471.8
   55.0  20246  -65.1  -88.1      3   0.00     93     27  476.5  476.5  476.5
   50.0  20830  -63.1  -87.1      3   0.00     80     26  494.4  494.4  494.4
   49.0  20955  -62.7  -87.0      3   0.00     80     28  498.1  498.2  498.1
   46.0  21347  -61.5  -86.6      2   0.00     90     33  510.1  510.1  510.1
   39.6  22277  -58.7  -85.7      2   0.01     83     38  539.5  539.5  539.5
   33.0  23428  -56.6  -83.6      2   0.01     75     43  573.9  574.0  573.9
   30.0  24030  -55.5  -82.5      2   0.01     85     47  592.7  592.9  592.8
   26.3  24869  -53.1  -81.1      2   0.02     88     45  622.2  622.5  622.2
   22.7  25813  -52.9  -79.9      2   0.03     92     43  649.6  649.9  649.6
   20.0  26630  -50.1  -78.1      2   0.05     95     41  682.1  682.5  682.1
   19.0  26966  -49.2  -77.2      2   0.05     95     39  694.9  695.5  695.0
   18.9  27000  -49.1  -77.1      2   0.06     95     39  696.3  696.9  696.3
   17.4  27544  -48.1  -76.1      3   0.07     94     41  716.1  716.9  716.1
   16.9  27736  -46.7  -75.7      2   0.08     93     41  726.6  727.4  726.6
   15.5  28309  -47.5  -74.5      3   0.10     92     43  742.1  743.2  742.2
   13.0  29477  -45.7  -73.4      3   0.14     90     46  786.6  788.2  786.6
   12.0  30009  -44.9  -72.9      3   0.17     88     44  807.6  809.6  807.7
   11.2  30471  -43.5  -72.5      3   0.19     86     42  828.8  831.0  828.9
   11.0  30594  -42.6  -72.3      2   0.20     85     42  836.2  838.5  836.3
   10.3  31039  -39.5  -71.5      2   0.24                863.6  866.5  863.8
</PRE><H3>Station information and sounding indices</H3><PRE>
                             Station number: 76256
                           Observation time: 170827/0000
                           Station latitude: 27.95
                          Station longitude: -110.75
                          Station elevation: 12.0
                            Showalter index: -1.36
                               Lifted index: -6.69
    LIFT computed using virtual temperature: -7.48
                                SWEAT index: 202.20
                                    K index: 34.90
                         Cross totals index: 19.30
                      Vertical totals index: 28.30
                        Totals totals index: 47.60
      Convective Available Potential Energy: 3227.91
             CAPE using virtual temperature: 3484.45
                      Convective Inhibition: -88.13
             CINS using virtual temperature: -52.22
                           Equilibrum Level: 112.62
 Equilibrum Level using virtual temperature: 112.65
                   Level of Free Convection: 788.25
             LFCT using virtual temperature: 818.64
                     Bulk Richardson Number: 142.47
          Bulk Richardson Number using CAPV: 153.80
  Temp [K] of the Lifted Condensation Level: 295.69
Pres [hPa] of the Lifted Condensation Level: 887.59
     Mean mixed layer potential temperature: 305.94
              Mean mixed layer mixing ratio: 19.90
              1000 hPa to 500 hPa thickness: 5843.00
Precipitable water [mm] for entire sounding: 59.92
</PRE>
<H2>76256  Empalme, Son. Observations at 12Z 27 Aug 2017</H2>
<PRE>
-----------------------------------------------------------------------------
   PRES   HGHT   TEMP   DWPT   RELH   MIXR   DRCT   SKNT   THTA   THTE   THTV
    hPa     m      C      C      %    g/kg    deg   knot     K      K      K 
-----------------------------------------------------------------------------
 1010.0     12   25.0   24.7     98  19.86     25      7  297.3  355.1  300.8
 1000.0    102   25.0   23.1     89  18.17     30     14  298.1  351.1  301.4
  981.0    271   24.8   22.6     88  17.96     30      7  299.6  352.3  302.8
  978.0    297   24.6   22.5     88  17.91     30      6  299.7  352.3  302.9
  933.0    709   22.0   21.1     95  17.21    119      7  301.1  351.9  304.1
  925.0    784   22.4   21.0     92  17.25    135      7  302.2  353.4  305.3
  913.0    898   22.6   19.8     84  16.21    140     10  303.5  351.9  306.4
  868.0   1340   23.2   15.2     61  12.67    122     10  308.6  347.3  310.9
  852.0   1502   22.1   14.1     60  12.04    115     10  309.1  346.0  311.4
  850.0   1523   22.0   14.0     60  11.96    115     11  309.2  345.8  311.4
  822.0   1814   20.8   10.8     53   9.99     95     16  310.9  341.8  312.8
  795.0   2101   18.9    9.9     56   9.72     75     21  311.8  342.1  313.6
  769.0   2387   17.0    9.0     59   9.45     78     21  312.8  342.3  314.5
  746.0   2645   15.2    7.2     59   8.61     80     21  313.5  340.6  315.2
  738.0   2737   14.4    6.4     59   8.23     81     21  313.6  339.6  315.2
  736.0   2760   14.2    7.2     63   8.73     81     21  313.6  341.1  315.3
  732.0   2806   11.2    4.2     62   7.11     81     21  310.9  333.1  312.2
  724.0   2898   12.4    5.4     62   7.83     82     21  313.1  337.8  314.6
  723.0   2909   12.8    5.8     62   8.06     82     21  313.7  339.1  315.2
  720.0   2944   11.8    4.8     62   7.54     83     21  313.0  336.8  314.4
  711.0   3050   12.0    6.0     67   8.31     84     21  314.3  340.6  315.9
  702.0   3156   10.6    5.7     72   8.25     85     21  313.9  339.9  315.5
  700.0   3180   10.4    5.7     73   8.27     85     21  314.0  340.1  315.5
  666.0   3590    7.8    4.1     78   7.79    100     19  315.5  340.3  317.0
  596.0   4503    1.9    0.6     91   6.77    150     21  318.9  340.8  320.2
  586.0   4642    1.0    0.1     94   6.62    130     19  319.4  340.9  320.6
  554.0   5091   -1.2   -2.5     91   5.77     65     13  321.9  340.9  323.0
  533.0   5400   -2.8   -4.3     89   5.24     20     12  323.6  341.1  324.7
  513.0   5705   -4.3   -6.1     87   4.75      0     15  325.4  341.4  326.3
  500.0   5910   -5.3   -7.3     86   4.45    355     17  326.5  341.6  327.4
  495.0   5989   -5.1   -6.6     89   4.74    347     17  327.7  343.8  328.6
  494.0   6004   -5.2   -6.7     89   4.71    345     17  327.8  343.8  328.7
  476.0   6290   -6.8   -8.5     87   4.24    345     16  329.3  343.9  330.1
  458.0   6587   -8.4  -10.4     86   3.80      0     15  330.9  344.1  331.6
  440.0   6896  -10.2  -12.4     84   3.37     35     16  332.5  344.3  333.2
  400.0   7630  -14.3  -17.1     79   2.52     45     17  336.3  345.4  336.8
  391.0   7798  -15.5  -18.3     79   2.33     40     16  337.0  345.4  337.4
  376.0   8087  -17.5  -20.3     79   2.04     15     18  338.1  345.6  338.5
  347.0   8681  -21.7  -24.5     78   1.53     30     15  340.3  346.0  340.6
  333.0   8985  -23.8  -26.6     78   1.31     55     11  341.4  346.4  341.6
  320.0   9280  -25.9  -28.7     77   1.13     25      9  342.4  346.8  342.6
  309.0   9538  -27.7  -30.5     77   0.98     22     10  343.3  347.1  343.5
  300.0   9750  -29.3  -32.3     75   0.85     20     10  344.0  347.3  344.1
  282.0  10187  -32.5  -35.9     71   0.63      0      3  345.5  348.1  345.6
  270.0  10493  -34.8  -38.5     69   0.51    335      3  346.6  348.6  346.7
  261.0  10732  -36.5  -40.5     66   0.43    294      3  347.4  349.1  347.4
  258.0  10812  -37.2  -41.2     66   0.40    280      3  347.5  349.2  347.6
  250.0  11030  -39.1  -43.1     66   0.34    275      5  347.8  349.2  347.9
  237.0  11387  -42.2  -46.4     63   0.25    260      3  348.5  349.6  348.6
  216.0  12006  -47.5  -52.1     59   0.14    295      3  349.6  350.3  349.7
  200.0  12520  -51.9  -56.8     55   0.09    280      8  350.4  350.8  350.4
  197.0  12617  -52.8  -57.7     55   0.08    275      7  350.6  350.9  350.6
  186.0  12985  -56.1  -61.1     53   0.06    251     11  351.0  351.2  351.0
  171.0  13511  -60.6  -66.3     47   0.03    215     16  352.1  352.2  352.1
  165.0  13734  -62.5  -68.5     44   0.02    219     19  352.5  352.6  352.5
  163.0  13809  -62.6  -69.1     42   0.02    220     20  353.5  353.6  353.5
  152.0  14239  -63.3  -72.3     29   0.01    266     19  359.5  359.6  359.5
  150.0  14320  -64.1  -73.1     28   0.01    275     19  359.5  359.5  359.5
  141.0  14686  -66.4  -74.9     29   0.01    310     20  361.8  361.9  361.8
  134.0  14987  -68.3  -76.4     30   0.01      0     15  363.8  363.8  363.8
  128.0  15257  -70.0  -77.7     31   0.01     50     21  365.5  365.5  365.5
  115.0  15890  -74.0  -80.9     34   0.01     90     20  369.5  369.5  369.5
  104.0  16484  -77.7  -83.8     37   0.00     65     21  373.1  373.1  373.1
  103.0  16541  -78.1  -84.1     38   0.00     67     20  373.4  373.4  373.4
  100.0  16710  -78.1  -84.1     38   0.00     75     16  376.6  376.6  376.6
   99.0  16768  -77.9  -84.0     37   0.00     85     13  378.1  378.2  378.1
   89.0  17386  -75.3  -83.0     29   0.00     90     19  395.0  395.0  395.0
   80.0  18005  -72.7  -82.1     23   0.01     50     21  412.6  412.6  412.6
   76.9  18234  -71.7  -81.7     21   0.01                419.2  419.3  419.2
</PRE><H3>Station information and sounding indices</H3><PRE>
                             Station number: 76256
                           Observation time: 170827/1200
                           Station latitude: 27.95
                          Station longitude: -110.75
                          Station elevation: 12.0
                            Showalter index: -0.71
                               Lifted index: -2.98
    LIFT computed using virtual temperature: -3.32
                                SWEAT index: 206.99
                                    K index: 36.60
                         Cross totals index: 19.30
                      Vertical totals index: 27.30
                        Totals totals index: 46.60
      Convective Available Potential Energy: 723.31
             CAPE using virtual temperature: 805.42
                      Convective Inhibition: -206.44
             CINS using virtual temperature: -164.58
                           Equilibrum Level: 175.09
 Equilibrum Level using virtual temperature: 174.79
                   Level of Free Convection: 734.15
             LFCT using virtual temperature: 735.24
                     Bulk Richardson Number: 54.48
          Bulk Richardson Number using CAPV: 60.66
  Temp [K] of the Lifted Condensation Level: 295.44
Pres [hPa] of the Lifted Condensation Level: 956.84
     Mean mixed layer potential temperature: 299.20
              Mean mixed layer mixing ratio: 18.08
              1000 hPa to 500 hPa thickness: 5808.00
Precipitable water [mm] for entire sounding: 59.92
</PRE>
<H2>76256  Empalme, Son. Observations at 12Z 28 Aug 2017</H2>
<PRE>
-----------------------------------------------------------------------------
   PRES   HGHT   TEMP   DWPT   RELH   MIXR   DRCT   SKNT   THTA   THTE   THTV
    hPa     m      C      C      %    g/kg    deg   knot     K      K      K 
-----------------------------------------------------------------------------
 1006.0     12   26.8   22.4     77  17.28      0      2  299.4  350.1  302.5
 1003.0     40   28.8   20.8     62  15.68     10      3  301.7  348.1  304.5
 1000.0     69   30.0   19.0     52  14.03     20      3  303.1  345.0  305.7
  997.0     96   30.4   18.4     49  13.54     21      4  303.8  344.4  306.3
  975.0    295   29.3   17.6     49  13.18     25      9  304.6  344.2  307.0
  943.0    593   27.6   16.5     51  12.64     15      4  305.8  344.0  308.1
  936.0    659   27.2   16.2     51  12.53     19      3  306.1  344.0  308.4
  925.0    764   27.0   16.0     51  12.51     25      2  306.9  344.9  309.2
  911.0    899   26.6   14.6     48  11.60     70      4  307.8  343.3  310.0
  897.0   1036   26.2   13.2     45  10.74     72      6  308.8  341.8  310.8
  884.0   1165   27.0   11.0     37   9.41     74      7  310.9  340.1  312.7
  850.0   1511   24.6    8.6     36   8.31     80     12  311.9  337.9  313.5
  740.0   2700   14.4    6.4     59   8.21    100     14  313.4  339.2  314.9
  714.0   2999   11.7    5.8     67   8.14    105     14  313.6  339.3  315.2
  700.0   3165   10.2    5.4     72   8.10    115     11  313.8  339.3  315.3
  679.0   3419    8.0    6.5     90   9.02    121      9  314.0  342.4  315.7
  665.0   3591    7.0    4.1     82   7.80    125      8  314.7  339.4  316.2
  663.0   3616    6.8    3.8     81   7.64    122      8  314.8  339.1  316.3
  653.0   3741    5.8    4.3     90   8.04    108      9  315.1  340.5  316.6
  641.0   3893    5.5    2.7     82   7.32     90     10  316.5  339.9  317.9
  634.0   3984    5.4    1.8     78   6.92     90     11  317.3  339.5  318.6
  584.0   4652    0.4   -1.1     90   6.08     86     15  319.0  338.8  320.2
  573.0   4804   -0.5   -1.9     90   5.85     85     16  319.7  338.8  320.8
  566.0   4903   -1.1   -2.4     91   5.70     87     13  320.1  338.8  321.2
  558.0   5017   -0.5   -2.6     86   5.70     89     10  322.1  340.9  323.2
  552.0   5104   -0.9   -3.6     82   5.33     90      8  322.6  340.2  323.6
  537.0   5324   -2.1   -6.3     73   4.47     68      7  323.7  338.8  324.6
  532.0   5398   -2.5   -6.5     74   4.44     60      7  324.1  339.1  325.0
  515.0   5656   -3.9   -7.3     77   4.32     65     12  325.5  340.1  326.3
  510.0   5734   -4.1   -9.1     68   3.79     67     13  326.1  339.1  326.9
  500.0   5890   -5.3  -10.3     68   3.51     70     16  326.5  338.6  327.2
  495.0   5969   -6.1   -9.7     76   3.72     70     17  326.5  339.2  327.2
  477.0   6258   -7.3  -11.0     75   3.48     70     21  328.5  340.5  329.2
  474.0   6308   -7.4  -12.2     69   3.18     70     22  328.9  340.0  329.6
  460.0   6541   -7.9  -17.9     45   2.05     65     20  331.1  338.5  331.6
  425.0   7151  -12.9  -14.6     87   2.92     52     15  332.3  342.7  332.9
  406.0   7497  -15.8  -16.4     95   2.63     45     12  333.0  342.4  333.5
  400.0   7610  -16.7  -17.0     98   2.54     50     13  333.2  342.3  333.7
  375.0   8092  -19.5  -20.5     92   2.00     70      9  335.7  343.0  336.1
  363.0   8334  -20.9  -22.3     88   1.77     43      8  337.0  343.5  337.3
  361.0   8375  -20.7  -25.1     68   1.39     38      8  337.8  343.0  338.0
  345.0   8709  -23.3  -28.1     65   1.10      0      6  338.6  342.9  338.9
  334.0   8946  -24.7  -33.7     43   0.67    262      7  339.9  342.5  340.0
  331.0   9011  -25.1  -34.3     42   0.64    235      7  340.2  342.7  340.3
  318.0   9302  -26.9  -36.9     38   0.51    215      9  341.6  343.7  341.7
  309.0   9508  -28.5  -46.5     16   0.19    236      8  342.2  343.0  342.2
  305.0   9602  -28.6  -52.9      8   0.09    245      8  343.3  343.7  343.3
  302.0   9672  -28.7  -57.7      4   0.05    248      9  344.2  344.4  344.2
  300.0   9720  -29.1  -58.1      4   0.05    250     10  344.2  344.5  344.3
  292.0   9910  -30.6  -59.0      4   0.05    245     10  344.8  345.0  344.8
  280.0  10204  -32.9  -60.4      5   0.04    225     11  345.7  345.9  345.7
  250.0  11000  -39.1  -64.1      5   0.03    255     18  347.8  347.9  347.8
  236.0  11387  -41.8  -66.4      5   0.02    270     17  349.6  349.7  349.6
  212.0  12108  -46.7  -70.7      5   0.01    251     17  352.7  352.8  352.7
  200.0  12490  -50.3  -72.3      6   0.01    240     17  352.9  353.0  353.0
  188.0  12881  -53.4  -73.5      7   0.01    240     14  354.3  354.3  354.3
  155.0  14103  -63.1  -77.1     13   0.01    285      9  357.9  357.9  357.9
  150.0  14310  -64.7  -77.7     15   0.01    295     11  358.4  358.5  358.4
  141.0  14677  -67.0  -78.9     17   0.01    305      8  360.8  360.9  360.8
  134.0  14980  -68.9  -79.9     19   0.01    295      7  362.8  362.8  362.8
  121.0  15585  -72.6  -82.0     23   0.00    350     19  366.6  366.6  366.6
  115.0  15887  -74.5  -83.0     26   0.00      5     19  368.5  368.5  368.5
  112.0  16044  -75.5  -83.5     28   0.00     15     18  369.4  369.5  369.4
  104.0  16473  -75.1  -83.8     25   0.00     75     11  378.1  378.1  378.1
  100.0  16700  -74.9  -83.9     24   0.00     75     11  382.8  382.8  382.8
   98.0  16817  -75.3  -84.3     24   0.00     70     11  384.1  384.1  384.1
   93.0  17119  -76.5  -85.5     23   0.00     45     15  387.6  387.6  387.6
   87.3  17484  -77.9  -86.9     22   0.00     64     17  391.9  391.9  391.9
   84.0  17710  -76.3  -86.7     18   0.00     75     18  399.5  399.5  399.5
   76.0  18298  -72.1  -86.2     11   0.00     35     25  419.8  419.8  419.8
   72.0  18615  -69.9  -85.8      8   0.00     55     37  431.1  431.1  431.1
   70.0  18780  -68.7  -85.7      7   0.00     80     30  437.1  437.1  437.1
   69.0  18866  -68.1  -85.7      6   0.00     90     27  440.2  440.2  440.2
   66.8  19060  -66.7  -85.7      5   0.00     89     25  447.3  447.3  447.3
   60.0  19704  -67.9  -88.9      4   0.00     86     19  458.6  458.6  458.6
   59.0  19805  -67.2  -88.7      3   0.00     85     18  462.3  462.3  462.3
   56.0  20120  -65.1  -88.0      3   0.00     70     28  474.1  474.1  474.1
   53.9  20351  -63.5  -87.5      3   0.00     75     30  482.9  483.0  482.9
   50.0  20810  -63.5  -88.5      2   0.00     85     33  493.4  493.4  493.4
   47.0  21191  -63.9  -88.9      2   0.00     85     30  501.3  501.3  501.3
   46.0  21324  -63.5  -88.8      2   0.00     85     29  505.3  505.3  505.3
   40.6  22097  -61.3  -88.3      2   0.00     85     30  529.2  529.2  529.2
   40.0  22191  -59.8  -88.0      1   0.00     85     30  535.2  535.3  535.3
   39.2  22318  -57.7  -87.7      1   0.00     90     31  543.6  543.6  543.6
   36.0  22856  -58.2  -87.7      1   0.01    110     34  555.7  555.7  555.7
   33.0  23406  -58.7  -87.7      1   0.01    105     31  568.3  568.4  568.3
   30.0  24010  -56.7  -86.7      1   0.01    100     28  589.5  589.5  589.5
   29.0  24226  -55.6  -86.4      1   0.01     95     28  598.3  598.4  598.4
   27.6  24540  -53.9  -85.9      1   0.01     81     32  611.5  611.6  611.5
   27.0  24681  -53.8  -85.8      1   0.01     75     34  615.7  615.8  615.7
   20.0  26610  -52.1  -84.1      1   0.02     80     38  675.9  676.1  676.0
   15.1  28435  -50.5  -83.5      1   0.02     87     41  737.8  738.0  737.8
   13.8  29026  -47.5  -82.5      1   0.03     89     42  767.2  767.6  767.2
   13.0  29419  -48.3  -82.4      1   0.03     90     43  777.6  778.0  777.6
   12.1  29891  -49.3  -82.3      1   0.04     90     51  790.2  790.6  790.2
   12.0  29945  -49.2                          90     52  792.2         792.2
   11.7  30111  -49.1                                     798.5         798.5
</PRE><H3>Station information and sounding indices</H3><PRE>
                             Station number: 76256
                           Observation time: 170828/1200
                           Station latitude: 27.95
                          Station longitude: -110.75
                          Station elevation: 12.0
                            Showalter index: 2.46
                               Lifted index: -0.22
    LIFT computed using virtual temperature: -0.50
                                SWEAT index: 143.22
                                    K index: 33.70
                         Cross totals index: 13.90
                      Vertical totals index: 29.90
                        Totals totals index: 43.80
      Convective Available Potential Energy: 57.55
             CAPE using virtual temperature: 81.52
                      Convective Inhibition: -421.68
             CINS using virtual temperature: -366.96
                           Equilibrum Level: 362.75
 Equilibrum Level using virtual temperature: 362.54
                   Level of Free Convection: 662.11
             LFCT using virtual temperature: 672.99
                     Bulk Richardson Number: 6.11
          Bulk Richardson Number using CAPV: 8.65
  Temp [K] of the Lifted Condensation Level: 288.57
Pres [hPa] of the Lifted Condensation Level: 831.24
     Mean mixed layer potential temperature: 304.23
              Mean mixed layer mixing ratio: 13.47
              1000 hPa to 500 hPa thickness: 5821.00
Precipitable water [mm] for entire sounding: 48.39
</PRE>
<H2>76256  Empalme, Son. Observations at 12Z 29 Aug 2017</H2>
<PRE>
-----------------------------------------------------------------------------
   PRES   HGHT   TEMP   DWPT   RELH   MIXR   DRCT   SKNT   THTA   THTE   THTV
    hPa     m      C      C      %    g/kg    deg   knot     K      K      K 
-----------------------------------------------------------------------------
 1005.0     12   27.8   24.1     80  19.23      0      2  300.5  357.2  304.0
 1003.0     29   27.8   23.2     76  18.22     10      2  300.7  354.5  304.0
 1000.0     55   28.6   23.6     74  18.74     25      3  301.8  357.3  305.1
  987.0    173   31.0   22.0     59  17.19     20      6  305.3  357.0  308.4
  973.0    302   31.2   19.6     50  14.96     15      9  306.7  352.0  309.5
  955.0    471   31.4   16.4     41  12.43     41     10  308.6  346.6  310.9
  925.0    759   29.2   15.2     43  11.88     85     12  309.2  345.6  311.4
  911.0    895   28.4   14.4     42  11.46    100     15  309.7  345.0  311.9
  881.0   1194   26.7   12.7     42  10.59    115     11  310.9  343.7  312.9
  855.0   1462   25.2   11.2     41   9.86    102      9  312.0  342.7  313.9
  851.0   1504   24.9   10.9     41   9.70    100      9  312.1  342.3  313.9
  850.0   1514   24.8   10.8     41   9.66    100      9  312.1  342.2  313.9
  767.0   2391   17.3    5.9     47   7.66    155      7  313.3  337.5  314.8
  715.0   2990   12.2    2.6     52   6.50     55      6  314.0  334.7  315.2
  700.0   3171   10.6    1.6     54   6.18     60      6  314.2  333.9  315.4
  671.0   3523    7.4    0.4     61   5.91     68      7  314.4  333.3  315.6
  665.0   3598    6.9   -1.3     56   5.27     70      7  314.7  331.7  315.7
  656.0   3710    6.2   -3.8     49   4.42     87      7  315.1  329.5  315.9
  647.0   3824    5.6   -4.4     49   4.29    104      6  315.7  329.7  316.5
  642.0   3888    4.8   -1.2     65   5.49    113      6  315.5  333.2  316.5
  641.0   3900    4.7   -1.2     66   5.50    115      6  315.5  333.2  316.6
  624.0   4120    3.0   -1.2     74   5.65     89      5  316.0  334.2  317.1
  618.0   4198    2.6   -2.6     69   5.13     80      5  316.4  333.0  317.4
  596.0   4493    1.0   -8.0     51   3.53     66     14  317.8  329.6  318.5
  595.0   4506    1.2   -9.4     45   3.18     65     14  318.3  328.9  318.9
  591.0   4561    2.2  -14.8     27   2.06     66     14  320.0  327.1  320.4
  573.0   4812    2.2  -26.8     10   0.75     69     13  322.8  325.6  323.0
  546.0   5200   -1.1  -34.1      6   0.39     75     12  323.4  324.9  323.5
  500.0   5900   -4.7  -32.7      9   0.49     85     10  327.2  329.1  327.3
  493.0   6010   -5.0  -34.2      8   0.43     90     10  328.2  329.8  328.2
  483.0   6170   -5.5  -36.5      7   0.35     83     10  329.5  330.9  329.6
  455.0   6634   -9.1  -38.1      7   0.32     62     11  330.7  331.9  330.7
  440.0   6888  -11.3  -35.4     12   0.43     50     12  331.0  332.7  331.1
  411.0   7407  -15.9  -29.9     29   0.78     71     11  331.6  334.6  331.8
  405.0   7517  -16.7  -25.7     46   1.17     76     10  332.0  336.4  332.2
  402.0   7573  -17.1  -24.1     55   1.36     78     10  332.2  337.2  332.5
  400.0   7610  -17.3  -23.3     60   1.47     80     10  332.4  337.8  332.7
  397.0   7666  -17.3  -27.3     41   1.03     81      9  333.1  337.0  333.3
  391.0   7781  -17.1  -29.1     35   0.89     84      8  334.9  338.2  335.0
  390.0   7800  -17.2  -28.4     37   0.95     85      8  334.9  338.5  335.1
  384.0   7916  -18.1  -24.1     59   1.43     84      8  335.3  340.6  335.6
  364.0   8313  -21.1  -33.1     33   0.65     81      9  336.4  339.0  336.6
  360.0   8393  -21.8  -33.6     34   0.63     80      9  336.6  339.0  336.7
  345.0   8703  -24.4  -35.5     35   0.54     90      8  337.1  339.3  337.2
  332.0   8982  -26.8  -37.2     37   0.47    140      5  337.6  339.5  337.7
  324.0   9160  -28.3  -38.3     38   0.43    151      5  337.9  339.6  338.0
  318.0   9294  -28.2  -49.5     11   0.13    160      5  339.8  340.4  339.9
  314.0   9384  -28.1  -57.1      4   0.05    158      5  341.2  341.4  341.2
  305.0   9592  -29.5  -52.1      9   0.10    155      5  342.1  342.5  342.1
  300.0   9710  -30.3  -49.3     14   0.14    145      4  342.6  343.2  342.6
  294.0   9853  -31.7  -46.7     21   0.20    115      3  342.6  343.4  342.6
  292.0   9901  -32.1  -46.6     22   0.20    105      2  342.6  343.5  342.6
  283.0  10121  -34.1  -46.1     29   0.22    168      1  342.9  343.8  342.9
  280.0  10196  -34.3  -50.5     18   0.13    190      1  343.6  344.1  343.6
  273.0  10372  -34.9  -60.9      5   0.04    222      4  345.2  345.4  345.2
  268.0  10500  -35.8  -62.2      5   0.03    245      6  345.7  345.9  345.7
  250.0  10980  -39.3  -67.3      4   0.02    240      5  347.5  347.6  347.5
  215.0  11987  -46.6  -71.9      4   0.01    250     12  351.5  351.5  351.5
  200.0  12470  -50.1  -74.1      4   0.01    275     12  353.3  353.3  353.3
  187.0  12898  -53.4  -75.7      5   0.01    310      7  354.8  354.9  354.8
  179.0  13176  -55.5  -76.8      5   0.01    270      5  355.8  355.9  355.8
  170.0  13504  -58.0  -78.0      6   0.01    270      6  356.9  357.0  356.9
  155.0  14091  -62.5  -80.3      7   0.00    355      6  358.8  358.9  358.8
  150.0  14300  -64.1  -81.1      8   0.00    350      4  359.5  359.5  359.5
  148.0  14382  -64.9  -80.9      9   0.00    343      4  359.5  359.5  359.5
  140.0  14713  -67.1  -82.2     10   0.00    315      6  361.3  361.3  361.3
  127.0  15295  -71.1  -84.3     12   0.00    315      9  364.4  364.4  364.4
  125.0  15390  -71.7  -84.7     13   0.00    326      9  364.9  364.9  364.9
  121.0  15580  -72.2  -84.9     13   0.00    350     10  367.5  367.5  367.5
  115.0  15876  -72.9  -85.2     14   0.00      5     12  371.5  371.5  371.5
  103.0  16518  -74.5  -85.7     16   0.00     45     21  380.4  380.4  380.4
  100.0  16690  -74.9  -85.9     17   0.00     65     18  382.8  382.8  382.8
   98.0  16807  -75.4  -86.2     17   0.00     80     16  383.9  384.0  383.9
   93.0  17110  -76.8  -86.9     19   0.00     60      9  387.0  387.0  387.0
   92.0  17173  -77.1  -87.1     19   0.00     55      9  387.6  387.6  387.6
   84.0  17702  -72.7  -85.6     13   0.00     65     16  406.7  406.7  406.7
   83.6  17730  -72.5  -85.5     13   0.00     64     17  407.7  407.8  407.7
   80.0  17990  -72.2  -86.2     11   0.00     50     26  413.4  413.5  413.4
   73.4  18498  -71.7  -87.7      8   0.00     87     24  424.9  424.9  424.9
   72.0  18612  -70.7  -87.9      6   0.00     95     24  429.3  429.3  429.3
   70.0  18780  -69.3  -88.3      5   0.00     95     22  435.8  435.8  435.8
   67.8  18972  -67.1  -87.1      4   0.00     99     24  444.5  444.6  444.5
   65.0  19230  -66.7  -87.6      4   0.00    105     26  450.9  450.9  450.9
   59.0  19820  -65.6  -88.8      3   0.00     65     19  465.8  465.9  465.8
   54.0  20361  -64.7  -89.9      2   0.00    105     28  479.9  479.9  479.9
   50.0  20830  -63.9  -90.9      1   0.00     95     21  492.5  492.5  492.5
   48.3  21042  -63.5  -90.5      1   0.00     93     23  498.3  498.3  498.3
   40.0  22217  -58.7  -88.9      1   0.00     80     32  538.0  538.0  538.0
   38.2  22504  -57.5  -88.5      1   0.00     85     32  548.1  548.1  548.1
   34.6  23129  -57.5  -88.5      1   0.00     95     34  563.8  563.9  563.8
   33.0  23430  -55.4  -87.7      1   0.01    100     34  577.0  577.0  577.0
   32.0  23626  -54.1  -87.1      1   0.01     97     34  585.7  585.7  585.7
   30.0  24040  -54.7  -86.7      1   0.01     90     35  594.9  595.0  594.9
   28.0  24481  -54.6  -87.0      1   0.01     90     41  607.0  607.1  607.0
   25.3  25128  -54.5  -87.5      1   0.01     92     42  625.2  625.2  625.2
   20.0  26640  -51.5  -85.5      1   0.01     95     44  677.8  677.9  677.8
   18.0  27331  -50.6  -85.2      1   0.02    100     34  701.3  701.5  701.3
   12.0  29990  -47.2  -83.9      1   0.03     85     51  799.5  799.8  799.5
   11.3  30384  -46.7  -83.7      1   0.03     95     62  815.1  815.5  815.2
   11.0                                        95     62                     
</PRE><H3>Station information and sounding indices</H3><PRE>
                             Station number: 76256
                           Observation time: 170829/1200
                           Station latitude: 27.95
                          Station longitude: -110.75
                          Station elevation: 12.0
                            Showalter index: 1.29
                               Lifted index: -2.50
    LIFT computed using virtual temperature: -3.49
                                SWEAT index: 157.59
                                    K index: 31.30
                         Cross totals index: 15.50
                      Vertical totals index: 29.50
                        Totals totals index: 45.00
      Convective Available Potential Energy: 975.47
             CAPE using virtual temperature: 1164.55
                      Convective Inhibition: -312.56
             CINS using virtual temperature: -238.39
                           Equilibrum Level: 218.05
 Equilibrum Level using virtual temperature: 217.46
                   Level of Free Convection: 710.00
             LFCT using virtual temperature: 730.41
                     Bulk Richardson Number: 140.37
          Bulk Richardson Number using CAPV: 167.57
  Temp [K] of the Lifted Condensation Level: 290.97
Pres [hPa] of the Lifted Condensation Level: 841.51
     Mean mixed layer potential temperature: 305.70
              Mean mixed layer mixing ratio: 15.68
              1000 hPa to 500 hPa thickness: 5845.00
Precipitable water [mm] for entire sounding: 39.71
</PRE>
<H2>76256  Empalme, Son. Observations at 12Z 30 Aug 2017</H2>
<PRE>
-----------------------------------------------------------------------------
   PRES   HGHT   TEMP   DWPT   RELH   MIXR   DRCT   SKNT   THTA   THTE   THTV
    hPa     m      C      C      %    g/kg    deg   knot     K      K      K 
-----------------------------------------------------------------------------
 1004.0     12   27.2   21.2     70  16.06    355      3  300.0  347.2  302.9
 1000.0     53   26.8   20.8     70  15.73      0      6  299.9  346.2  302.8
  999.0     62   26.8   20.8     70  15.74      1      6  300.0  346.3  302.9
  994.0    106   31.0   20.0     52  15.04      7      9  304.7  349.8  307.4
  983.0    205   32.2   17.2     41  12.72     19     14  306.9  345.5  309.2
  973.0    296   31.7   16.7     41  12.42     30     18  307.2  345.0  309.5
  949.0    518   30.4   15.4     40  11.72     23     17  308.1  343.9  310.3
  947.0    537   31.2   14.2     36  10.86     22     16  309.1  342.5  311.1
  927.0    726   30.6   12.6     33   9.98     16     15  310.4  341.3  312.3
  925.0    745   30.4   12.4     33   9.87     15     15  310.4  341.0  312.2
  909.0    899   29.2   11.7     34   9.56     25     16  310.8  340.4  312.5
  850.0   1493   24.8    8.8     36   8.43     45     10  312.1  338.5  313.7
  822.0   1784   22.4    7.4     38   7.92     64      7  312.6  337.5  314.1
  821.0   1795   22.3    7.4     38   7.91     65      7  312.6  337.5  314.1
  792.0   2100   19.6    6.5     42   7.71    110      8  312.9  337.2  314.4
  739.0   2688   14.4    4.8     52   7.32    115      6  313.6  336.7  314.9
  713.0   2992   11.8    3.9     58   7.13     70      7  313.8  336.4  315.2
  700.0   3148   10.4    3.4     62   7.03     70     10  314.0  336.3  315.3
  633.0   3972    2.4    1.7     95   6.88     66     12  314.0  335.9  315.3
  628.0   4036    3.0   -6.0     52   3.91     66     13  315.4  328.2  316.1
  626.0   4062    4.2  -13.8     26   2.11     66     13  317.1  324.3  317.5
  616.0   4192    4.8  -22.5     12   1.03     65     13  319.2  322.9  319.4
  612.0   4245    5.0  -26.0      8   0.75     62     13  320.0  322.8  320.2
  593.0   4498    3.7  -27.7      8   0.67     50     14  321.4  323.9  321.5
  571.0   4800    2.0  -29.7      7   0.57     75     16  323.0  325.1  323.1
  529.0   5412   -1.2  -33.9      6   0.42     85     16  326.2  327.8  326.3
  513.0   5658   -2.5  -35.5      6   0.36     68     13  327.5  328.9  327.6
  510.0   5704   -2.9  -34.5      7   0.40     65     13  327.6  329.2  327.7
  500.0   5860   -4.1  -31.1     10   0.57     60     14  328.0  330.2  328.1
  455.0   6591   -9.6  -38.2      8   0.31     75     11  330.1  331.4  330.2
  446.0   6745  -10.7  -39.7      7   0.27     55      9  330.6  331.6  330.6
  437.0   6901  -10.9  -40.9      6   0.25     35      7  332.2  333.2  332.3
  420.0   7201  -13.6  -38.7     10   0.32    350      6  332.6  333.9  332.6
  404.0   7495  -16.2  -36.5     16   0.42    345      6  332.9  334.5  332.9
  400.0   7570  -16.9  -35.9     18   0.45    355      7  332.9  334.7  333.0
  388.0   7798  -17.6  -43.0      9   0.22     50     10  334.9  335.9  335.0
  376.0   8033  -18.3  -50.3      4   0.10     58      8  337.0  337.5  337.0
  373.0   8092  -18.8  -50.3      4   0.10     60      7  337.2  337.6  337.2
  342.0   8733  -23.7  -50.7      6   0.11     39      6  338.9  339.4  339.0
  330.0   8991  -25.1  -53.5      5   0.08     30      6  340.5  340.9  340.5
  316.0   9305  -26.8  -56.9      4   0.06     35      8  342.4  342.6  342.4
  303.0   9608  -28.4  -60.2      3   0.04     65      5  344.2  344.4  344.2
  301.0   9656  -28.7  -60.7      3   0.04     65      6  344.5  344.6  344.5
  300.0   9680  -28.7  -59.7      3   0.04     65      6  344.8  345.0  344.8
  279.0  10189  -32.7  -63.3      3   0.03     25      7  346.3  346.4  346.3
  256.0  10794  -37.4  -67.5      3   0.02     60      5  348.0  348.0  348.0
  250.0  10960  -38.7  -68.7      3   0.01    125      2  348.4  348.5  348.4
  245.0  11095  -39.7  -69.2      3   0.01    195      4  349.0  349.0  349.0
  234.0  11403  -41.9  -70.4      3   0.01    225     11  350.2  350.3  350.2
  224.0  11696  -44.0  -71.6      3   0.01    215     13  351.4  351.5  351.4
  208.0  12193  -47.5  -73.5      3   0.01    228     16  353.4  353.4  353.4
  200.0  12450  -49.3  -74.3      4   0.01    235     18  354.5  354.6  354.5
  187.0  12878  -53.0  -75.3      5   0.01    250     13  355.4  355.5  355.4
  159.0  13912  -61.9  -77.9     10   0.01    250     12  357.2  357.3  357.2
  150.0  14270  -64.3  -80.3     10   0.00    250     12  359.1  359.1  359.1
  147.0  14392  -65.1  -80.8     10   0.00    245     12  359.8  359.8  359.8
  127.0  15271  -71.2  -84.3     13   0.00    235      7  364.2  364.2  364.2
  126.0  15319  -71.5  -84.5     13   0.00    237      7  364.4  364.5  364.4
  120.0  15604  -72.4  -85.0     14   0.00    250      4  367.9  367.9  367.9
  114.0  15904  -73.4  -85.5     14   0.00      0      1  371.5  371.5  371.5
  109.0  16166  -74.3  -86.0     15   0.00    325      5  374.7  374.7  374.7
  103.0  16497  -75.3  -86.6     16   0.00    350     19  378.7  378.7  378.7
  100.0  16670  -75.9  -86.9     16   0.00     10     21  380.8  380.8  380.8
   98.0  16786  -76.3  -86.8     18   0.00     30     20  382.3  382.4  382.3
   95.6  16929  -76.7  -86.7     19   0.00     45     18  384.2  384.2  384.2
   88.0  17408  -75.5  -87.2     15   0.00     85     12  395.7  395.7  395.7
   80.0  17960  -74.2  -87.8     11   0.00     75     14  409.3  409.4  409.3
   78.1  18099  -73.9  -87.9     10   0.00     80     16  412.8  412.9  412.8
   70.2  18733  -66.1  -86.1      5   0.00     99     24  442.3  442.3  442.3
   70.0  18750  -66.1  -86.1      5   0.00    100     24  442.6  442.7  442.6
   68.0  18926  -65.3  -86.8      4   0.00    110     24  448.0  448.1  448.0
   63.7  19323  -63.5  -88.5      2   0.00     78     28  460.4  460.4  460.4
   62.0  19488  -63.7  -88.8      2   0.00     65     29  463.6  463.6  463.6
   54.0  20331  -64.5  -90.3      2   0.00    110     27  480.3  480.3  480.3
   51.0  20680  -64.9  -90.9      2   0.00    106     26  487.4  487.4  487.4
   50.0  20800  -64.5  -90.5      2   0.00    105     25  491.1  491.1  491.1
   43.6  21648  -59.7  -89.7      1   0.00     95     28  522.4  522.4  522.4
   38.0  22510  -59.3  -89.3      1   0.00     85     32  544.4  544.4  544.4
   35.5  22937  -59.1  -89.1      1   0.00     84     35  555.6  555.6  555.6
   32.5  23497  -55.3  -87.3      1   0.01     82     39  579.9  579.9  579.9
   30.0  24010  -53.9  -86.9      1   0.01     80     43  597.1  597.2  597.1
   23.0  25713  -53.2  -85.5      1   0.01     90     38  646.3  646.4  646.3
   20.7  26389  -52.9  -84.9      1   0.01     90     40  666.9  667.1  666.9
   20.0  26610  -52.3  -86.3      1   0.01     90     40  675.3  675.5  675.3
   16.8  27747  -48.3  -84.3      1   0.02     98     46  722.7  722.9  722.7
   16.0  28069  -48.1  -83.9      1   0.02    100     48  733.5  733.8  733.5
   15.0  28495  -47.8  -83.4      1   0.03     85     48  748.1  748.4  748.1
   13.0  29440  -47.2  -82.2      1   0.04     70     49  781.5  782.0  781.5
   12.8  29542  -47.1  -82.1      1   0.04                785.2  785.7  785.3
</PRE><H3>Station information and sounding indices</H3><PRE>
                             Station number: 76256
                           Observation time: 170830/1200
                           Station latitude: 27.95
                          Station longitude: -110.75
                          Station elevation: 12.0
                            Showalter index: 3.41
                               Lifted index: 0.58
    LIFT computed using virtual temperature: -0.21
                                SWEAT index: 139.61
                                    K index: 30.70
                         Cross totals index: 12.90
                      Vertical totals index: 28.90
                        Totals totals index: 41.80
      Convective Available Potential Energy: 79.04
             CAPE using virtual temperature: 147.47
                      Convective Inhibition: -402.93
             CINS using virtual temperature: -335.67
                           Equilibrum Level: 338.36
 Equilibrum Level using virtual temperature: 333.94
                   Level of Free Convection: 679.62
             LFCT using virtual temperature: 688.88
                     Bulk Richardson Number: 10.07
          Bulk Richardson Number using CAPV: 18.79
  Temp [K] of the Lifted Condensation Level: 287.72
Pres [hPa] of the Lifted Condensation Level: 806.57
     Mean mixed layer potential temperature: 305.97
              Mean mixed layer mixing ratio: 13.19
              1000 hPa to 500 hPa thickness: 5807.00
Precipitable water [mm] for entire sounding: 35.01
</PRE>
<H2>76256  Empalme, Son. Observations at 12Z 31 Aug 2017</H2>
<PRE>
-----------------------------------------------------------------------------
   PRES   HGHT   TEMP   DWPT   RELH   MIXR   DRCT   SKNT   THTA   THTE   THTV
    hPa     m      C      C      %    g/kg    deg   knot     K      K      K 
-----------------------------------------------------------------------------
 1007.0     12   29.6   25.0     76  20.29    140      9  302.1  362.5  305.8
 1000.0     77   29.0   24.2     75  19.45    140     18  302.1  359.9  305.6
  925.0    771   23.8   22.7     94  19.20    155     17  303.6  361.0  307.1
  899.0   1020   22.0   21.4     96  18.21    161     14  304.3  358.8  307.6
  880.0   1206   21.2   19.3     89  16.34    165     11  305.3  354.4  308.3
  866.0   1345   20.6   17.8     84  15.04    158     10  306.1  351.4  308.8
  850.0   1507   21.4   13.4     60  11.49    150      8  308.6  343.7  310.7
  843.0   1579   21.8    9.8     46   9.10    144      8  309.7  337.9  311.4
  828.0   1734   21.0    8.0     43   8.19    130      7  310.4  335.9  312.0
  822.0   1796   20.4   11.2     55  10.23    125      7  310.5  342.1  312.4
  820.0   1817   20.2   12.2     60  11.00    122      7  310.5  344.4  312.5
  794.0   2093   18.4    9.9     58   9.73     85      9  311.4  341.6  313.2
  769.0   2367   16.6    7.6     55   8.59     88     10  312.3  339.2  313.9
  700.0   3157   10.0    5.0     71   7.87     95     14  313.5  338.4  315.0
  675.0   3459    7.2    4.7     84   8.00     95     13  313.7  338.9  315.2
  664.0   3594    6.3    3.8     84   7.62     95     13  314.2  338.3  315.6
  635.0   3961    4.0    1.3     83   6.67    116     11  315.6  336.9  316.8
  616.0   4208    3.0   -3.6     62   4.80    130     10  317.1  332.8  318.1
  609.0   4301    2.6   -5.4     56   4.22    141     11  317.7  331.6  318.5
  595.0   4490    1.6   -4.4     64   4.66    163     14  318.7  334.0  319.6
  594.0   4503    1.5   -4.7     63   4.56    165     14  318.7  333.8  319.6
  558.0   5005   -1.7  -16.7     31   1.87    106     11  320.7  327.2  321.1
  549.0   5136    0.8  -36.2      4   0.32     91     10  325.1  326.4  325.2
  531.0   5401   -1.1  -36.3      5   0.32     60      9  326.0  327.3  326.1
  500.0   5880   -4.5  -36.5      6   0.34     45      9  327.5  328.8  327.6
  492.0   6005   -5.5  -36.5      7   0.34     35      8  327.8  329.1  327.9
  474.0   6295   -7.8  -36.5      8   0.36      5      6  328.5  329.9  328.5
  456.0   6596  -10.2  -36.5     10   0.37     10     10  329.1  330.6  329.2
  439.0   6891  -12.5  -36.5     12   0.39     32      9  329.8  331.3  329.9
  433.0   6996  -11.7  -48.7      3   0.11     41      9  332.1  332.5  332.1
  405.0   7505  -15.1  -51.2      3   0.08     80      8  334.1  334.5  334.1
  400.0   7600  -15.7  -51.7      3   0.08     80     10  334.5  334.9  334.5
  359.0   8397  -20.7  -56.0      3   0.05    120     12  338.2  338.5  338.2
  345.0   8690  -22.6  -57.6      3   0.05    100     10  339.6  339.8  339.6
  300.0   9720  -29.1  -63.1      2   0.03    170      4  344.2  344.4  344.2
  292.0   9912  -30.3  -64.3      2   0.02    190      3  345.1  345.3  345.1
  286.0  10060  -31.3  -65.3      2   0.02    210      4  345.8  345.9  345.8
  280.0  10208  -32.4  -65.9      2   0.02    230      5  346.4  346.5  346.4
  250.0  11000  -38.1  -69.1      2   0.01    265     21  349.3  349.4  349.3
  246.0  11108  -39.0  -69.2      3   0.01    270     22  349.6  349.7  349.6
  200.0  12490  -49.9  -69.9      8   0.02    265     39  353.6  353.7  353.6
  179.0  13198  -56.2  -73.7      9   0.01    265     40  354.6  354.7  354.6
  161.0  13874  -62.3  -77.3     12   0.01    271     29  355.3  355.3  355.3
  150.0  14310  -64.7  -80.7      9   0.00    275     22  358.4  358.4  358.4
  148.0  14389  -65.2  -80.9     10   0.00    275     21  359.0  359.0  359.0
  134.0  14976  -68.8  -82.7     12   0.00    275     14  362.8  362.8  362.8
  127.0  15293  -70.8  -83.6     14   0.00    275     12  364.9  364.9  364.9
  121.0  15579  -72.6  -84.4     15   0.00    300      9  366.7  366.7  366.7
  115.0  15880  -74.5  -85.3     17   0.00    355      6  368.6  368.6  368.6
  110.0  16142  -76.1  -86.1     20   0.00    305      7  370.2  370.2  370.2
  109.0  16195  -76.1  -86.1     20   0.00    295      8  371.2  371.2  371.2
  104.0  16465  -76.0  -86.0     20   0.00    335     12  376.4  376.4  376.4
  100.0  16690  -75.9  -85.9     20   0.00     25     14  380.8  380.8  380.8
   98.0  16808  -74.8  -85.6     18   0.00     50     14  385.1  385.1  385.1
   92.3  17159  -71.7  -84.7     13   0.00     84     16  397.9  398.0  397.9
   89.0  17373  -73.4  -86.4     12   0.00    105     17  398.7  398.7  398.7
   87.3  17486  -74.3  -87.3     12   0.00     98     17  399.1  399.1  399.1
   84.0  17714  -72.1  -86.9      9   0.00     85     16  407.9  408.0  407.9
   80.0  18002  -69.4  -86.3      7   0.00    100     18  419.3  419.4  419.3
   79.9  18009  -69.3  -86.3      7   0.00    100     18  419.6  419.6  419.6
   73.5  18508  -70.3  -88.3      6   0.00     72     17  427.6  427.7  427.6
   72.0  18631  -69.3  -88.5      5   0.00     65     17  432.3  432.4  432.3
   70.0  18800  -67.9  -88.9      4   0.00     80     17  438.8  438.8  438.8
   62.0  19535  -64.5  -89.5      2   0.00     75     31  461.7  461.7  461.7
   61.9  19545  -64.5  -89.5      2   0.00                462.0  462.0  462.0
   59.7  19765  -65.7                                     464.1         464.1
</PRE><H3>Station information and sounding indices</H3><PRE>
                             Station number: 76256
                           Observation time: 170831/1200
                           Station latitude: 27.95
                          Station longitude: -110.75
                          Station elevation: 12.0
                            Showalter index: 0.91
                               Lifted index: -4.86
    LIFT computed using virtual temperature: -6.11
                                SWEAT index: 185.80
                                    K index: 34.30
                         Cross totals index: 17.90
                      Vertical totals index: 25.90
                        Totals totals index: 43.80
      Convective Available Potential Energy: 2232.58
             CAPE using virtual temperature: 2505.01
                      Convective Inhibition: -50.49
             CINS using virtual temperature: -10.36
                           Equilibrum Level: 143.64
 Equilibrum Level using virtual temperature: 143.53
                   Level of Free Convection: 765.86
             LFCT using virtual temperature: 897.60
                     Bulk Richardson Number: 228.50
          Bulk Richardson Number using CAPV: 256.39
  Temp [K] of the Lifted Condensation Level: 296.08
Pres [hPa] of the Lifted Condensation Level: 927.22
     Mean mixed layer potential temperature: 302.56
              Mean mixed layer mixing ratio: 19.44
              1000 hPa to 500 hPa thickness: 5803.00
Precipitable water [mm] for entire sounding: 51.53
</PRE>
<P>Description of the 
<A HREF="/upperair/columns.html">data columns</A>
or <A HREF="/upperair/indices.html">sounding indices</A>.

<P>
<FORM>
<INPUT CLASS="button" TYPE="button" VALUE=" Close this window " 
 onClick="window.close();">
<INPUT CLASS="button" TYPE="button" VALUE=" Select another map " 
 onClick="window.blur();">
</FORM>
<HR SIZE="1">
<I>Interested in graduate studies in atmospheric science?
Check out our program at the
<a href="http://www.uwyo.edu/atsc/howtoapply/"
target=_top>University of Wyoming
</a></I>
<HR SIZE="1"><FONT SIZE="-1">
Questions about the weather data provided by this site can be
addressed to <A HREF="mailto:ldoolman@uwyo.edu">
Larry Oolman (ldoolman@uwyo.edu)</A></FONT>
<HR SIZE="1">
<SCRIPT TYPE="text/javascript">
<!--
window.focus();
// -->
</SCRIPT>
</BODY>
</HTML>
