<HTML>
<TITLE>University of Wyoming - Radiosonde Data</TITLE>
<LINK REL="StyleSheet" HREF="/resources/select.css" TYPE="text/css">
<BODY BGCOLOR="white">
<H2>76256  Empalme, Son. Observations at 12Z 01 Nov 2017</H2>
<PRE>
-----------------------------------------------------------------------------
   PRES   HGHT   TEMP   DWPT   RELH   MIXR   DRCT   SKNT   THTA   THTE   THTV
    hPa     m      C      C      %    g/kg    deg   knot     K      K      K 
-----------------------------------------------------------------------------
 1011.0     12   16.6   15.3     92  10.92     60      4  288.9  319.6  290.7
 1008.0     37   19.0   18.1     95  13.14     61      4  291.5  328.7  293.8
 1000.0    106   20.2   17.4     84  12.66     65      5  293.4  329.6  295.6
  988.0    211   21.0   17.0     78  12.49    111      4  295.2  331.2  297.4
  978.0    299   20.3   17.0     81  12.62    150      4  295.4  331.8  297.6
  961.0    452   19.2   17.0     87  12.85    176      3  295.7  332.8  298.0
  945.0    597   19.0   10.3     57   8.37    200      3  296.9  321.6  298.4
  942.0    624   19.0    9.0     52   7.70    199      3  297.2  319.9  298.6
  925.0    781   18.2    9.2     56   7.95    195      6  297.9  321.4  299.3
  871.0   1297   15.0    8.0     63   7.78    191     13  299.8  323.0  301.1
  850.0   1505   16.6   -7.4     19   2.59    190     16  303.5  311.8  304.0
  846.0   1545   17.0  -12.0     13   1.81    190     16  304.4  310.3  304.7
  821.0   1796   15.7  -13.7     12   1.63    190     18  305.6  311.0  305.9
  700.0   3131    8.6  -22.4      9   0.91    230     11  312.0  315.2  312.1
  697.0   3166    8.4  -22.6      9   0.90    231     11  312.1  315.3  312.3
  594.0   4465    0.6  -29.4      8   0.57    258     17  317.7  319.8  317.8
  570.0   4792   -2.3  -20.1     24   1.37    265     19  318.1  322.9  318.3
  557.0   4976   -3.9  -14.9     42   2.17    267     21  318.2  325.7  318.7
  545.0   5147   -4.5  -19.5     30   1.51    268     22  319.5  324.8  319.8
  540.0   5219   -3.5  -33.5      8   0.42    269     23  321.6  323.2  321.6
  500.0   5820   -9.1  -25.1     26   1.00    275     28  321.9  325.5  322.1
  486.0   6039  -10.7  -23.7     34   1.17    275     29  322.5  326.7  322.8
  470.0   6297  -12.1  -27.1     28   0.89    275     30  323.9  327.2  324.1
  468.0   6329  -12.1  -33.1     16   0.51    275     30  324.3  326.2  324.4
  458.0   6494  -13.1  -25.1     36   1.09    275     30  325.1  329.0  325.3
  417.0   7199  -19.4  -29.9     39   0.77    275     33  325.8  328.7  326.0
  404.0   7437  -21.5  -31.5     40   0.68    275     30  326.0  328.6  326.2
  400.0   7510  -21.9  -31.9     40   0.66    275     29  326.4  328.9  326.6
  365.0   8179  -25.7  -41.7     21   0.27    275     34  330.0  331.1  330.1
  300.0   9570  -36.5  -53.5     16   0.09    275     44  333.8  334.2  333.8
  251.0  10783  -45.5  -61.5     15   0.04    275     58  337.9  338.1  337.9
  250.0  10810  -45.5  -61.5     15   0.04    275     58  338.3  338.5  338.3
  204.0  12134  -55.7  -65.7     28   0.03    266     85  342.5  342.6  342.5
  200.0  12260  -56.3  -66.3     27   0.03    265     88  343.4  343.6  343.5
  181.0  12880  -60.9  -70.3     28   0.02    265     94  345.9  345.9  345.9
  169.0  13306  -64.1  -73.1     28   0.01    267     82  347.4  347.5  347.4
  150.0  14030  -65.9  -78.9     15   0.01    270     60  356.4  356.4  356.4
  141.0  14405  -66.7  -81.8     10   0.00    265     57  361.3  361.3  361.3
  137.0  14579  -67.1  -83.1      9   0.00    265     56  363.6  363.6  363.6
  102.0  16334  -73.3  -88.3      9   0.00    270     42  383.7  383.7  383.7
  100.0  16450  -72.9  -87.9      9   0.00    270     42  386.6  386.6  386.6
   99.0  16509  -72.9  -87.9      9   0.00    270     42  387.7  387.7  387.7
   85.0  17406  -72.9  -87.9      9   0.00    290     24  405.0  405.0  405.0
   77.0  17987  -72.9  -87.9      9   0.00    305     18  416.6  416.6  416.6
   75.6  18095  -72.9  -87.9      9   0.00    297     17  418.8  418.8  418.8
   70.0  18550  -70.3  -87.3      7   0.00    265     14  433.7  433.7  433.7
   68.8  18652  -69.7  -87.7      6   0.00    262     13  437.1  437.1  437.1
   66.0  18902  -66.4  -86.7      4   0.00    255     12  449.6  449.6  449.6
   64.0  19087  -63.9  -85.9      4   0.00    268      7  458.9  459.0  458.9
   63.0  19182  -64.1  -86.2      3   0.00    275      5  460.5  460.6  460.5
   60.0  19478  -64.8  -87.3      3   0.00    225      8  465.5  465.5  465.5
   56.9  19800  -65.5  -88.5      3   0.00    231     12  471.0  471.0  471.0
   50.0  20590  -61.1  -87.1      2   0.00    245     22  499.1  499.1  499.1
   47.0  20977  -59.7  -86.9      2   0.00    255     20  511.4  511.4  511.4
   45.0  21249  -58.7  -86.7      2   0.00    235     19  520.1  520.2  520.1
   39.0  22152  -58.1  -86.5      2   0.01    245     12  543.5  543.5  543.5
   37.0  22484  -57.8  -86.4      1   0.01    230      5  552.3  552.4  552.3
   35.0  22835  -57.6  -86.3      1   0.01    195     13  561.8  561.8  561.8
   34.0  23018  -57.5  -86.2      1   0.01    210      9  566.8  566.9  566.8
   32.0  23401  -57.2  -86.1      1   0.01    255      6  577.4  577.5  577.4
   31.4  23520  -57.1  -86.1      1   0.01    262      7  580.8  580.8  580.8
   30.0  23810  -55.7  -85.7      1   0.01    280      9  592.2  592.3  592.2
   29.0  24026  -54.7  -85.3      1   0.01    295     10  600.8  600.9  600.8
   28.0  24250  -53.6  -85.0      1   0.01    280      8  609.9  610.0  609.9
   27.2  24435  -52.7  -84.7      1   0.01    236      9  617.4  617.5  617.4
   27.0  24483  -52.6  -84.6      1   0.01    225      9  619.0  619.1  619.0
   25.0  24982  -51.5  -83.8      1   0.01    220      8  636.0  636.2  636.0
   23.0  25522  -50.2  -82.9      1   0.02    245     11  655.0  655.1  655.0
   22.0  25810  -49.6  -82.4      1   0.02    245     12  665.3  665.5  665.3
   21.0  26112  -48.9  -81.9      1   0.02    280     18  676.2  676.5  676.2
   20.0  26430  -49.5  -81.5      1   0.03    295     20  683.9  684.2  683.9
   19.0  26764  -50.3  -81.7      1   0.03    300     21  691.5  691.8  691.5
   17.0  27488  -52.0  -82.1      2   0.03    260     20  708.4  708.7  708.4
   16.9  27526  -52.1  -82.1      2   0.03    260     20  709.3  709.6  709.3
   14.0  28748  -50.9  -82.6      1   0.03    275     30  752.6  752.9  752.6
   13.6  28936  -50.7  -82.7      1   0.03                759.5  759.8  759.5
</PRE><H3>Station information and sounding indices</H3><PRE>
                             Station number: 76256
                           Observation time: 171101/1200
                           Station latitude: 27.95
                          Station longitude: -110.75
                          Station elevation: 12.0
                            Showalter index: 12.14
                               Lifted index: 1.96
    LIFT computed using virtual temperature: 1.59
                                SWEAT index: 209.53
                                    K index: -12.70
                         Cross totals index: 1.70
                      Vertical totals index: 25.70
                        Totals totals index: 27.40
      Convective Available Potential Energy: 0.00
             CAPE using virtual temperature: 0.00
                      Convective Inhibition: 0.00
             CINS using virtual temperature: 0.00
                     Bulk Richardson Number: 0.00
          Bulk Richardson Number using CAPV: 0.00
  Temp [K] of the Lifted Condensation Level: 289.43
Pres [hPa] of the Lifted Condensation Level: 940.75
     Mean mixed layer potential temperature: 294.54
              Mean mixed layer mixing ratio: 12.54
              1000 hPa to 500 hPa thickness: 5714.00
Precipitable water [mm] for entire sounding: 20.44
</PRE>
<H2>76256  Empalme, Son. Observations at 12Z 02 Nov 2017</H2>
<PRE>
-----------------------------------------------------------------------------
   PRES   HGHT   TEMP   DWPT   RELH   MIXR   DRCT   SKNT   THTA   THTE   THTV
    hPa     m      C      C      %    g/kg    deg   knot     K      K      K 
-----------------------------------------------------------------------------
 1013.0     12   20.2   18.7     91  13.58      0      3  292.3  330.9  294.6
 1009.0     48   19.0   17.7     92  12.79     21      4  291.4  327.7  293.6
 1006.0     75   20.8   20.2     96  15.05     38      4  293.4  336.4  296.1
 1000.0    130   21.4   19.8     91  14.76     70      5  294.6  336.9  297.1
  989.0    225   22.0   18.7     82  13.92     92      6  296.1  336.3  298.6
  980.0    303   21.4   18.5     84  13.87    110      6  296.2  336.4  298.7
  931.0    742   17.8   17.4     98  13.61    163     10  296.9  336.5  299.4
  925.0    797   17.4   16.8     96  13.18    170     10  297.1  335.4  299.4
  914.0    900   16.9   15.8     93  12.51    180     11  297.6  334.0  299.8
  892.0   1109   15.8   13.8     88  11.24    182     17  298.5  331.5  300.6
  852.0   1500   14.7    6.0     56   6.93    185     27  301.3  322.2  302.6
  850.0   1520   14.6    5.6     55   6.75    185     26  301.4  321.8  302.7
  848.0   1540   14.4    5.4     55   6.67    184     26  301.4  321.6  302.6
  841.0   1610   15.2   -1.8     31   4.00    182     26  303.0  315.4  303.7
  822.0   1803   13.9    2.7     47   5.69    175     26  303.6  321.1  304.6
  815.0   1876   13.4    4.4     54   6.47    178     26  303.8  323.6  305.0
  785.0   2192   14.2  -19.8      8   1.02    193     25  307.9  311.4  308.1
  713.0   2994    9.2  -20.6     10   1.04    230     23  311.0  314.6  311.2
  700.0   3148    8.2  -20.8     11   1.05    230     24  311.5  315.2  311.7
  681.0   3374    7.4  -25.6      7   0.70    232     25  313.1  315.6  313.2
  642.0   3855    4.2  -13.8     26   2.06    238     27  314.8  321.8  315.2
  638.0   3906    5.0  -28.0      7   0.60    238     28  316.3  318.5  316.4
  622.0   4112    4.6  -30.4      6   0.49    241     29  318.1  319.9  318.2
  603.0   4364    3.0  -14.0     27   2.16    243     30  319.1  326.5  319.5
  539.0   5261   -2.7  -20.7     24   1.37    253     34  322.7  327.6  322.9
  530.0   5393   -3.7  -21.0     25   1.36    255     35  323.1  327.9  323.3
  500.0   5850   -7.1  -22.1     29   1.31    250     37  324.3  329.0  324.6
  464.0   6429  -11.5  -31.5     17   0.60    252     39  325.8  328.1  326.0
  403.0   7495  -20.5  -33.5     30   0.56    255     44  327.6  329.7  327.7
  400.0   7550  -20.9  -32.9     33   0.60    255     44  327.7  330.0  327.9
  365.0   8219  -26.5  -31.5     63   0.76    255     49  329.0  331.8  329.1
  360.0   8319  -27.5  -30.4     76   0.85    255     49  328.9  332.1  329.1
  336.0   8812  -30.1  -32.8     77   0.72    255     53  331.9  334.7  332.1
  329.0   8962  -30.7  -37.7     50   0.46    255     54  333.1  334.9  333.2
  300.0   9610  -36.1  -42.1     54   0.32    255     59  334.4  335.6  334.4
  291.0   9821  -37.9  -42.3     63   0.32    255     59  334.7  336.0  334.8
  282.0  10037  -39.5  -46.5     47   0.21    255     60  335.5  336.3  335.5
  264.0  10486  -43.7  -48.3     60   0.18    255     60  335.7  336.4  335.7
  250.0  10850  -46.9  -52.9     50   0.11    255     61  336.2  336.7  336.2
  234.0  11285  -50.1  -56.1     49   0.08    256     63  337.8  338.1  337.8
  223.0  11598  -51.3  -63.3     23   0.03    258     65  340.6  340.8  340.6
  200.0  12300  -54.5  -69.5     14   0.02    260     69  346.3  346.4  346.3
  182.0  12887  -58.2  -72.9     14   0.01    255     71  349.7  349.7  349.7
  150.0  14090  -65.9  -79.9     13   0.00    255     56  356.4  356.4  356.4
  136.0  14670  -67.9  -81.9     12   0.00    250     49  362.9  362.9  362.9
  123.0  15265  -70.0  -84.0     11   0.00    270     39  369.7  369.7  369.7
  111.0  15872  -72.1  -86.1     11   0.00    260     39  376.7  376.7  376.7
  100.0  16490  -74.3  -88.3     10   0.00    270     29  383.9  383.9  383.9
   95.0  16787  -75.5  -88.8     11   0.00    265     27  387.2  387.2  387.2
   93.6  16872  -75.9  -88.9     12   0.00    265     28  388.1  388.1  388.1
   81.6  17671  -71.5  -86.5      9   0.00    312     13  412.6  412.6  412.6
   81.0  17714  -71.7  -86.7      9   0.00    315     12  413.2  413.2  413.2
   77.0  18011  -72.7  -87.7      9   0.00    255      6  417.1  417.1  417.1
   75.4  18134  -73.1  -88.1      9   0.00    257      7  418.7  418.7  418.7
   70.0  18570  -71.5  -88.5      6   0.00    265     11  431.1  431.1  431.1
   66.4  18883  -71.5  -88.5      6   0.00    269     11  437.6  437.7  437.6
   66.0  18919  -70.9  -88.3      6   0.00    270     11  439.8  439.8  439.8
   63.0  19199  -66.1  -87.1      4   0.00    253     11  456.2  456.2  456.2
   60.0  19498  -65.4  -87.2      3   0.00    235     12  464.2  464.2  464.2
   52.1  20364  -63.3  -87.3      3   0.00    260     20  488.1  488.1  488.1
   52.0  20376  -63.1  -87.3      2   0.00    260     20  488.8  488.9  488.8
   50.6  20545  -60.5  -87.5      2   0.00    257     18  498.8  498.8  498.8
   50.0  20620  -60.5  -86.5      2   0.00    255     17  500.5  500.5  500.5
   49.0  20746  -60.3  -86.5      2   0.00    255     18  503.8  503.8  503.8
   47.0  21006  -60.0  -86.6      2   0.00    265     19  510.6  510.6  510.6
   45.0  21277  -59.6  -86.7      2   0.00    260     12  517.8  517.9  517.8
   41.0  21858  -58.9  -86.9      2   0.01    221     14  533.7  533.7  533.7
   39.9  22030  -56.5  -86.5      1   0.01    210     15  543.9  543.9  543.9
   39.0  22174  -56.4  -86.4      1   0.01    200     15  547.6  547.7  547.6
   35.0  22861  -56.0  -86.0      1   0.01    205      9  565.9  565.9  565.9
   31.0  23632  -55.6  -85.6      1   0.01    185      6  587.0  587.1  587.0
   30.4  23756  -55.5  -85.5      1   0.01    191      7  590.5  590.6  590.5
   30.0  23840  -55.3  -85.3      1   0.01    195      8  593.3  593.4  593.3
   29.0  24057  -54.6  -84.9      1   0.01    200     10  600.9  600.9  600.9
   28.0  24282  -54.0  -84.5      1   0.01    170     12  608.8  608.9  608.8
   27.0  24515  -53.3  -84.2      1   0.01    170     15  617.1  617.2  617.1
   23.6  25378  -50.7  -82.7      1   0.02    236     10  648.8  649.0  648.8
   22.0  25833  -50.6  -82.6      1   0.02    270      7  662.2  662.4  662.2
   21.0  26134  -50.6  -82.6      1   0.02    305      8  671.2  671.5  671.2
   20.0  26450  -50.5  -82.5      1   0.02    245     11  680.8  681.1  680.9
   18.0  27137  -50.5  -82.5      1   0.02    280     12  701.8  702.0  701.8
   15.0  28326  -50.4  -82.4      1   0.03    265     15  739.5  739.8  739.5
   13.0  29259  -50.4  -82.3      1   0.04    275     20  770.5  770.9  770.5
   12.0  29781  -50.3  -82.3      1   0.04    285     26  788.5  788.9  788.5
   11.2  30231  -50.3  -82.3      1   0.04                804.2  804.7  804.2
</PRE><H3>Station information and sounding indices</H3><PRE>
                             Station number: 76256
                           Observation time: 171102/1200
                           Station latitude: 27.95
                          Station longitude: -110.75
                          Station elevation: 12.0
                            Showalter index: 8.38
                               Lifted index: 1.63
    LIFT computed using virtual temperature: 1.20
                                SWEAT index: 294.47
                                    K index: -1.70
                         Cross totals index: 12.70
                      Vertical totals index: 21.70
                        Totals totals index: 34.40
      Convective Available Potential Energy: 59.05
             CAPE using virtual temperature: 73.91
                      Convective Inhibition: -425.67
             CINS using virtual temperature: -8.53
                           Equilibrum Level: 334.60
 Equilibrum Level using virtual temperature: 334.16
                   Level of Free Convection: 432.38
             LFCT using virtual temperature: 903.71
                     Bulk Richardson Number: 0.93
          Bulk Richardson Number using CAPV: 1.17
  Temp [K] of the Lifted Condensation Level: 291.35
Pres [hPa] of the Lifted Condensation Level: 953.44
     Mean mixed layer potential temperature: 295.36
              Mean mixed layer mixing ratio: 14.00
              1000 hPa to 500 hPa thickness: 5720.00
Precipitable water [mm] for entire sounding: 28.65
</PRE>
<H2>76256  Empalme, Son. Observations at 12Z 03 Nov 2017</H2>
<PRE>
-----------------------------------------------------------------------------
   PRES   HGHT   TEMP   DWPT   RELH   MIXR   DRCT   SKNT   THTA   THTE   THTV
    hPa     m      C      C      %    g/kg    deg   knot     K      K      K 
-----------------------------------------------------------------------------
 1015.0     12   16.0   13.9     87   9.92    300      2  287.9  315.8  289.6
 1009.0     62   19.6   15.8     79  11.31    324      3  292.0  324.2  294.0
 1007.0     79   20.6   16.3     76  11.71    332      3  293.2  326.7  295.2
 1001.0    130   21.2   16.2     73  11.70    356      4  294.3  327.9  296.3
 1000.0    139   21.4   16.4     73  11.87      0      4  294.6  328.7  296.6
  993.0    200   22.4   14.4     61  10.49     10      4  296.1  326.7  298.0
  982.0    297   22.1   13.4     58   9.91     25      4  296.8  325.8  298.6
  951.0    575   21.4   10.4     49   8.39    171      6  298.8  323.7  300.3
  948.0    603   21.3   10.0     49   8.21    185      6  298.9  323.3  300.4
  925.0    815   20.2    7.2     43   6.93    180      7  300.0  320.8  301.2
  916.0    899   19.8    5.3     39   6.13    185      7  300.4  318.9  301.5
  884.0   1206   18.4   -1.6     26   3.87    210      8  302.0  314.0  302.7
  882.0   1225   18.8  -11.2     12   1.85    209      8  302.6  308.6  302.9
  854.0   1502   18.8  -21.7      5   0.80    195     12  305.4  308.2  305.6
  850.0   1542   18.8  -23.2      4   0.70    200     12  305.8  308.3  306.0
  830.0   1745   19.2  -21.8      5   0.81    213     12  308.3  311.2  308.5
  742.0   2694   13.6  -23.4      6   0.79    275     12  312.3  315.1  312.4
  728.0   2853   12.4   -8.6     22   2.76    277     11  312.7  321.8  313.2
  701.0   3167    9.4   -9.6     25   2.65    280     10  312.7  321.5  313.2
  700.0   3179    9.2   -9.8     25   2.61    280     10  312.6  321.3  313.1
  679.0   3432    9.2  -22.8      8   0.91    287     12  315.4  318.6  315.6
  642.0   3886    5.8  -21.5     12   1.07    300     16  316.6  320.4  316.8
  554.0   5082   -3.1  -18.1     30   1.67    256     21  319.7  325.5  320.0
  553.0   5096   -3.1  -19.2     28   1.52    255     21  319.8  325.1  320.1
  543.0   5241   -3.5  -30.5     10   0.56    253     22  321.1  323.1  321.2
  502.0   5859   -6.5  -33.5     10   0.45    245     27  324.7  326.4  324.8
  500.0   5890   -6.7  -39.7      5   0.24    245     27  324.8  325.8  324.9
  477.0   6255   -9.3  -33.3     12   0.49    246     27  326.0  327.9  326.1
  466.0   6435  -10.5  -30.5     18   0.65    247     26  326.7  329.1  326.8
  460.0   6535  -11.1  -19.1     52   1.85    247     26  327.1  333.7  327.5
  452.0   6669  -12.3  -17.3     66   2.19    247     26  327.3  335.0  327.7
  443.0   6822  -13.5  -18.2     68   2.07    248     26  327.6  335.0  328.1
  436.0   6943  -14.3  -19.2     66   1.93    248     26  328.1  335.0  328.5
  432.0   7013  -14.7  -20.7     60   1.71    248     26  328.5  334.6  328.8
  430.0   7048  -14.9  -21.9     55   1.55    249     26  328.7  334.3  329.0
  429.0   7066  -14.9  -26.9     35   0.99    249     26  328.9  332.6  329.1
  422.0   7190  -16.1  -33.1     22   0.56    249     25  328.9  331.1  329.0
  413.0   7352  -17.5  -27.5     41   0.97    250     25  329.1  332.8  329.3
  405.0   7497  -18.9  -26.4     51   1.10    250     25  329.2  333.3  329.5
  400.0   7590  -19.7  -25.7     59   1.19    250     26  329.3  333.7  329.5
  388.0   7815  -21.7  -25.7     70   1.22    250     29  329.6  334.1  329.8
  381.0   7948  -22.9  -25.5     79   1.27    250     31  329.7  334.4  329.9
  375.0   8064  -23.5  -28.5     63   0.98    250     32  330.4  334.1  330.6
  372.0   8123  -23.1  -33.1     40   0.64    250     33  331.7  334.1  331.8
  333.0   8923  -28.9  -31.9     75   0.80    250     44  334.4  337.5  334.6
  316.0   9295  -31.8  -35.6     68   0.58    250     49  335.5  337.8  335.6
  314.0   9340  -32.1  -36.1     68   0.56    251     50  335.6  337.8  335.7
  300.0   9660  -33.9  -40.9     49   0.36    260     53  337.5  338.9  337.6
  287.0   9968  -35.7  -49.7     22   0.14    261     56  339.2  339.8  339.2
  250.0  10910  -43.1  -55.1     25   0.09    265     65  341.9  342.2  341.9
  222.0  11698  -48.6  -62.2     19   0.04    265     72  345.1  345.3  345.1
  200.0  12390  -53.5  -68.5     14   0.02    255     63  347.9  348.0  347.9
  179.0  13092  -59.5  -74.5     13   0.01    255     63  349.3  349.3  349.3
  152.0  14089  -68.0  -81.2     14   0.00    255     63  351.4  351.4  351.4
  150.0  14170  -68.7  -81.7     14   0.00    255     63  351.6  351.6  351.6
  143.0  14454  -71.3  -82.3     18   0.00    258     59  351.9  351.9  351.9
  124.0  15286  -75.1  -84.2     23   0.00    265     47  359.6  359.6  359.6
  123.0  15333  -75.3  -84.3     24   0.00    270     47  360.1  360.1  360.1
  117.0  15622  -75.2  -85.2     20   0.00    275     41  365.4  365.4  365.4
  100.0  16530  -74.9  -87.9     12   0.00    240     22  382.8  382.8  382.8
   96.0  16766  -76.1  -88.6     13   0.00    240     19  385.0  385.0  385.0
   92.0  17011  -77.3  -89.3     13   0.00    250     22  387.2  387.2  387.2
   78.5  17931  -73.3  -87.3     10   0.00    264     12  413.5  413.5  413.5
   78.0  17968  -73.4  -87.4     10   0.00    265     12  414.1  414.1  414.1
   74.0  18276  -73.9  -87.9     10   0.00    295      6  419.3  419.3  419.3
   70.8  18534  -74.3  -88.3     10   0.00    180      6  423.7  423.7  423.7
   70.0  18600  -74.1  -89.1      8   0.00    150      6  425.5  425.6  425.5
   66.8  18873  -72.9  -88.9      7   0.00    180     10  433.9  433.9  433.9
   62.4  19278  -66.3  -86.3      5   0.00    223     15  457.0  457.0  457.0
   57.0  19825  -66.1  -87.9      3   0.00    280     22  469.3  469.4  469.3
   56.2  19910  -66.1  -88.1      3   0.00    280     20  471.3  471.3  471.3
   52.0  20387  -60.8  -87.6      2   0.00    280      9  494.2  494.2  494.2
   51.0  20506  -59.5  -87.5      2   0.00    265      8  500.0  500.0  500.0
   50.0  20630  -58.9  -86.9      2   0.00    250      6  504.2  504.3  504.2
   43.0  21575  -60.9  -87.9      2   0.00    215     13  521.6  521.6  521.6
   42.9  21590  -60.9  -87.9      2   0.00    217     13  521.9  521.9  521.9
   41.0  21875  -60.2  -87.7      2   0.00    260     12  530.4  530.4  530.4
   37.0  22521  -58.7  -87.3      1   0.01    285      5  550.0  550.1  550.0
   35.0  22871  -57.9  -87.0      1   0.01    290      8  561.0  561.0  561.0
   34.0  23054  -57.5  -86.9      1   0.01    330      4  566.8  566.8  566.8
   32.3  23377  -56.7  -86.7      1   0.01    343      3  577.2  577.2  577.2
   32.0  23437  -56.3  -86.6      1   0.01    345      3  579.7  579.8  579.7
   31.0  23640  -55.0  -86.1      1   0.01     30      1  588.5  588.5  588.5
   30.0  23850  -53.7  -85.7      1   0.01    200      2  597.6  597.7  597.6
   29.0  24069  -52.3  -84.8      1   0.01    195      3  607.2  607.3  607.2
   28.0  24296  -50.9  -83.9      1   0.01    170      4  617.3  617.4  617.3
   27.0  24533  -50.9  -83.5      1   0.01    145      6  623.8  623.9  623.8
   24.0  25299  -50.9  -82.4      1   0.02    215      9  645.1  645.3  645.1
   22.9  25604  -50.9  -81.9      1   0.02    269      8  653.8  654.0  653.8
   22.0  25866  -49.4  -82.3      1   0.02    315      8  665.9  666.1  665.9
   21.5  26017  -48.5  -82.5      1   0.02    320      6  672.9  673.1  672.9
   21.0  26171  -49.1  -82.5      1   0.02    325      3  675.5  675.7  675.5
   20.0  26490  -50.5  -82.5      1   0.02    195      6  680.8  681.1  680.9
   19.6  26621  -51.3  -82.3      1   0.02    201      6  682.3  682.6  682.3
   19.0  26822  -51.4  -82.5      1   0.02    210      6  688.2  688.5  688.2
   18.0  27171  -51.5  -82.7      1   0.02    225      6  698.6  698.8  698.6
   17.0  27540  -51.6  -83.0      1   0.02    260      7  709.7  709.9  709.7
   15.0  28349  -51.9  -83.6      1   0.02    245     11  734.6  734.9  734.6
   14.0  28795  -52.0  -83.9      1   0.03    280     10  748.8  749.1  748.8
   13.4  29078  -52.1  -84.1      1   0.03    271     13  757.9  758.2  757.9
   13.0  29276  -51.1  -83.8      1   0.03    265     15  767.9  768.2  767.9
   12.0  29799  -48.5  -82.8      1   0.04    295     18  795.0  795.4  795.0
   11.1  30309  -45.9  -81.9      1   0.04    268     23  822.2  822.8  822.2
   11.0  30369  -45.9  -81.8      1   0.05    265     24  824.2  824.8  824.2
   10.1  30934  -46.3  -81.3      1   0.05    278     30  843.2  843.9  843.2
   10.0  31000  -45.9  -80.9      1   0.06    280     31  847.1  847.8  847.1
    9.0  31694  -49.1  -81.3      1   0.06    275     37  860.6  861.4  860.7
    8.6  31993  -50.5  -81.5      1   0.06                866.5  867.3  866.5
</PRE><H3>Station information and sounding indices</H3><PRE>
                             Station number: 76256
                           Observation time: 171103/1200
                           Station latitude: 27.95
                          Station longitude: -110.75
                          Station elevation: 12.0
                            Showalter index: 16.76
                               Lifted index: 7.00
    LIFT computed using virtual temperature: 6.62
                                SWEAT index: 51.01
                                    K index: -16.70
                         Cross totals index: -16.50
                      Vertical totals index: 25.50
                        Totals totals index: 9.00
      Convective Available Potential Energy: 0.00
             CAPE using virtual temperature: 0.00
                      Convective Inhibition: 0.00
             CINS using virtual temperature: 0.00
                     Bulk Richardson Number: 0.00
          Bulk Richardson Number using CAPV: 0.00
  Temp [K] of the Lifted Condensation Level: 285.28
Pres [hPa] of the Lifted Condensation Level: 882.63
     Mean mixed layer potential temperature: 295.66
              Mean mixed layer mixing ratio: 10.22
              1000 hPa to 500 hPa thickness: 5751.00
Precipitable water [mm] for entire sounding: 17.54
</PRE>
<H2>76256  Empalme, Son. Observations at 12Z 04 Nov 2017</H2>
<PRE>
-----------------------------------------------------------------------------
   PRES   HGHT   TEMP   DWPT   RELH   MIXR   DRCT   SKNT   THTA   THTE   THTV
    hPa     m      C      C      %    g/kg    deg   knot     K      K      K 
-----------------------------------------------------------------------------
 1012.0     12   21.8   11.8     53   8.66     50      7  293.9  319.1  295.5
 1008.0     47   22.2   12.2     53   8.93     45      9  294.7  320.6  296.3
 1004.0     82   23.8   13.8     53   9.97     40     12  296.6  325.7  298.4
 1000.0    117   24.4   12.4     47   9.12     35     14  297.6  324.4  299.2
  979.0    303   25.0   11.5     43   8.76     45     15  300.0  326.0  301.6
  973.0    357   25.2   11.2     41   8.65     39     14  300.7  326.5  302.3
  961.0    466   27.0   -2.0     15   3.45     26     12  303.6  314.5  304.2
  946.0    603   26.0   -2.6     15   3.36     10      9  303.9  314.5  304.5
  929.0    762   24.8   -3.2     15   3.26    354      8  304.3  314.6  304.9
  925.0    800   24.6   -4.4     14   3.00    350      8  304.5  314.0  305.0
  918.0    867   24.4    5.4     29   6.16    340      8  304.9  323.9  306.1
  914.0    904   24.2    5.1     29   6.05    335      8  305.1  323.7  306.2
  853.0   1505   20.8   -0.1     25   4.46    265     10  307.6  321.7  308.4
  850.0   1536   20.6   -0.4     24   4.39    265     10  307.7  321.6  308.5
  824.0   1803   18.8   -5.3     19   3.15    255      9  308.5  318.7  309.1
  816.0   1886   18.2   -6.8     18   2.83    242      9  308.8  318.0  309.3
  796.0   2097   16.6   -4.4     23   3.49    210      9  309.2  320.5  309.9
  772.0   2357   14.6   -1.4     33   4.49    193     12  309.8  324.1  310.7
  768.0   2401   14.4   -2.5     31   4.17    190     13  310.1  323.5  310.9
  763.0   2456   14.2   -3.8     29   3.80    190     14  310.4  322.7  311.1
  746.0   2646   12.6    6.6     67   8.26    192     17  310.7  336.4  312.2
  700.0   3177    8.8    5.8     81   8.33    195     26  312.2  338.3  313.8
  691.0   3284    8.0    7.0     93   9.18    196     27  312.5  341.1  314.2
  622.0   4143    2.4    2.0     97   7.16    206     31  315.6  338.4  316.9
  600.0   4432    0.6    0.1     96   6.47    209     32  316.8  337.6  318.0
  579.0   4717   -0.5   -5.1     71   4.54    212     34  318.7  333.7  319.6
  554.0   5068   -2.9   -8.9     63   3.54    216     36  319.9  331.8  320.6
  534.0   5357   -5.1   -7.6     83   4.07    219     37  320.7  334.2  321.5
  500.0   5870   -8.3   -9.5     91   3.74    225     40  322.9  335.5  323.6
  473.0   6300  -10.2  -12.9     80   3.00    230     44  325.7  336.1  326.3
  471.0   6332  -10.3  -13.2     79   2.95    230     44  325.9  336.1  326.5
  435.0   6939  -15.3  -16.6     90   2.41    228     40  327.1  335.6  327.6
  410.0   7385  -17.1  -23.1     60   1.46    226     36  330.3  335.7  330.6
  400.0   7570  -18.3  -23.3     65   1.47    225     35  331.1  336.5  331.4
  376.0   8030  -21.3  -28.3     53   0.99    225     37  333.1  336.8  333.3
  368.0   8188  -22.5  -26.0     73   1.25    225     38  333.5  338.2  333.8
  333.0   8915  -27.9  -29.7     85   0.98    225     41  335.8  339.5  336.0
  328.0   9024  -27.7  -34.7     51   0.62    225     42  337.5  339.9  337.6
  316.0   9291  -29.8  -39.3     39   0.40    225     43  338.2  339.8  338.2
  309.0   9451  -31.1  -42.1     33   0.31    229     42  338.6  339.8  338.6
  300.0   9660  -32.7  -42.7     36   0.30    235     40  339.2  340.4  339.2
  270.0  10389  -39.3  -46.3     47   0.22    235     46  339.9  340.9  340.0
  250.0  10910  -43.3  -53.3     32   0.11    235     51  341.6  342.0  341.6
  240.0  11185  -45.3  -55.3     32   0.09    238     53  342.6  342.9  342.6
  227.0  11555  -48.5  -53.5     56   0.12    243     56  343.2  343.7  343.2
  222.0  11700  -49.6  -54.9     53   0.10    245     57  343.7  344.2  343.8
  200.0  12380  -54.5  -61.5     42   0.05    240     70  346.3  346.5  346.3
  159.0  13791  -66.1  -72.3     42   0.01    245     74  350.1  350.1  350.1
  150.0  14150  -69.1  -75.1     42   0.01    245     67  350.9  350.9  350.9
  137.0  14691  -72.2  -79.2     35   0.01    240     67  354.5  354.6  354.5
  136.0  14734  -72.5  -79.5     34   0.01    235     68  354.8  354.8  354.8
  130.0  15002  -70.9  -79.9     25   0.01    230     85  362.3  362.3  362.3
  124.0  15282  -72.1  -81.5     23   0.00    200     97  365.1  365.1  365.1
  116.0  15677  -73.7  -83.7     20   0.00    200     86  369.1  369.1  369.1
  100.0  16550  -73.3  -85.3     15   0.00    200     61  385.9  385.9  385.9
   88.6  17255  -76.9  -89.9     11   0.00    205     39  392.2  392.2  392.2
   82.0  17703  -76.3  -88.9     12   0.00    210     26  402.2  402.2  402.2
   78.0  17992  -75.9  -88.3     13   0.00    220     25  408.8  408.8  408.8
   71.8  18472  -75.3  -87.3     14   0.00    182     35  419.9  419.9  419.9
   70.0  18620  -74.5  -87.5     12   0.00    170     38  424.7  424.7  424.7
   67.0  18876  -71.8  -85.9     11   0.00    175     25  435.9  435.9  435.9
   64.8  19072  -69.7  -84.7     10   0.00    197     18  444.6  444.7  444.6
   63.0  19239  -70.0  -85.5      9   0.00    215     12  447.6  447.6  447.6
   61.0  19429  -70.3  -86.3      8   0.00    227     14  451.1  451.1  451.1
   52.0  20393  -63.1  -83.1      5   0.01    285     21  488.9  489.0  488.9
   50.0  20630  -61.3  -82.3      5   0.01    290     19  498.6  498.7  498.6
   45.0  21282  -61.9  -81.9      5   0.01    269     14  512.4  512.5  512.4
   41.7  21755  -58.7  -81.7      4   0.01    253     10  531.6  531.7  531.6
   41.0  21862  -58.7  -81.6      4   0.01    250      9  534.3  534.4  534.3
   39.0  22175  -58.5  -81.1      4   0.01    215      7  542.3  542.4  542.3
   35.4  22783  -58.3  -80.3      4   0.02    291     11  558.1  558.2  558.1
   35.0  22855  -58.1  -80.2      4   0.02    300     11  560.4  560.5  560.4
   34.0  23038  -57.6  -80.0      4   0.02    325     16  566.3  566.5  566.3
   31.7  23479  -56.5  -79.5      4   0.02    333     18  580.8  581.0  580.8
   30.0  23830  -54.5  -79.5      3   0.02    340     19  595.5  595.7  595.5
   28.0  24274  -50.6  -77.0      3   0.04    330     13  618.3  618.6  618.3
   27.2  24460  -48.9  -75.9      3   0.05     38      3  628.1  628.5  628.1
   27.0  24509  -48.7  -75.9      3   0.05     55      1  629.8  630.3  629.9
   26.0  24755  -47.9  -75.9      3   0.05    140     11  639.0  639.5  639.1
   23.0  25545  -52.3  -80.9      2   0.02    145      9  648.9  649.1  648.9
   21.4  26009  -54.9  -83.9      2   0.02    215      8  654.6  654.8  654.6
   21.0  26129  -54.4  -84.2      1   0.02    225      8  659.7  659.8  659.7
   20.0  26440  -53.1  -85.1      1   0.01    310      7  672.9  673.0  672.9
   19.5  26604  -51.1  -84.1      1   0.02    317      7  683.9  684.1  683.9
   19.0  26772  -51.3  -84.0      1   0.02    325      8  688.5  688.7  688.5
   18.0  27123  -51.6  -83.7      1   0.02    300      8  698.1  698.3  698.1
   17.0  27493  -52.0  -83.5      1   0.02    290     12  708.3  708.6  708.3
   16.3  27766  -52.3  -83.3      1   0.02    287     11  716.0  716.2  716.0
   16.0  27886  -53.1  -83.1      1   0.03    285     11  717.2  717.5  717.2
   15.6  28050  -49.7  -82.7      1   0.03                733.5  733.9  733.6
</PRE><H3>Station information and sounding indices</H3><PRE>
                             Station number: 76256
                           Observation time: 171104/1200
                           Station latitude: 27.95
                          Station longitude: -110.75
                          Station elevation: 12.0
                            Showalter index: 7.29
                               Lifted index: 7.23
    LIFT computed using virtual temperature: 7.47
                                SWEAT index: 60.00
                                    K index: 25.50
                         Cross totals index: 7.90
                      Vertical totals index: 28.90
                        Totals totals index: 36.80
      Convective Available Potential Energy: 0.00
             CAPE using virtual temperature: 0.00
                      Convective Inhibition: 0.00
             CINS using virtual temperature: 0.00
                     Bulk Richardson Number: 0.00
          Bulk Richardson Number using CAPV: 0.00
  Temp [K] of the Lifted Condensation Level: 278.94
Pres [hPa] of the Lifted Condensation Level: 780.40
     Mean mixed layer potential temperature: 299.44
              Mean mixed layer mixing ratio: 7.87
              1000 hPa to 500 hPa thickness: 5753.00
Precipitable water [mm] for entire sounding: 33.87
</PRE>
<H2>76256  Empalme, Son. Observations at 12Z 05 Nov 2017</H2>
<PRE>
-----------------------------------------------------------------------------
   PRES   HGHT   TEMP   DWPT   RELH   MIXR   DRCT   SKNT   THTA   THTE   THTV
    hPa     m      C      C      %    g/kg    deg   knot     K      K      K 
-----------------------------------------------------------------------------
 1013.0     12   23.0   14.0     57  10.01    285      3  295.1  324.1  296.8
 1007.0     63   25.0   14.0     50  10.07    294      3  297.6  327.1  299.4
 1000.0    124   25.4   12.4     44   9.12    305      4  298.6  325.5  300.2
  980.0    301   24.9   11.1     42   8.53    310      6  299.7  325.1  301.3
  949.0    583   24.0    9.0     38   7.64    282      7  301.6  324.6  303.0
  925.0    807   22.6   11.6     50   9.35    260      7  302.4  330.5  304.1
  916.0    892   21.8   13.8     60  10.91    260     10  302.4  335.0  304.4
  910.0    949   21.2   15.2     69  12.08    259     10  302.4  338.4  304.6
  891.0   1131   21.2    8.2     43   7.71    254      9  304.2  327.7  305.6
  881.0   1229   21.2    3.2     31   5.50    252      9  305.2  322.2  306.2
  871.0   1327   20.4    8.4     46   8.00    250      9  305.4  329.8  306.8
  860.0   1436   21.0   -5.0     17   3.08    247      8  307.1  317.0  307.7
  850.0   1537   20.4   -5.6     17   2.98    245      8  307.5  317.1  308.1
  824.0   1802   18.6   -5.6     19   3.07    245      9  308.4  318.3  308.9
  796.0   2096   16.6   -5.6     21   3.18    275     11  309.3  319.6  309.9
  753.0   2569   13.4   -5.6     26   3.36    270     12  310.7  321.6  311.4
  715.0   3002   11.6  -10.3     21   2.46    265     13  313.3  321.5  313.8
  700.0   3180   10.8  -12.2     19   2.15    250     19  314.4  321.7  314.8
  690.0   3300   10.6  -14.4     16   1.83    245     23  315.5  321.7  315.8
  586.0   4630   -0.9   -2.4     90   5.50    242     27  317.2  335.0  318.2
  512.0   5693   -7.2   -7.4     98   4.30    240     30  322.0  336.4  322.9
  500.0   5880   -8.3   -8.3    100   4.11    240     34  322.9  336.7  323.7
  480.0   6197   -9.9  -10.8     93   3.52    242     35  324.7  336.6  325.4
  400.0   7580  -19.5  -20.9     89   1.82    250     42  329.6  336.1  329.9
  389.0   7787  -20.9  -21.8     92   1.73    248     45  330.4  336.6  330.7
  373.0   8096  -22.8  -26.4     72   1.19    245     50  331.9  336.3  332.1
  367.0   8215  -23.5  -28.2     65   1.03    245     50  332.4  336.3  332.6
  343.0   8702  -26.9  -32.7     58   0.72    245     49  334.3  337.0  334.4
  316.0   9293  -31.1  -38.1     50   0.45    242     52  336.4  338.2  336.5
  307.0   9498  -32.5  -43.5     33   0.27    241     53  337.2  338.3  337.3
  300.0   9660  -33.1  -45.1     29   0.23    240     54  338.6  339.6  338.6
  282.0  10093  -36.3  -49.3     25   0.15    245     53  340.1  340.7  340.1
  266.0  10496  -39.5  -48.3     39   0.18    250     53  341.1  341.9  341.2
  263.0  10575  -40.1  -48.1     42   0.19    247     54  341.3  342.1  341.4
  250.0  10920  -42.3  -52.3     33   0.12    235     61  343.0  343.6  343.1
  238.0  11251  -45.1  -53.1     40   0.12    235     63  343.7  344.2  343.7
  218.0  11832  -49.7  -63.7     18   0.03    235     65  345.3  345.4  345.3
  200.0  12390  -54.7  -65.7     24   0.03    235     68  346.0  346.1  346.0
  167.0  13509  -64.0  -73.3     27   0.01    230     63  348.8  348.8  348.8
  161.0  13736  -65.9  -74.9     27   0.01    232     63  349.2  349.3  349.2
  150.0  14160  -69.1  -76.1     36   0.01    235     64  350.9  350.9  350.9
  130.0  15000  -72.3  -80.5     28   0.00    255     48  359.7  359.8  359.7
  117.0  15619  -74.7  -83.7     24   0.00    250     49  366.3  366.4  366.3
  106.0  16192  -74.2  -84.5     19   0.00    255     38  377.8  377.8  377.8
  100.0  16530  -73.9  -84.9     17   0.00    270     40  384.7  384.7  384.7
   91.0  17087  -73.4  -86.1     13   0.00    285     25  396.2  396.3  396.2
   89.8  17165  -73.3  -86.3     12   0.00    282     25  397.9  397.9  397.9
   82.0  17695  -77.4  -88.9     15   0.00    260     26  400.0  400.1  400.0
   79.6  17868  -78.7  -89.7     15   0.00    270     27  400.7  400.7  400.7
   78.0  17985  -78.5  -89.5     16   0.00    275     24  403.5  403.6  403.5
   74.0  18289  -77.8  -88.8     16   0.00    270     10  411.0  411.0  411.0
   70.7  18552  -77.3  -88.3     16   0.00    262     17  417.5  417.5  417.5
   70.0  18610  -76.9  -88.9     13   0.00    260     19  419.6  419.6  419.6
   66.5  18904  -74.5  -87.5     12   0.00    282     20  430.9  431.0  430.9
   63.8  19146  -68.9  -84.9      8   0.00    300     22  448.4  448.4  448.4
   63.0  19221  -68.8  -84.9      8   0.00    305     22  450.1  450.1  450.1
   60.0  19510  -68.6  -85.1      8   0.00    295     18  456.9  456.9  456.9
   57.0  19815  -68.4  -85.2      7   0.00    245     16  464.1  464.2  464.1
   55.3  19994  -68.3  -85.3      7   0.01    262     15  468.4  468.5  468.4
   54.0  20137  -67.1  -84.8      7   0.01    275     14  474.4  474.4  474.4
   50.0  20600  -63.3  -83.3      5   0.01    315     20  493.9  493.9  493.9
   49.9  20612  -62.9  -82.9      5   0.01    315     20  495.1  495.2  495.1
   49.0  20725  -62.6  -82.8      5   0.01    310     19  498.3  498.4  498.3
   47.0  20984  -62.0  -82.5      5   0.01    290     15  505.8  505.8  505.8
   45.0  21255  -61.4  -82.3      5   0.01    310     14  513.6  513.7  513.6
   43.0  21537  -60.7  -82.0      4   0.01    275      9  522.0  522.1  522.0
   41.0  21833  -60.0  -81.7      4   0.01    265     10  530.9  531.0  530.9
   39.6  22049  -59.5  -81.5      4   0.01    286     11  537.5  537.6  537.5
   39.0  22144  -59.7  -81.5      4   0.01    295     11  539.4  539.5  539.4
   35.9  22662  -60.5  -81.5      5   0.01    249     10  550.2  550.3  550.2
   35.0  22823  -59.5  -80.9      5   0.02    235     10  556.8  557.0  556.8
   34.0  23007  -58.3  -80.2      4   0.02    265     13  564.5  564.7  564.5
   30.0  23800  -53.3  -77.3      4   0.03    265     16  598.7  599.0  598.8
   28.0  24246  -52.7  -78.2      3   0.03    255      8  612.4  612.7  612.4
   27.0  24481  -52.4  -78.7      3   0.03    295     10  619.7  620.0  619.7
   25.0  24979  -51.7  -79.8      2   0.03    300     10  635.4  635.7  635.5
   24.0  25243  -51.3  -80.3      2   0.03    240     12  644.0  644.2  644.0
   23.0  25518  -52.2  -81.2      2   0.02    235     12  649.2  649.5  649.2
   21.4  25984  -53.7  -82.7      2   0.02    259     17  658.2  658.4  658.2
   21.0  26105  -53.2  -83.0      1   0.02    265     18  663.3  663.5  663.3
   20.0  26420  -51.9  -83.9      1   0.02    275     19  676.6  676.7  676.6
   19.6  26551  -50.9  -83.9      1   0.02    281     20  683.5  683.7  683.5
   19.0  26753  -50.9  -83.9      1   0.02    290     21  689.6  689.8  689.6
   18.0  27105  -50.9  -83.9      1   0.02    260     20  700.4  700.6  700.4
   15.0  28291  -50.9  -83.9      1   0.02    260     24  737.8  738.1  737.8
   14.0  28740  -50.9  -83.9      1   0.03    305     50  752.5  752.8  752.5
   13.8  28834  -50.9  -83.9      1   0.03                755.6  755.9  755.6
</PRE><H3>Station information and sounding indices</H3><PRE>
                             Station number: 76256
                           Observation time: 171105/1200
                           Station latitude: 27.95
                          Station longitude: -110.75
                          Station elevation: 12.0
                            Showalter index: 9.80
                               Lifted index: 5.40
    LIFT computed using virtual temperature: 5.63
                                SWEAT index: 50.00
                                    K index: 0.10
                         Cross totals index: 2.70
                      Vertical totals index: 28.70
                        Totals totals index: 31.40
      Convective Available Potential Energy: 0.00
             CAPE using virtual temperature: 0.00
                      Convective Inhibition: 0.00
             CINS using virtual temperature: 0.00
                     Bulk Richardson Number: 0.00
          Bulk Richardson Number using CAPV: 0.00
  Temp [K] of the Lifted Condensation Level: 281.80
Pres [hPa] of the Lifted Condensation Level: 810.56
     Mean mixed layer potential temperature: 299.24
              Mean mixed layer mixing ratio: 8.79
              1000 hPa to 500 hPa thickness: 5756.00
Precipitable water [mm] for entire sounding: 30.52
</PRE>
<H2>76256  Empalme, Son. Observations at 12Z 06 Nov 2017</H2>
<PRE>
-----------------------------------------------------------------------------
   PRES   HGHT   TEMP   DWPT   RELH   MIXR   DRCT   SKNT   THTA   THTE   THTV
    hPa     m      C      C      %    g/kg    deg   knot     K      K      K 
-----------------------------------------------------------------------------
 1011.0     12   22.4    7.4     38   6.43    300      3  294.6  313.6  295.8
 1000.0    111   24.4    6.4     31   6.06    315     11  297.6  315.7  298.6
  996.0    146   24.4    5.4     29   5.68    319     11  297.9  314.9  298.9
  988.0    216   26.2    4.2     24   5.26    326     10  300.4  316.4  301.3
  979.0    296   26.3    3.3     23   4.98    335     10  301.3  316.6  302.2
  946.0    595   26.8    0.0     17   4.06    340     14  304.7  317.5  305.5
  944.0    614   26.8   -0.2     17   4.01    341     14  304.9  317.6  305.7
  925.0    791   25.8    3.8     24   5.46    355     13  305.7  322.6  306.7
  914.0    896   25.3    4.4     26   5.76      0     12  306.2  324.1  307.3
  884.0   1190   24.0    6.0     31   6.67    350     12  307.8  328.5  309.0
  883.0   1200   23.9    6.0     31   6.66    350     12  307.8  328.5  309.1
  850.0   1533   21.2    4.2     33   6.12    325     12  308.3  327.4  309.5
  798.0   2074   17.0    3.0     39   5.99    301     17  309.5  328.3  310.6
  795.0   2106   16.8    2.8     39   5.91    300     17  309.6  328.1  310.7
  768.0   2398   14.7    0.7     38   5.27    300     15  310.4  327.1  311.4
  759.0   2498   14.0    0.0     38   5.07    291     14  310.7  326.8  311.6
  745.0   2655   14.2   -1.8     33   4.52    277     13  312.6  327.1  313.4
  715.0   2998   11.0    1.6     52   6.06    245     11  312.8  332.0  313.9
  700.0   3175    9.4    3.4     66   7.03    245     11  312.9  335.1  314.2
  686.0   3342    8.0    4.5     79   7.76    247     11  313.1  337.5  314.6
  665.0   3598    6.6    1.6     71   6.51    250     11  314.3  335.0  315.5
  641.0   3899    4.9   -1.8     62   5.25    265     12  315.7  332.7  316.7
  637.0   3951    4.6   -2.4     60   5.06    264     12  315.9  332.4  316.9
  625.0   4106    5.2  -12.8     26   2.30    262     14  318.4  326.2  318.8
  559.0   5004   -1.7  -16.7     31   1.86    248     21  320.5  327.0  320.9
  521.0   5560   -6.1  -14.1     53   2.48    240     26  321.7  330.2  322.2
  506.0   5787   -8.1   -9.6     89   3.67    236     28  322.0  334.4  322.7
  500.0   5880   -8.9   -9.1     98   3.86    235     29  322.1  335.1  322.9
  473.0   6308  -11.2  -13.7     82   2.82    230     34  324.4  334.1  325.0
  452.0   6658  -13.1  -17.5     70   2.15    233     36  326.3  333.9  326.7
  448.0   6726  -13.7  -18.7     66   1.96    233     37  326.4  333.3  326.7
  443.0   6811  -14.3  -17.3     78   2.23    234     37  326.6  334.5  327.1
  433.0   6984  -15.7  -18.5     79   2.06    236     38  327.0  334.3  327.4
  430.0   7037  -15.9  -17.7     86   2.23    236     39  327.4  335.2  327.8
  405.0   7487  -18.5  -27.5     45   0.99    240     42  329.7  333.4  329.9
  404.0   7506  -18.7  -27.9     44   0.96    240     42  329.7  333.3  329.9
  400.0   7580  -19.3  -29.3     41   0.85    240     42  329.8  333.0  330.0
  381.0   7938  -21.9  -34.9     30   0.52    240     44  331.0  333.0  331.1
  369.0   8171  -23.1  -30.1     53   0.86    240     45  332.5  335.7  332.6
  362.0   8310  -24.3  -29.3     63   0.94    240     46  332.7  336.2  332.9
  348.0   8596  -25.3  -43.3     17   0.24    240     47  335.1  336.1  335.1
  343.0   8699  -26.0  -42.2     20   0.27    240     48  335.5  336.6  335.6
  326.0   9064  -28.5  -38.5     38   0.42    242     48  337.0  338.7  337.1
  300.0   9650  -32.9  -43.9     32   0.26    245     48  338.9  340.0  338.9
  273.0  10309  -37.9  -50.9     24   0.13    250     51  340.9  341.5  340.9
  250.0  10910  -43.1  -53.1     32   0.11    255     53  341.9  342.3  341.9
  202.0  12295  -55.0  -62.1     41   0.04    260     59  344.6  344.8  344.6
  200.0  12360  -55.5  -62.5     41   0.04    260     60  344.7  344.9  344.7
  172.0  13300  -63.9  -69.9     44   0.02    263     63  346.0  346.1  346.0
  151.0  14090  -66.9  -76.8     24   0.01    265     66  353.9  353.9  353.9
  150.0  14130  -67.1  -77.1     23   0.01    265     64  354.3  354.3  354.3
  138.0  14632  -67.5  -79.5     17   0.01    250     52  362.1  362.2  362.1
  130.0  14988  -70.3  -82.3     16   0.00    240     43  363.4  363.4  363.4
  126.0  15175  -71.7  -83.7     15   0.00    244     44  364.1  364.1  364.1
  106.0  16188  -73.3  -86.8     11   0.00    265     48  379.4  379.4  379.4
  100.0  16530  -73.9  -87.9     10   0.00    270     41  384.7  384.7  384.7
   96.0  16766  -74.9  -88.7     10   0.00    270     36  387.3  387.3  387.3
   91.0  17076  -76.2  -89.6     11   0.00    250     32  390.6  390.6  390.6
   84.9  17478  -77.9  -90.9     11   0.00    270     34  395.0  395.0  395.0
   82.0  17676  -78.1  -90.6     12   0.00    270     30  398.6  398.6  398.6
   78.6  17919  -78.3  -90.3     13   0.00    274     28  403.0  403.0  403.0
   74.0  18268  -75.7  -88.8     11   0.00    280     26  415.6  415.6  415.6
   70.8  18523  -73.7  -87.7     10   0.00    304     21  425.0  425.0  425.0
   70.0  18590  -73.7  -86.7     12   0.00    310     20  426.4  426.4  426.4
   66.0  18931  -74.7  -87.7     12   0.00    315      8  431.4  431.4  431.4
   63.9  19118  -75.3  -88.3     12   0.00    266      8  434.1  434.1  434.1
   63.0  19200  -75.0  -88.4     11   0.00    245      8  436.6  436.6  436.6
   61.5  19339  -74.5  -88.5     10   0.00    253      9  440.7  440.7  440.7
   58.6  19623  -68.3  -86.3      6   0.00    270     12  460.8  460.8  460.8
   57.0  19789  -67.5  -86.1      6   0.00    280     13  466.2  466.3  466.2
   54.0  20115  -65.9  -85.8      5   0.00    270     18  477.1  477.1  477.1
   52.0  20342  -64.8  -85.6      4   0.01    295     16  484.8  484.9  484.8
   51.4  20412  -64.5  -85.5      4   0.01    292     17  487.2  487.2  487.2
   50.0  20580  -64.9  -85.9      4   0.00    285     21  490.1  490.2  490.1
   47.0  20957  -65.1  -86.1      4   0.01    300     12  498.4  498.5  498.4
   46.8  20983  -65.1  -86.1      4   0.01    299     12  499.0  499.0  499.0
   44.0  21361  -63.9  -86.0      3   0.01    285     10  510.7  510.8  510.7
   42.0  21645  -63.0  -85.9      3   0.01    300     16  519.8  519.8  519.8
   41.7  21689  -62.9  -85.9      3   0.01    297     16  521.2  521.2  521.2
   40.0  21948  -60.3  -85.1      3   0.01    280     14  534.0  534.1  534.0
   38.9  22122  -58.5  -84.5      2   0.01    277     13  542.8  542.8  542.8
   35.0  22788  -57.2  -84.6      2   0.01    265     10  562.8  562.9  562.8
   33.6  23046  -56.7  -84.7      2   0.01    282     10  570.7  570.8  570.7
   33.0  23159  -57.2  -85.2      2   0.01    290     10  572.4  572.4  572.4
   31.2  23513  -58.7  -86.7      2   0.01    287     11  577.5  577.6  577.5
   30.0  23760  -57.5  -86.5      1   0.01    285     12  587.3  587.4  587.3
   29.0  23974  -57.4  -86.4      1   0.01    270      9  593.2  593.3  593.2
   26.9  24447  -57.3  -86.3      1   0.01    280     10  606.5  606.5  606.5
   26.0  24664  -53.7  -85.7      1   0.01    285     11  622.6  622.7  622.6
   25.0  24915  -53.9  -85.3      1   0.01    265      8  629.1  629.3  629.1
   24.0  25176  -54.0  -85.0      1   0.01    210     13  636.0  636.2  636.1
   23.0  25449  -54.2  -84.5      1   0.01    215     17  643.3  643.5  643.3
   22.4  25618  -54.3  -84.3      1   0.01    228     15  647.9  648.0  647.9
   21.0  26034  -51.5  -83.8      1   0.02    260     11  668.3  668.5  668.3
   20.6  26158  -50.7  -83.7      1   0.02    252     13  674.5  674.7  674.5
   20.0  26350  -50.5  -82.5      1   0.02    240     15  680.8  681.1  680.9
   18.0  27043  -48.0  -81.4      1   0.03    270     13  709.5  709.8  709.5
   15.9  27860  -45.1  -80.1      1   0.04    287     20  744.6  745.0  744.6
   15.0  28242  -46.3  -80.5      1   0.04    295     24  753.2  753.6  753.2
   14.0  28695  -47.7  -81.1      1   0.04    270     28  763.4  763.9  763.4
   13.0  29182  -49.2  -81.6      1   0.04    285     23  774.5  775.0  774.6
   11.6  29930  -51.5  -82.5      1   0.04    274     32  791.9  792.4  791.9
   10.0  30890  -51.7  -83.7      1   0.04    260     44  825.5  825.9  825.5
    9.5  31224  -50.3  -83.3      1   0.04    272     47  843.0  843.5  843.0
    9.0  31575  -50.8  -83.3      1   0.04    285     50  854.0  854.6  854.0
    8.6  31871  -51.3  -83.3      1   0.05                863.4  864.0  863.4
</PRE><H3>Station information and sounding indices</H3><PRE>
                             Station number: 76256
                           Observation time: 171106/1200
                           Station latitude: 27.95
                          Station longitude: -110.75
                          Station elevation: 12.0
                            Showalter index: 3.67
                               Lifted index: 9.85
    LIFT computed using virtual temperature: 10.20
                                SWEAT index: 103.41
                                    K index: 28.30
                         Cross totals index: 13.10
                      Vertical totals index: 30.10
                        Totals totals index: 43.20
      Convective Available Potential Energy: 0.00
             CAPE using virtual temperature: 0.00
                      Convective Inhibition: 0.00
             CINS using virtual temperature: 0.00
                     Bulk Richardson Number: 0.00
          Bulk Richardson Number using CAPV: 0.00
  Temp [K] of the Lifted Condensation Level: 272.64
Pres [hPa] of the Lifted Condensation Level: 714.43
     Mean mixed layer potential temperature: 300.16
              Mean mixed layer mixing ratio: 5.24
              1000 hPa to 500 hPa thickness: 5769.00
Precipitable water [mm] for entire sounding: 28.52
</PRE>
<H2>76256  Empalme, Son. Observations at 12Z 07 Nov 2017</H2>
<PRE>
-----------------------------------------------------------------------------
   PRES   HGHT   TEMP   DWPT   RELH   MIXR   DRCT   SKNT   THTA   THTE   THTV
    hPa     m      C      C      %    g/kg    deg   knot     K      K      K 
-----------------------------------------------------------------------------
 1011.0     12   23.2   12.2     50   8.90    300      4  295.4  321.4  297.0
 1009.0     31   23.4   12.4     50   9.04    302      5  295.8  322.2  297.4
 1000.0    116   27.2   12.2     39   9.00    310     11  300.4  327.2  302.0
  999.0    125   28.0   12.0     37   8.89    312     11  301.2  327.8  302.9
  993.0    178   29.8    8.8     27   7.20    323     10  303.6  325.5  304.9
  979.0    305   29.5    7.3     25   6.59    350      7  304.5  324.7  305.7
  958.0    497   29.0    5.0     22   5.74    357     11  305.9  323.7  306.9
  947.0    599   28.3    4.9     23   5.78      0     13  306.1  324.1  307.2
  925.0    807   26.8    4.8     24   5.86    355     12  306.7  324.9  307.8
  855.0   1498   22.0    0.9     25   4.80    345      5  308.6  323.8  309.5
  850.0   1550   21.6    0.6     25   4.72    335      6  308.8  323.7  309.6
  826.0   1795   20.2   -1.9     23   4.05    305      8  309.8  322.8  310.5
  782.0   2265   17.4   -6.6     19   3.00    274      9  311.7  321.5  312.3
  743.0   2695   13.7   -1.6     35   4.61    245     10  312.2  327.1  313.1
  712.0   3054   10.6    2.6     58   6.52    259     11  312.7  333.3  313.9
  704.0   3148   10.6   -1.4     43   4.93    263     12  313.7  329.6  314.6
  700.0   3195   10.4   -1.6     43   4.89    265     12  314.0  329.7  314.9
  691.0   3302    9.6   -1.0     48   5.18    275     14  314.2  330.9  315.2
  655.0   3747    6.2    1.5     72   6.56    271     15  315.2  336.2  316.5
  643.0   3898    5.2    0.0     69   5.99    270     16  315.7  335.0  316.9
  621.0   4184    3.2   -2.8     65   5.04    258     16  316.6  333.0  317.6
  597.0   4502    0.7   -3.3     74   5.04    245     16  317.4  333.8  318.3
  571.0   4861   -2.1   -3.9     87   5.05    244     20  318.1  334.6  319.1
  553.0   5117   -3.3   -7.8     71   3.86    243     22  319.6  332.5  320.4
  527.0   5498   -6.1   -8.5     83   3.84    241     27  320.7  333.5  321.4
  500.0   5910   -8.1  -12.8     69   2.87    240     31  323.1  332.9  323.7
  486.0   6130   -9.3  -14.3     67   2.61    241     32  324.3  333.3  324.8
  472.0   6356  -10.3  -18.3     52   1.93    241     34  325.7  332.6  326.1
  467.0   6438  -10.7  -23.7     34   1.22    242     34  326.2  330.7  326.5
  401.0   7591  -19.3  -26.3     54   1.12    245     41  329.6  333.7  329.8
  400.0   7610  -19.5  -25.5     59   1.21    245     41  329.6  334.0  329.8
  381.0   7970  -21.3  -34.3     30   0.55    245     43  331.8  333.9  331.9
  323.0   9161  -31.3  -38.3     50   0.44    245     48  334.0  335.8  334.1
  313.0   9383  -32.3  -42.3     36   0.30    245     49  335.6  336.9  335.7
  306.0   9542  -33.7  -41.7     44   0.32    245     49  335.9  337.2  335.9
  302.0   9634  -33.9  -45.9     29   0.21    245     50  336.8  337.7  336.9
  300.0   9680  -33.9  -47.9     23   0.17    245     50  337.5  338.2  337.5
  287.0   9988  -35.7  -50.7     20   0.13    245     51  339.2  339.8  339.2
  266.0  10507  -40.0  -52.8     24   0.11    245     52  340.4  340.9  340.4
  250.0  10930  -43.5  -54.5     29   0.09    255     51  341.3  341.7  341.3
  233.0  11400  -47.5  -53.5     50   0.11    258     52  342.1  342.6  342.1
  200.0  12390  -56.3  -62.3     47   0.04    265     55  343.4  343.6  343.5
  178.0  13120  -63.1  -69.1     44   0.02    265     61  343.9  344.0  343.9
  167.0  13508  -65.3  -71.7     41   0.01    265     64  346.5  346.6  346.5
  150.0  14160  -69.1  -76.1     36   0.01    255     64  350.9  350.9  350.9
  143.0  14447  -66.1  -77.1     20   0.01    256     60  360.9  361.0  360.9
  124.0  15295  -71.3  -82.3     18   0.00    260     48  366.5  366.5  366.5
  120.0  15490  -72.5  -83.5     18   0.00    260     49  367.7  367.8  367.7
  112.0  15895  -70.9  -84.9     11   0.00    270     46  378.0  378.1  378.0
  100.0  16560  -73.5  -87.5     10   0.00    260     38  385.5  385.5  385.5
   91.0  17111  -73.7  -88.5      9   0.00    255     33  395.6  395.6  395.6
   89.8  17189  -73.7  -88.7      9   0.00    256     32  397.1  397.1  397.1
   82.0  17712  -77.0  -90.8     10   0.00    260     24  400.7  400.7  400.7
   77.5  18038  -79.1  -92.1     11   0.00    245     27  402.9  403.0  402.9
   74.0  18302  -77.9  -90.9     11   0.00    250     28  410.9  410.9  410.9
   70.8  18555  -76.7  -89.7     11   0.00    258     26  418.6  418.6  418.6
   70.0  18620  -76.9  -89.9     11   0.00    260     26  419.6  419.6  419.6
   67.0  18870  -78.3  -89.5     15   0.00    270     31  421.7  421.7  421.7
   66.7  18896  -78.5  -89.5     16   0.00    274     30  421.9  421.9  421.9
   63.0  19224  -73.6  -87.5     10   0.00    320     21  439.6  439.6  439.6
   62.9  19233  -73.5  -87.5     10   0.00    320     21  440.1  440.1  440.1
   60.0  19510  -72.6  -87.4      9   0.00    315     12  448.0  448.0  448.0
   55.8  19936  -71.3  -87.3      8   0.00    270     15  460.4  460.4  460.4
   54.0  20132  -67.6  -85.8      6   0.00    250     17  473.3  473.4  473.3
   53.4  20198  -66.3  -85.3      5   0.01    253     19  477.8  477.8  477.8
   52.0  20360  -64.5  -84.8      5   0.01    260     25  485.7  485.7  485.7
   50.4  20551  -62.3  -84.3      4   0.01    276     25  495.1  495.2  495.1
   50.0  20600  -62.1  -84.1      4   0.01    280     25  496.7  496.8  496.7
   47.0  20984  -61.6  -84.0      4   0.01    315     23  506.8  506.9  506.8
   43.0  21537  -60.9  -83.9      3   0.01    320     17  521.6  521.7  521.6
   39.0  22143  -60.0  -83.8      3   0.01    255     12  538.5  538.5  538.5
   37.4  22403  -59.7  -83.7      3   0.01    279     14  545.8  545.9  545.8
   37.0  22471  -59.4  -83.7      3   0.01    285     15  548.3  548.4  548.3
   30.0  23800  -53.5  -83.5      1   0.01    280     11  598.2  598.3  598.2
   29.2  23974  -52.7  -83.7      1   0.01    276      9  605.0  605.1  605.0
   29.0  24018  -52.8  -83.7      1   0.01    275      8  606.0  606.1  606.0
   28.0  24243  -53.3  -84.0      1   0.01    220      8  610.7  610.8  610.7
   25.6  24818  -54.5  -84.5      1   0.01    236     11  623.1  623.2  623.1
   25.0  24970  -54.0  -84.3      1   0.01    240     12  628.8  629.0  628.8
   23.0  25506  -52.1  -83.7      1   0.02    285     14  649.5  649.7  649.5
   22.4  25676  -51.5  -83.5      1   0.02    273     14  656.2  656.4  656.2
   20.0  26410  -51.5  -82.5      1   0.02    220     12  677.8  678.0  677.8
   18.0  27094  -51.2  -82.2      1   0.03    220     19  699.3  699.6  699.4
   17.1  27427  -51.1  -82.1      1   0.03    238     21  710.1  710.4  710.1
   17.0  27466  -51.0  -82.1      1   0.03    240     21  711.6  711.9  711.6
   15.0  28284  -48.8  -82.3      1   0.03    240     23  744.9  745.2  744.9
   14.6  28461  -48.3  -82.3      1   0.03    252     22  752.2  752.6  752.3
   14.0  28735  -48.9  -82.4      1   0.03    270     21  759.4  759.8  759.5
   13.0  29218  -49.8  -82.7      1   0.03    260     31  772.3  772.7  772.3
   11.0  30308  -52.1  -83.2      1   0.04    270     42  802.0  802.4  802.0
   10.8  30428  -52.3  -83.3      1   0.04                805.3  805.8  805.4
</PRE><H3>Station information and sounding indices</H3><PRE>
                             Station number: 76256
                           Observation time: 171107/1200
                           Station latitude: 27.95
                          Station longitude: -110.75
                          Station elevation: 12.0
                            Showalter index: 6.37
                               Lifted index: 5.97
    LIFT computed using virtual temperature: 6.02
                                SWEAT index: 50.21
                                    K index: 18.30
                         Cross totals index: 8.70
                      Vertical totals index: 29.70
                        Totals totals index: 38.40
      Convective Available Potential Energy: 0.00
             CAPE using virtual temperature: 0.00
                      Convective Inhibition: 0.00
             CINS using virtual temperature: 0.00
                     Bulk Richardson Number: 0.00
          Bulk Richardson Number using CAPV: 0.00
  Temp [K] of the Lifted Condensation Level: 277.29
Pres [hPa] of the Lifted Condensation Level: 733.44
     Mean mixed layer potential temperature: 302.99
              Mean mixed layer mixing ratio: 7.17
              1000 hPa to 500 hPa thickness: 5794.00
Precipitable water [mm] for entire sounding: 28.71
</PRE>
<H2>76256  Empalme, Son. Observations at 12Z 08 Nov 2017</H2>
<PRE>
-----------------------------------------------------------------------------
   PRES   HGHT   TEMP   DWPT   RELH   MIXR   DRCT   SKNT   THTA   THTE   THTV
    hPa     m      C      C      %    g/kg    deg   knot     K      K      K 
-----------------------------------------------------------------------------
 1010.0     12   24.8   10.8     41   8.11    305      8  297.1  321.0  298.6
 1007.0     39   25.0   11.0     41   8.25    311     11  297.6  321.9  299.0
 1001.0     94   25.0   10.0     39   7.75    323     18  298.1  321.1  299.5
 1000.0    103   25.2   10.2     39   7.87    325     19  298.4  321.7  299.8
  997.0    129   26.2   10.2     37   7.89    329     19  299.6  323.1  301.0
  983.0    254   28.6    7.6     27   6.70    348     18  303.2  323.7  304.5
  978.0    299   28.2    7.4     27   6.64    355     18  303.3  323.6  304.5
  945.0    602   25.8    6.0     28   6.26     15     24  303.8  322.9  304.9
  925.0    790   24.2    5.2     29   6.03     15     26  304.1  322.6  305.2
  918.0    856   24.0    5.0     29   5.99     15     25  304.5  322.9  305.6
  913.0    903   24.1    4.5     28   5.84     15     25  305.0  323.1  306.1
  898.0   1046   24.2    3.2     25   5.39      5     25  306.6  323.4  307.6
  882.0   1201   23.0    2.9     27   5.39    355     24  306.9  323.8  307.9
  850.0   1518   20.4    2.4     30   5.38    345     19  307.5  324.4  308.5
  823.0   1795   18.8    0.2     28   4.73    320     12  308.7  323.7  309.6
  809.0   1942   18.0   -1.0     28   4.42    307     12  309.3  323.4  310.1
  767.0   2394   14.9    4.1     48   6.74    265     12  310.7  331.9  312.0
  763.0   2439   14.6    4.6     51   7.02    266     13  310.9  332.9  312.2
  753.0   2550   13.4    5.4     58   7.52    269     14  310.7  334.2  312.1
  739.0   2708   13.6   -1.4     35   4.70    273     17  312.6  327.7  313.5
  703.0   3125   10.0   -3.0     40   4.38    284     23  313.1  327.3  314.0
  700.0   3160    9.6   -3.4     40   4.27    285     24  313.1  326.9  313.9
  665.0   3584    5.6    2.2     79   6.79    280     24  313.2  334.7  314.5
  663.0   3608    5.4    2.1     79   6.77    280     24  313.2  334.7  314.5
  624.0   4102    1.2    0.5     95   6.40    271     29  313.9  334.3  315.1
  596.0   4470   -1.3   -1.5     99   5.79    263     33  315.2  333.7  316.3
  590.0   4551   -1.3   -3.9     82   4.88    262     33  316.1  331.9  317.0
  580.0   4688   -1.7   -6.3     71   4.14    259     35  317.2  330.8  318.0
  530.0   5402   -5.2   -9.4     73   3.56    245     42  321.2  333.1  321.9
  524.0   5492   -5.7   -9.8     73   3.49    248     44  321.7  333.4  322.4
  516.0   5613   -5.1  -15.1     45   2.31    252     46  323.8  331.8  324.3
  500.0   5860   -6.5  -16.5     45   2.12    260     51  325.1  332.5  325.5
  480.0   6179   -9.3  -16.3     57   2.24    264     53  325.4  333.3  325.9
  474.0   6277  -10.1  -16.1     61   2.31    266     53  325.6  333.7  326.1
  469.0   6359  -10.3  -23.3     34   1.26    267     54  326.3  330.9  326.6
  454.0   6609  -12.2  -21.5     46   1.52    270     55  327.0  332.5  327.3
  441.0   6832  -13.9  -19.9     60   1.80    267     57  327.6  334.0  327.9
  430.0   7025  -15.7  -21.7     60   1.58    264     59  327.6  333.3  328.0
  421.0   7185  -16.3  -36.3     16   0.41    261     61  328.9  330.5  328.9
  414.0   7311  -17.1  -45.1      7   0.17    259     62  329.4  330.1  329.5
  404.0   7495  -17.9  -44.9      7   0.17    256     64  330.7  331.4  330.7
  400.0   7570  -18.3  -37.3     17   0.39    255     65  331.1  332.7  331.2
  399.0   7589  -18.5  -39.5     14   0.31    255     65  331.1  332.3  331.2
  392.0   7720  -19.5  -26.5     54   1.13    255     64  331.5  335.6  331.7
  387.0   7814  -20.3  -25.7     62   1.23    255     64  331.6  336.1  331.8
  379.0   7968  -21.7  -24.3     79   1.42    256     65  331.8  337.0  332.1
  328.0   9012  -29.7  -31.1     88   0.87    262     73  334.8  338.1  334.9
  300.0   9640  -34.3  -38.9     63   0.44    265     78  336.9  338.7  337.0
  299.0   9663  -34.5  -39.2     62   0.43    265     78  336.9  338.7  337.0
  289.0   9896  -36.3  -41.0     62   0.37    265     75  337.7  339.2  337.8
  250.0  10890  -43.9  -48.8     58   0.18    260     70  340.7  341.4  340.7
  200.0  12340  -57.5  -62.5     53   0.04    265     75  341.6  341.8  341.6
  182.0  12927  -62.9  -68.9     44   0.02    267     73  342.1  342.2  342.1
  158.0  13792  -64.7  -72.8     32   0.01    270     70  353.2  353.3  353.2
  150.0  14110  -65.3  -74.3     28   0.01    270     59  357.4  357.4  357.4
  141.0  14484  -66.5  -75.5     27   0.01    276     51  361.7  361.7  361.7
  136.0  14699  -68.0  -77.0     27   0.01    280     47  362.9  362.9  362.9
  122.0  15345  -72.3  -81.3     25   0.00    280     57  366.4  366.4  366.4
  117.0  15593  -69.5  -80.1     20   0.01    275     56  376.0  376.0  376.0
  116.0  15644  -68.9  -79.9     19   0.01    273     56  378.0  378.0  378.0
  106.0  16176  -71.3  -81.1     22   0.01    255     53  383.2  383.2  383.2
  100.0  16520  -72.9  -81.9     25   0.00    265     46  386.6  386.6  386.6
   91.0  17069  -75.0  -83.5     26   0.00    260     37  393.1  393.1  393.1
   81.8  17690  -77.3  -85.3     27   0.00    260     34  400.5  400.5  400.5
   74.0  18269  -76.7  -85.3     24   0.00    260     22  413.4  413.5  413.4
   70.0  18590  -76.3  -85.3     23   0.00    240     21  420.8  420.9  420.8
   66.0  18927  -78.1  -86.1     27   0.00    245     26  424.1  424.1  424.1
   65.3  18987  -78.5  -86.5     26   0.00    256     27  424.5  424.5  424.5
   64.6  19049  -74.9  -85.9     17   0.00    268     28  433.7  433.7  433.7
   63.0  19195  -74.4  -84.7     19   0.00    295     30  437.8  437.8  437.8
   60.0  19479  -73.5  -82.5     25   0.01    320     26  446.0  446.0  446.0
   58.0  19676  -72.9  -80.9     29   0.01    317     20  451.7  451.8  451.7
   57.0  19780  -70.8  -80.1     24   0.01    315     17  458.7  458.8  458.7
   54.9  20003  -66.3  -78.3     17   0.02    284     11  474.0  474.1  474.0
   54.0  20103  -66.0  -77.6     18   0.02    270      9  477.1  477.2  477.1
   52.0  20332  -65.1  -76.0     21   0.02    310     16  484.1  484.3  484.1
   50.0  20570  -64.3  -74.3     24   0.03    310     18  491.5  491.8  491.6
   47.0  20955  -63.3  -73.5     24   0.04    295     13  502.7  502.9  502.7
   44.0  21365  -62.3  -72.6     24   0.05    325     10  514.8  515.1  514.8
   40.0  21958  -60.8  -71.4     23   0.06    335     12  532.8  533.2  532.8
   39.0  22115  -60.4  -71.0     23   0.07    280      7  537.7  538.2  537.7
   37.0  22442  -59.5  -70.3     23   0.08    250     14  548.0  548.6  548.0
   35.0  22788  -58.6  -69.6     23   0.09    235     22  559.0  559.8  559.1
   34.7  22841  -58.5  -69.5     23   0.09    240     22  560.8  561.5  560.8
   33.0  23162  -56.7  -68.4     21   0.12    270     22  573.7  574.6  573.7
   30.4  23685  -53.7  -66.7     19   0.16    279     17  595.4  596.7  595.5
   30.0  23770  -53.5  -66.5     19   0.17    280     16  598.2  599.5  598.2
   29.0  23988  -53.6  -66.6     19   0.17    300     14  603.7  605.1  603.8
   28.0  24213  -53.7  -66.7     19   0.17    345     16  609.4  610.9  609.5
   26.0  24689  -54.0  -67.0     19   0.18    330      7  621.7  623.2  621.8
   25.3  24864  -54.1  -67.1     19   0.18    233      4  626.3  627.9  626.4
   25.0  24941  -54.0  -67.3     18   0.18    190      3  628.8  630.3  628.8
   24.0  25204  -53.6  -68.0     16   0.17    275     10  637.2  638.7  637.3
   21.0  26064  -52.4  -70.1     10   0.14    270     14  665.7  667.0  665.8
   20.8  26126  -52.3  -70.3     10   0.14    271     13  667.8  669.1  667.9
   20.0  26380  -51.3  -71.3      7   0.13    275     10  678.4  679.6  678.4
   18.0  27070  -47.7  -70.7      5   0.15    220     14  710.5  712.0  710.5
   15.0  28271  -48.3  -76.9      2   0.07    215     29  746.6  747.4  746.6
   13.9  28773  -48.5  -79.5      2   0.05                762.2  762.8  762.2
</PRE><H3>Station information and sounding indices</H3><PRE>
                             Station number: 76256
                           Observation time: 171108/1200
                           Station latitude: 27.95
                          Station longitude: -110.75
                          Station elevation: 12.0
                            Showalter index: 7.65
                               Lifted index: 8.40
    LIFT computed using virtual temperature: 8.36
                                SWEAT index: 117.79
                                    K index: 16.30
                         Cross totals index: 8.90
                      Vertical totals index: 26.90
                        Totals totals index: 35.80
      Convective Available Potential Energy: 0.00
             CAPE using virtual temperature: 0.00
                      Convective Inhibition: 0.00
             CINS using virtual temperature: 0.00
                     Bulk Richardson Number: 0.00
          Bulk Richardson Number using CAPV: 0.00
  Temp [K] of the Lifted Condensation Level: 277.46
Pres [hPa] of the Lifted Condensation Level: 746.58
     Mean mixed layer potential temperature: 301.65
              Mean mixed layer mixing ratio: 7.07
              1000 hPa to 500 hPa thickness: 5757.00
Precipitable water [mm] for entire sounding: 30.96
</PRE>
<H2>76256  Empalme, Son. Observations at 12Z 09 Nov 2017</H2>
<PRE>
-----------------------------------------------------------------------------
   PRES   HGHT   TEMP   DWPT   RELH   MIXR   DRCT   SKNT   THTA   THTE   THTV
    hPa     m      C      C      %    g/kg    deg   knot     K      K      K 
-----------------------------------------------------------------------------
 1009.0     12   21.2   15.2     69  10.87    305      7  293.6  324.9  295.5
 1004.0     59   21.6   15.6     69  11.22    313     11  294.4  326.8  296.4
 1000.0     96   22.2   15.2     65  10.97    320     14  295.4  327.1  297.3
  981.0    264   24.0   12.0     47   9.05    336      7  298.8  325.6  300.4
  977.0    300   24.1   11.4     45   8.74    340      6  299.2  325.2  300.8
  941.0    631   25.0    6.0     30   6.27    333     10  303.4  322.5  304.5
  925.0    782   24.2    4.2     27   5.62    330     12  304.1  321.4  305.1
  912.0    905   23.3    3.3     27   5.33    320     10  304.3  320.8  305.3
  882.0   1194   21.1    1.1     26   4.70    345      5  304.9  319.6  305.8
  851.0   1504   18.7   -1.3     26   4.10     55      2  305.6  318.5  306.4
  850.0   1514   18.6   -1.4     26   4.08     55      2  305.6  318.5  306.4
  825.0   1769   16.4   -2.6     27   3.85     82      5  305.9  318.1  306.6
  822.0   1800   16.4   -3.9     25   3.50     85      5  306.2  317.3  306.9
  793.0   2105   16.2  -17.0      9   1.28     15      2  309.2  313.6  309.4
  789.0   2148   16.2  -18.8      8   1.10      6      2  309.6  313.4  309.8
  765.0   2409   14.9  -20.1      7   1.02    310      3  311.0  314.6  311.2
  740.0   2690   13.6  -21.4      7   0.94    334      9  312.5  315.8  312.7
  739.0   2701   13.6  -21.5      7   0.93    335      9  312.6  315.9  312.8
  717.0   2955   14.0  -24.0      6   0.77    318     16  315.8  318.6  315.9
  700.0   3157   13.0  -25.0      5   0.72    305     21  316.9  319.5  317.0
  640.0   3901    8.9  -30.0      4   0.50    280     21  320.5  322.3  320.6
  638.0   3927    8.8  -30.2      4   0.49    280     21  320.6  322.4  320.7
  580.0   4703    1.6  -10.4     41   3.00    289     24  321.0  331.2  321.6
  573.0   4800    1.0  -10.7     41   2.97    290     24  321.4  331.5  322.0
  531.0   5406   -3.0  -12.6     48   2.75    255     18  323.7  333.2  324.2
  520.0   5573   -4.1  -13.1     50   2.70    260     18  324.3  333.6  324.9
  500.0   5880   -6.7  -16.7     45   2.08    270     17  324.8  332.1  325.2
  468.0   6391  -11.3  -23.3     36   1.26    276     20  325.3  329.8  325.5
  460.0   6523  -10.5  -41.5      6   0.22    277     21  327.9  328.8  327.9
  422.0   7179  -15.5  -31.5     24   0.65    285     25  329.7  332.2  329.8
  421.0   7197  -15.6  -31.9     23   0.63    285     25  329.7  332.1  329.9
  400.0   7580  -18.5  -41.5     11   0.25    285     31  330.9  331.9  330.9
  365.0   8257  -23.9  -44.9     13   0.19    279     35  332.4  333.2  332.5
  350.0   8563  -25.9  -46.9     12   0.16    276     37  333.7  334.4  333.8
  340.0   8772  -27.7  -40.7     28   0.32    274     38  334.1  335.4  334.1
  329.0   9008  -29.7  -42.7     27   0.27    271     40  334.5  335.6  334.5
  326.0   9073  -30.1  -44.1     24   0.23    271     40  334.8  335.8  334.8
  323.0   9139  -30.7  -44.7     24   0.22    270     41  334.9  335.8  334.9
  317.0   9272  -31.9  -36.5     64   0.53    269     42  335.0  337.1  335.1
  313.0   9362  -32.7  -35.0     80   0.63    268     42  335.1  337.5  335.2
  300.0   9660  -34.7  -37.5     76   0.51    265     44  336.4  338.4  336.4
  299.0   9683  -34.9  -37.6     76   0.51    265     44  336.4  338.4  336.5
  291.0   9872  -35.9  -41.9     54   0.33    265     42  337.6  338.9  337.6
  290.0   9896  -36.1  -42.2     53   0.32    265     42  337.6  339.0  337.7
  255.0  10777  -42.9  -53.9     29   0.10    274     47  340.2  340.6  340.2
  250.0  10910  -43.9  -54.9     28   0.09    275     48  340.7  341.1  340.7
  224.0  11634  -50.9  -56.9     49   0.08    280     53  340.8  341.1  340.8
  200.0  12360  -56.7  -65.7     31   0.03    285     58  342.8  342.9  342.8
  183.0  12916  -61.1  -69.4     33   0.02    285     57  344.4  344.5  344.4
  178.0  13089  -62.5  -70.5     33   0.02    283     57  344.9  345.0  344.9
  159.0  13779  -66.9  -73.9     37   0.01    274     56  348.8  348.9  348.8
  151.0  14090  -68.1  -76.0     31   0.01    270     56  351.9  351.9  351.9
  150.0  14130  -68.3  -76.3     31   0.01    275     55  352.2  352.3  352.2
  136.0  14710  -70.3  -79.6     24   0.01    255     42  358.7  358.7  358.7
  117.0  15600  -73.4  -84.7     17   0.00    280     39  368.7  368.7  368.7
  111.0  15912  -74.5  -86.5     14   0.00    270     36  372.3  372.3  372.3
  100.0  16520  -74.3  -87.3     12   0.00    270     38  383.9  383.9  383.9
   80.0  17818  -75.1  -89.1     10   0.00    266     31  407.6  407.6  407.6
   78.0  17966  -74.4  -88.8      9   0.00    265     30  412.0  412.1  412.0
   71.7  18459  -71.9  -87.9      8   0.00    308     19  427.3  427.3  427.3
   70.0  18600  -72.1  -87.1      9   0.00    320     16  429.8  429.8  429.8
   67.0  18856  -73.5  -87.9     10   0.00    245     14  432.1  432.2  432.1
   65.0  19033  -74.5  -88.5     10   0.00    250     17  433.8  433.8  433.8
   63.0  19217  -73.2  -88.4      8   0.00    255     20  440.5  440.5  440.5
   56.7  19838  -68.9  -87.9      5   0.00    306     17  463.8  463.8  463.8
   54.0  20129  -68.8  -88.3      4   0.00    330     16  470.5  470.5  470.5
   52.0  20355  -68.7  -88.7      4   0.00    310     11  475.8  475.8  475.8
   50.0  20590  -67.7  -88.7      4   0.00    310     15  483.5  483.6  483.5
   47.0  20969  -62.9  -87.5      2   0.00    315     16  503.7  503.7  503.7
   45.1  21223  -59.7  -86.7      2   0.00    353     14  517.4  517.4  517.4
   45.0  21237  -59.6  -86.7      2   0.00    355     14  517.8  517.9  517.8
   43.0  21524  -58.6  -86.3      2   0.01     25     10  527.1  527.1  527.1
   41.0  21825  -57.6  -86.0      2   0.01      0      4  537.0  537.0  537.0
   39.0  22140  -56.5  -85.6      1   0.01    260      7  547.5  547.6  547.5
   37.0  22473  -55.3  -85.2      1   0.01    285      9  558.8  558.9  558.8
   36.7  22524  -55.1  -85.1      1   0.01    278     10  560.6  560.7  560.6
   35.0  22826  -55.6  -85.2      1   0.01    240     16  566.9  567.0  566.9
   32.9  23220  -56.3  -85.3      1   0.01    263     16  575.2  575.3  575.2
   31.0  23600  -54.5  -84.8      1   0.01    285     16  589.9  590.0  589.9
   30.0  23810  -53.5  -84.5      1   0.01    275     11  598.2  598.3  598.2
   29.0  24030  -53.0  -84.1      1   0.01    265      7  605.2  605.4  605.2
   28.0  24257  -52.6  -83.8      1   0.01    265      8  612.6  612.7  612.6
   27.0  24493  -52.1  -83.4      1   0.01    230      9  620.4  620.5  620.4
   24.0  25256  -50.6  -82.2      1   0.02    220      9  646.1  646.3  646.1
   21.0  26122  -48.8  -80.8      1   0.03    260     20  676.5  676.8  676.5
   20.5  26278  -48.5  -80.5      1   0.03    277     18  682.1  682.4  682.1
   20.0  26440  -47.9  -80.9      1   0.03    295     16  688.8  689.1  688.8
   18.4  26993  -44.9  -79.9      1   0.04    264     17  714.8  715.2  714.8
   17.0  27518  -46.6  -79.6      1   0.04    235     17  725.7  726.2  725.7
   15.7  28046  -48.3  -79.3      2   0.05    245     18  736.8  737.3  736.8
   15.0  28346  -48.4  -79.8      1   0.05    250     19  746.2  746.7  746.2
   14.0  28800  -48.5  -80.5      1   0.04                760.6  761.1  760.7
</PRE><H3>Station information and sounding indices</H3><PRE>
                             Station number: 76256
                           Observation time: 171109/1200
                           Station latitude: 27.95
                          Station longitude: -110.75
                          Station elevation: 12.0
                            Showalter index: 10.63
                               Lifted index: 7.06
    LIFT computed using virtual temperature: 6.97
                                SWEAT index: 21.00
                                    K index: -14.10
                         Cross totals index: 5.30
                      Vertical totals index: 25.30
                        Totals totals index: 30.60
      Convective Available Potential Energy: 0.00
             CAPE using virtual temperature: 0.00
                      Convective Inhibition: 0.00
             CINS using virtual temperature: 0.00
                     Bulk Richardson Number: 0.00
          Bulk Richardson Number using CAPV: 0.00
  Temp [K] of the Lifted Condensation Level: 282.72
Pres [hPa] of the Lifted Condensation Level: 829.68
     Mean mixed layer potential temperature: 298.24
              Mean mixed layer mixing ratio: 9.22
              1000 hPa to 500 hPa thickness: 5784.00
Precipitable water [mm] for entire sounding: 18.45
</PRE>
<H2>76256  Empalme, Son. Observations at 12Z 10 Nov 2017</H2>
<PRE>
-----------------------------------------------------------------------------
   PRES   HGHT   TEMP   DWPT   RELH   MIXR   DRCT   SKNT   THTA   THTE   THTV
    hPa     m      C      C      %    g/kg    deg   knot     K      K      K 
-----------------------------------------------------------------------------
 1009.0     12   22.0   14.0     60  10.05      0      3  294.4  323.5  296.2
 1004.0     59   22.2   14.2     60  10.23    335      4  295.0  324.7  296.8
 1000.0     97   22.4   14.4     61  10.41    315      5  295.6  325.8  297.4
  988.0    202   24.4   14.4     54  10.54    331      6  298.6  329.6  300.5
  977.0    300   24.7   13.3     49   9.95    345      7  299.8  329.3  301.6
  963.0    426   25.0   12.0     44   9.23    351      4  301.4  328.9  303.1
  944.0    600   24.3   10.3     41   8.41      0      1  302.4  327.7  303.9
  925.0    777   23.6    8.6     38   7.63    110      2  303.4  326.6  304.8
  915.0    873   23.6    6.6     33   6.72    106      4  304.4  325.0  305.6
  912.0    902   23.4    6.4     33   6.66    105      5  304.5  324.9  305.7
  883.0   1185   21.6    4.6     33   6.06    130      8  305.4  324.1  306.5
  870.0   1315   21.2   -4.8     17   3.09    142     10  306.3  316.2  306.9
  850.0   1517   20.8  -10.2     12   2.08    160     12  307.9  314.8  308.3
  833.0   1691   19.6    1.6     30   5.18    173     11  308.4  324.8  309.4
  797.0   2071   18.2  -13.8     10   1.66    203      7  310.9  316.5  311.2
  794.0   2102   18.0  -13.5     11   1.71    205      7  311.0  316.7  311.3
  767.0   2395   15.9  -10.5     15   2.25    250      7  311.8  319.3  312.2
  700.0   3167   10.4   -2.6     40   4.54    235     11  314.0  328.6  314.8
  689.0   3298    9.3   -3.2     41   4.40    235     13  314.1  328.4  315.0
  679.0   3419    8.2   -3.8     42   4.27    242     13  314.3  328.1  315.1
  676.0   3456    8.6  -17.4     14   1.45    245     13  315.1  320.1  315.4
  670.0   3529    9.2  -34.8      3   0.30    249     13  316.6  317.7  316.6
  635.0   3970    7.0  -32.0      4   0.41    276     14  319.0  320.5  319.0
  618.0   4190    5.1  -24.9      9   0.82    290     14  319.2  322.2  319.4
  595.0   4498    2.4  -15.1     26   2.01    270     14  319.6  326.5  320.0
  580.0   4705    0.6   -8.4     51   3.52    275     16  319.9  331.6  320.5
  561.0   4971   -0.7  -13.7     37   2.38    281     18  321.4  329.6  321.8
  560.0   4985   -0.5  -20.5     20   1.34    281     18  321.8  326.6  322.0
  549.0   5143   -1.3  -11.3     47   2.95    284     19  322.6  332.7  323.2
  532.0   5392   -3.1  -14.9     40   2.27    290     21  323.5  331.4  323.9
  513.0   5679   -5.1  -19.1     32   1.66    287     23  324.4  330.2  324.7
  509.0   5741   -5.5  -22.5     25   1.24    286     23  324.6  329.1  324.9
  502.0   5849   -6.5  -16.5     45   2.11    285     24  324.7  332.1  325.1
  500.0   5880   -6.7  -14.7     53   2.46    285     24  324.8  333.4  325.3
  456.0   6586  -11.5  -21.2     45   1.55    280     28  327.4  333.0  327.8
  402.0   7553  -18.1  -30.1     34   0.78    275     24  330.9  333.9  331.1
  400.0   7590  -18.3  -31.3     31   0.70    275     24  331.1  333.8  331.3
  391.0   7760  -19.1  -42.1     11   0.24    275     25  332.2  333.2  332.3
  363.0   8312  -23.1  -49.1      7   0.12    277     28  334.0  334.5  334.0
  351.0   8558  -25.3  -39.3     26   0.36    277     29  334.3  335.7  334.4
  336.0   8874  -28.3  -38.3     38   0.42    278     31  334.4  336.0  334.5
  320.0   9224  -31.1  -49.1     15   0.14    279     33  335.2  335.8  335.2
  300.0   9680  -34.9  -50.9     18   0.12    280     36  336.1  336.6  336.1
  266.0  10500  -41.4  -49.8     40   0.15    270     40  338.3  338.9  338.3
  256.0  10762  -43.5  -49.5     51   0.16    267     39  338.9  339.6  339.0
  250.0  10920  -44.9  -49.9     57   0.16    265     38  339.2  339.9  339.2
  238.0  11244  -48.1  -52.1     63   0.13    267     40  339.2  339.7  339.2
  227.0  11552  -50.3  -58.3     38   0.06    269     42  340.4  340.7  340.4
  200.0  12360  -56.9  -64.9     36   0.03    275     47  342.5  342.6  342.5
  180.0  13022  -61.9  -67.9     45   0.02    279     46  344.8  344.9  344.8
  151.0  14099  -66.9  -75.8     27   0.01    285     44  354.0  354.0  354.0
  150.0  14140  -67.1  -76.1     27   0.01    290     43  354.3  354.4  354.3
  117.0  15596  -72.5  -84.3     16   0.00    285     33  370.3  370.4  370.3
  105.0  16230  -74.9  -87.9     12   0.00    275     30  377.5  377.5  377.5
  100.0  16510  -74.7  -87.7     12   0.00    280     36  383.1  383.2  383.1
   95.0  16811  -74.1  -87.6     11   0.00    280     29  390.0  390.0  390.0
   91.0  17063  -73.6  -87.5     10   0.00    260     31  395.8  395.9  395.8
   81.7  17694  -72.3  -87.3      9   0.00    283     28  410.8  410.9  410.8
   74.0  18274  -73.8  -88.2     10   0.00    305     26  419.4  419.4  419.4
   70.0  18600  -74.7  -88.7     10   0.00    290     20  424.2  424.3  424.2
   67.6  18802  -75.9  -88.9     12   0.00    290     21  425.9  425.9  425.9
   66.0  18942  -74.0  -88.3     10   0.00    290     22  433.0  433.0  433.0
   64.0  19122  -71.5  -87.5      8   0.00    313     19  442.3  442.3  442.3
   63.0  19215  -71.2  -87.5      7   0.00    325     18  444.9  444.9  444.9
   60.0  19506  -70.3  -87.4      7   0.00    295     11  453.2  453.2  453.2
   54.0  20133  -68.3  -87.3      5   0.00    290     15  471.6  471.7  471.6
   52.4  20314  -65.3  -86.3      4   0.00    306     15  482.7  482.7  482.7
   50.0  20600  -64.7  -85.7      4   0.01    330     16  490.6  490.6  490.6
   47.0  20979  -64.1  -85.7      4   0.01    340     12  500.9  500.9  500.9
   45.4  21191  -63.7  -85.7      4   0.01    316     12  506.7  506.8  506.7
   45.0  21246  -63.3  -85.5      4   0.01    310     12  509.0  509.1  509.0
   39.3  22091  -56.9  -81.9      3   0.01    343      9  545.2  545.3  545.2
   39.0  22140  -57.0  -82.0      3   0.01    345      9  546.3  546.4  546.3
   35.0  22824  -57.7  -83.4      2   0.01    230     13  561.4  561.5  561.4
   34.0  23007  -57.9  -83.8      2   0.01    230     20  565.5  565.6  565.5
   33.2  23158  -58.1  -84.1      2   0.01    243     22  569.0  569.0  569.0
   30.0  23800  -55.7  -84.7      2   0.01    300     28  592.2  592.3  592.2
   29.0  24017  -52.8  -84.1      1   0.01    315     22  606.0  606.1  606.0
   28.7  24083  -51.9  -83.9      1   0.01    322     19  610.2  610.3  610.2
   28.0  24243  -51.5  -83.5      1   0.01    340     13  615.6  615.8  615.6
   25.0  24977  -49.7  -81.7      1   0.02    325      6  641.1  641.3  641.1
   24.7  25056  -49.5  -81.5      1   0.02    315      7  643.9  644.1  643.9
   24.0  25242  -50.1  -81.7      1   0.02    290      8  647.5  647.7  647.5
   23.0  25518  -50.9  -82.0      1   0.02    285      8  652.9  653.1  652.9
   22.8  25575  -51.1  -82.1      1   0.02    276      8  654.0  654.3  654.1
   22.0  25808  -49.2  -81.7      1   0.02    240      8  666.4  666.6  666.4
   21.7  25897  -48.5  -81.5      1   0.02    240     10  671.1  671.4  671.1
   21.0  26111  -48.7  -81.3      1   0.03    240     14  676.7  677.0  676.7
   20.0  26430  -49.1  -81.1      1   0.03    275     20  685.1  685.4  685.1
   19.0  26769  -48.0  -80.8      1   0.03    300     19  698.6  698.9  698.6
   18.0  27126  -46.9  -80.5      1   0.03    275     18  713.0  713.4  713.0
   17.5  27312  -46.3  -80.3      1   0.04    277     19  720.7  721.0  720.7
   17.0  27503  -46.5  -80.3      1   0.04    280     20  725.9  726.4  726.0
   15.0  28329  -47.5  -80.4      1   0.04    270     21  749.2  749.7  749.2
   14.0  28784  -48.0  -80.5      1   0.04    295     24  762.3  762.8  762.4
   12.0  29800  -49.2  -80.6      1   0.05    250     24  792.5  793.1  792.5
   11.2  30256  -49.7  -80.7      1   0.05    246     22  806.4  807.0  806.4
   11.0  30374  -49.5  -80.8      1   0.05    245     22  811.5  812.1  811.5
   10.0  31000  -48.1  -81.1      1   0.06    260     29  838.9  839.6  838.9
</PRE><H3>Station information and sounding indices</H3><PRE>
                             Station number: 76256
                           Observation time: 171110/1200
                           Station latitude: 27.95
                          Station longitude: -110.75
                          Station elevation: 12.0
                            Showalter index: 12.75
                               Lifted index: 5.61
    LIFT computed using virtual temperature: 5.53
                                SWEAT index: 48.02
                                    K index: 4.30
                         Cross totals index: -3.50
                      Vertical totals index: 27.50
                        Totals totals index: 24.00
      Convective Available Potential Energy: 0.00
             CAPE using virtual temperature: 0.00
                      Convective Inhibition: 0.00
             CINS using virtual temperature: 0.00
                     Bulk Richardson Number: 0.00
          Bulk Richardson Number using CAPV: 0.00
  Temp [K] of the Lifted Condensation Level: 284.09
Pres [hPa] of the Lifted Condensation Level: 838.11
     Mean mixed layer potential temperature: 298.81
              Mean mixed layer mixing ratio: 9.92
              1000 hPa to 500 hPa thickness: 5783.00
Precipitable water [mm] for entire sounding: 22.67
</PRE>
<P>Description of the 
<A HREF="/upperair/columns.html">data columns</A>
or <A HREF="/upperair/indices.html">sounding indices</A>.

<P>
<FORM>
<INPUT CLASS="button" TYPE="button" VALUE=" Close this window " 
 onClick="window.close();">
<INPUT CLASS="button" TYPE="button" VALUE=" Select another map " 
 onClick="window.blur();">
</FORM>
<HR SIZE="1">
<I>Interested in graduate studies in atmospheric science?
Check out our program at the
<a href="http://www.uwyo.edu/atsc/howtoapply/"
target=_top>University of Wyoming
</a></I>
<HR SIZE="1"><FONT SIZE="-1">
Questions about the weather data provided by this site can be
addressed to <A HREF="mailto:ldoolman@uwyo.edu">
Larry Oolman (ldoolman@uwyo.edu)</A></FONT>
<HR SIZE="1">
<SCRIPT TYPE="text/javascript">
<!--
window.focus();
// -->
</SCRIPT>
</BODY>
</HTML>
