0.0 -2.0 4.0
0.005 -1.9803425412 3.86444542076
0.01 -1.96134155319 3.7372904225
0.015 -1.94295677206 3.61785579317
0.02 -1.92515114733 3.50553096137
0.025 -1.90789053283 3.39976600448
0.03 -1.89114338718 3.30006412887
0.035 -1.87488053847 3.20597588275
0.04 -1.85907495422 3.11709363495
0.045 -1.84370154517 3.03304695243
0.05 -1.82873698981 2.95349855829
0.055 -1.81415957633 2.87814075531
0.06 -1.79994906667 2.80669244136
0.065 -1.78608656587 2.73889625279
0.07 -1.77255441149 2.6745162167
0.075 -1.75933607213 2.61333563466
0.08 -1.74641605568 2.55515520186
0.085 -1.73377982653 2.49979134178
0.09 -1.72141373061 2.44707472107
0.095 -1.70930492809 2.39684894889
0.1 -1.69744133092 2.3489693786
0.105 -1.68581154739 2.30330207258
0.11 -1.67440483028 2.25972283955
0.115 -1.66321103112 2.21811640994
0.12 -1.65222055691 2.17837566015
0.125 -1.6414243313 2.14040093022
0.13 -1.63081375907 2.1040994121
0.135 -1.62038069287 2.06938457892
0.14 -1.61011740349 2.03617569001
0.145 -1.6000165519 2.00439732692
0.15 -1.59007116358 1.97397897585
0.155 -1.58027460547 1.94485466001
0.16 -1.57062056367 1.91696258473
0.165 -1.56110302298 1.89024481607
0.17 -1.55171624932 1.86464701776
0.175 -1.54245477158 1.84011816872
0.18 -1.53331336619 1.81661033868
0.185 -1.52428704183 1.79407845924
0.19 -1.51537102586 1.77248012818
0.195 -1.50656075133 1.75177542201
0.2 -1.49785184509 1.73192672854
0.205 -1.48924011658 1.71289858946
0.21 -1.48072154747 1.69465755835
0.215 -1.47229228188 1.67717206698
0.22 -1.46394861736 1.66041230465
0.225 -1.45568699634 1.64435010446
0.23 -1.44750399825 1.62895884086
0.235 -1.43939633194 1.61421333024
0.24 -1.43136082861 1.60008974103
0.245 -1.42339443561 1.58656551739
0.25 -1.41549421004 1.57361929792
0.255 -1.40765731298 1.56123084557
0.26 -1.39988100388 1.54938097787
0.265 -1.3921626357 1.53805151134
0.27 -1.38449965007 1.52722520422
0.275 -1.37688957231 1.51688569409
0.28 -1.36933000759 1.50701745812
0.285 -1.36181863678 1.49760576513
0.29 -1.35435321237 1.48863662707
0.295 -1.34693155506 1.48009676415
0.3 -1.33955155031 1.47197356597
0.305 -1.33221114496 1.46425505483
0.31 -1.32490834427 1.4569298545
0.315 -1.31764120893 1.449987159
0.32 -1.3104078523 1.44341670322
0.325 -1.30320643776 1.43720873677
0.33 -1.29603517624 1.43135399843
0.335 -1.28889232374 1.42584369203
0.34 -1.28177617919 1.42066946487
0.345 -1.2746850822 1.41582338664
0.35 -1.26761741098 1.41129792957
0.355 -1.26057158045 1.4070859505
0.36 -1.25354604031 1.40318067332
0.365 -1.24653927323 1.39957567253
0.37 -1.2395497932 1.39626485879
0.375 -1.23257614385 1.39324246465
0.38 -1.2256168969 1.3905030309
0.385 -1.21867065053 1.38804139152
0.39 -1.21173602808 1.38585266482
0.395 -1.20481167663 1.38393224178
0.4 -1.19789626568 1.38227577559
0.405 -1.19098848576 1.38087916943
0.41 -1.18408704728 1.37973856892
0.415 -1.17719067936 1.37885035386
0.42 -1.17029812869 1.37821112973
0.425 -1.16340815836 1.37781771892
0.43 -1.15651954676 1.37766715326
0.435 -1.14963108666 1.37775666848
0.44 -1.14274158418 1.37808369735
0.445 -1.13584985778 1.37864586335
0.45 -1.12895473731 1.37944097408
0.455 -1.12205506314 1.3804670172
0.46 -1.11514968528 1.38172215506
0.465 -1.10823746253 1.38320472001
0.47 -1.10131726154 1.38491320921
0.475 -1.09438795612 1.38684628116
0.48 -1.08744842638 1.38900275184
0.485 -1.08049755797 1.3913815911
0.49 -1.07353424132 1.39398191877
0.495 -1.06655737086 1.39680300168
0.5 -1.05956584435 1.39984425101
0.505 -1.05255856214 1.4031052194
0.51 -1.04553442647 1.40658559833
0.515 -1.03849234076 1.41028521551
0.52 -1.03143120898 1.41420403308
0.525 -1.02434993493 1.41834214552
0.53 -1.01724742165 1.42269977778
0.535 -1.0101225707 1.42727728328
0.54 -1.00297428157 1.43207514269
0.545 -0.995801451007 1.43709396243
0.55 -0.988602972455 1.44233447344
0.555 -0.981377735357 1.44779752967
0.56 -0.974124624589 1.45348410731
0.565 -0.966842519846 1.45939530404
0.57 -0.959530295043 1.46553233812
0.575 -0.952186817716 1.47189654782
0.58 -0.94481094843 1.47848939082
0.585 -0.937401540106 1.48531244242
0.59 -0.929957437488 1.49236739609
0.595 -0.922477476582 1.4996560636
0.6 -0.914960484047 1.50718037433
0.605 -0.907405276611 1.51494237519
0.61 -0.899810660486 1.52294423053
0.615 -0.892175430732 1.53118822084
0.62 -0.88449837071 1.53967674361
0.625 -0.876778251515 1.54841231378
0.63 -0.869013831382 1.55739756347
0.635 -0.8612038551 1.56663524212
0.64 -0.853347053424 1.57612821667
0.645 -0.845442142458 1.58587947073
0.65 -0.837487823089 1.59589210539
0.655 -0.829482780412 1.6061693398
0.66 -0.821425683136 1.61671451109
0.665 -0.813315182986 1.62753107452
0.67 -0.805149914117 1.6386226037
0.675 -0.796928492526 1.64999278987
0.68 -0.788649515455 1.66164544245
0.685 -0.780311560801 1.6735844896
0.69 -0.771913186522 1.68581397789
0.695 -0.763452930044 1.69833807229
0.7 -0.754929307671 1.71116105606
0.705 -0.746340814013 1.72428732959
0.71 -0.737685921388 1.73772141055
0.715 -0.728963079222 1.75146793399
0.72 -0.720170713466 1.76553165144
0.725 -0.711307226019 1.7799174302
0.73 -0.702370994145 1.79463025251
0.735 -0.693360369954 1.80967521332
0.74 -0.684273679812 1.82505751953
0.745 -0.675109223742 1.84078248924
0.75 -0.665865274898 1.85685554957
0.755 -0.656540079016 1.87328223464
0.76 -0.647131853876 1.89006818339
0.765 -0.637638788881 1.90721913539
0.77 -0.628059044512 1.92474092845
0.775 -0.618390751769 1.94263949633
0.78 -0.608632011744 1.96092086429
0.785 -0.598780895158 1.97959114494
0.79 -0.58883544193 1.99865653356
0.795 -0.578793660913 2.01812330094
0.8 -0.568653529468 2.03799778815
0.805 -0.558412993009 2.05828640163
0.81 -0.548069964754 2.07899560521
0.815 -0.537622325441 2.10013191236
0.82 -0.52706792309 2.12170187769
0.825 -0.516404573006 2.14371208515
0.83 -0.505630057598 2.1661691383
0.835 -0.494742126111 2.18907965121
0.84 -0.483738494695 2.21245023504
0.845 -0.472616846436 2.23628748475
0.85 -0.461374831447 2.26059796476
0.855 -0.450010067318 2.28538819042
0.86 -0.438520139343 2.31066461136
0.865 -0.426902600595 2.33643359591
0.87 -0.415154972521 2.36270140959
0.875 -0.403274745484 2.38947419371
0.88 -0.391259379405 2.41675794233
0.885 -0.379106304892 2.44455847444
0.89 -0.366812924133 2.47288140727
0.895 -0.354376611563 2.50173213058
0.9 -0.341794715261 2.53111577407
0.905 -0.329064558307 2.5610371742
0.91 -0.316183440289 2.59150083881
0.915 -0.303148639427 2.62251090732
0.92 -0.289957414508 2.65407111013
0.925 -0.276607006477 2.6861847277
0.93 -0.263094641066 2.71885454317
0.935 -0.249417531371 2.75208279332
0.94 -0.235572880681 2.78587111633
0.945 -0.221557885613 2.82022049659
0.95 -0.207369740066 2.85513120978
0.955 -0.193005638378 2.89060275713
0.96 -0.178462779363 2.92663379989
0.965 -0.163738370802 2.96322209066
0.97 -0.148829634187 3.00036440007
0.975 -0.133733809852 3.03805643949
0.98 -0.11844816231 3.07629278585
0.985 -0.10296998575 3.11506681176
0.99 -0.0872966110233 3.15437057516
0.995 -0.0714254122067 3.19419473516
1.0 -0.0553538138495 3.23452845699
1.005 -0.0390792987379 3.27535931206
1.01 -0.022599415485 3.31667319269
1.015 -0.00591178759621 3.35845419786
1.02 0.0109858768334 3.40068451315
1.025 0.0280957754554 3.4433443035
1.03 0.0454200011512 3.48641159565
1.035 0.062960531214 3.52986216641
1.04 0.080719217503 3.57366947378
1.045 0.098697772403 3.61780448457
1.05 0.116897756386 3.66223556448
1.055 0.135320564737 3.70692836171
1.06 0.153967414754 3.75184570409
1.065 0.172839330594 3.79694747166
1.07 0.191937127483 3.84219046989
1.075 0.211261396101 3.88752831597
1.08 0.23081248711 3.93291135583
1.085 0.250590496434 3.9782866248
1.09 0.270595245825 4.0235976946
1.095 0.290826266193 4.06878461983
1.1 0.311282779543 4.11378382913
1.105 0.331963680724 4.15852809122
1.11 0.352867518632 4.20294646187
1.115 0.373992478867 4.24696430457
1.12 0.395336365203 4.29050329755
1.125 0.416896579247 4.33348140169
1.13 0.438670102849 4.37581292272
1.135 0.460653482396 4.41740857857
1.14 0.482842808186 4.45817558872
1.145 0.505233697637 4.49801779535
1.15 0.527821280188 4.53683583958
1.155 0.550600180563 4.57452734019
1.16 0.573564503238 4.61098711419
1.165 0.596707820604 4.64610744286
1.17 0.620023162705 4.6797783734
1.175 0.643503003497 4.71188806565
1.18 0.667139253326 4.74232317406
1.185 0.690923254191 4.77096924161
1.19 0.714845773474 4.79771119686
1.195 0.738897001906 4.82243386482
1.2 0.763066555753 4.84502245572
1.205 0.787343480011 4.86536316119
1.21 0.811716254025 4.88334381555
1.215 0.836172801483 4.89885450364
1.22 0.860700503312 4.91178814805
1.225 0.88528621429 4.92204133489
1.23 0.9099162831 4.92951500813
1.235 0.934576574007 4.93411505872
1.24 0.959252495473 4.93575315092
1.245 0.983929031131 4.93434746694
1.25 1.00859077115 4.92982330107
1.255 1.03322195332 4.9221139191
1.26 1.05780650341 4.91116118113
1.265 1.08232807713 4.89691599048
1.27 1.10677010969 4.87933904828
1.275 1.13111586525 4.85840138716
1.28 1.15534849086 4.83408488132
1.285 1.17945106934 4.80638251713
1.29 1.20340667863 4.77529882529
1.295 1.22719844747 4.74085009753
1.3 1.25080961642 4.70306457297
1.305 1.27422359707 4.66198249511
1.31 1.29742403188 4.61765607377
1.315 1.32039485529 4.5701493982
1.32 1.3431203494 4.51953817907
1.325 1.36558520581 4.46590947004
1.33 1.3877745761 4.4093612293
1.335 1.40967413039 4.35000183044
1.34 1.43127010153 4.28794948791
1.345 1.45254934162 4.22333154657
1.35 1.47349936208 4.15628376531
1.355 1.49410836439 4.08694956951
1.36 1.51436529217 4.01547903456
1.365 1.53425985282 3.94202811574
1.37 1.55378254226 3.86675772707
1.375 1.57292467239 3.78983269831
1.38 1.59167838936 3.71142079566
1.385 1.61003668409 3.63169173388
1.39 1.62799339656 3.55081631208
1.395 1.64554322173 3.46896532992
1.4 1.66268170757 3.38630876746
1.405 1.67940524748 3.30301480014
1.41 1.69571107004 3.21924906055
1.415 1.71159722303 3.13517375662
1.42 1.72706255624 3.05094701223
1.425 1.74210669744 2.96672214397
1.43 1.75673002859 2.88264709386
1.435 1.77093365614 2.79886387744
1.44 1.78471938115 2.71550812315
1.445 1.79808966606 2.63270868694
1.45 1.81104759953 2.55058731736
1.455 1.82359686153 2.46925841653
1.46 1.83574168399 2.38882884458
1.465 1.8474868156 2.30939780072
1.47 1.85883748062 2.23105676608
1.475 1.86979934409 2.15388947915
1.48 1.88037846572 2.07797204593
1.485 1.89058126507 2.00337301203
1.49 1.90041449305 1.93015342492
1.495 1.90988518698 1.85836710107
1.5 1.91900063288 1.78806082547
1.505 1.92776833131 1.71927462942
1.51 1.93619596933 1.65204198474
1.515 1.94429138603 1.58639014231
1.52 1.95206254133 1.5223404282
1.525 1.95951748737 1.45990856091
1.53 1.96666434131 1.39910499399
1.535 1.97351126065 1.33993520931
1.54 1.98006641818 1.28240010123
1.545 1.98633798059 1.22649625701
1.55 1.99233408733 1.17221633235
1.555 1.99806283219 1.11954933752
1.56 2.0035322452 1.06848097777
1.565 2.00875027755 1.01899393709
1.57 2.01372478697 0.971068196255
1.575 2.01846352474 0.924681342983
1.58 2.02297412522 0.87980875428
1.585 2.02726409311 0.836423923096
1.59 2.03134079855 0.794498687387
1.595 2.03521146483 0.754003488503
1.6 2.03888316675 0.714907526498
1.605 2.04236282037 0.677179025143
1.61 2.04565718279 0.640785368002
1.615 2.04877284443 0.605693325068
1.62 2.05171623008 0.571869162002
1.625 2.05449359332 0.539278840949
1.63 2.05711101853 0.507888106325
1.635 2.05957441727 0.477662656635
1.64 2.06188953097 0.448568210618
1.645 2.06406192834 0.420570665993
1.65 2.06609700836 0.393636149748
1.655 2.06800000291 0.367731085419
1.66 2.06977597833 0.342822271235
1.665 2.07142983261 0.318877015006
1.67 2.07296630135 0.295863138615
1.675 2.07438996282 0.273748994857
1.68 2.07570523863 0.252503540787
1.685 2.07691639551 0.23209639061
1.69 2.07802755024 0.212497823299
1.695 2.07904267293 0.193678808075
1.7 2.07996559028 0.175611028097
1.705 2.08079998918 0.15826689474
1.71 2.08154942047 0.141619557645
1.715 2.08221730253 0.125642912768
1.72 2.0828069251 0.110311605326
1.725 2.08332145306 0.0956010305325
1.73 2.08376393006 0.0814873333724
1.735 2.08413728241 0.0679474014791
1.74 2.08444432285 0.0549588569433
1.745 2.08468775377 0.0425000579092
1.75 2.08487017132 0.0305500783242
1.755 2.0849940688 0.019088700051
1.76 2.08506184005 0.00809640487885
1.765 2.08507578315 -0.00244564725542
1.77 2.08503810363 -0.0125556254882
1.775 2.08495091775 -0.0222510452537
1.78 2.08481625591 -0.0315487869229
1.785 2.08463606555 -0.0404651058294
1.79 2.08441221442 -0.0490156536358
1.795 2.08414649349 -0.0572154938759
1.8 2.08384061982 -0.0650791158264
1.805 2.08349623944 -0.0726204557114
1.81 2.08311493005 -0.079852910412
1.815 2.08269820367 -0.086789354748
1.82 2.08224750921 -0.0934421598191
1.825 2.08176423498 -0.0998232065154
1.83 2.08124971105 -0.105943904669
1.835 2.08070521159 -0.111815209557
1.84 2.0801319571 -0.117447633641
1.845 2.07953111661 -0.122851264735
1.85 2.07890380969 -0.128035782245
1.855 2.07825110854 -0.133010469788
1.86 2.07757403992 -0.137784230355
1.865 2.07687358694 -0.142365601583
1.87 2.07615069094 -0.146762768214
1.875 2.07540625323 -0.150983575278
1.88 2.07464113664 -0.155035542259
1.885 2.07385616723 -0.158925875027
1.89 2.07305213581 -0.162661477645
1.895 2.07222979938 -0.166248964939
1.9 2.0713898825 -0.169694673685
1.905 2.07053307885 -0.17300467351
1.91 2.06966005232 -0.176184777796
1.915 2.06877143832 -0.179240553946
1.92 2.06786784513 -0.182177333417
1.925 2.06694985486 -0.185000221215
1.93 2.06601802465 -0.187714105206
1.935 2.0650728879 -0.190323665669
1.94 2.06411495503 -0.19283338299
1.945 2.06314471438 -0.195247545899
1.95 2.06216263322 -0.197570259327
1.955 2.06116915848 -0.199805451898
1.96 2.06016471866 -0.20195688659
1.965 2.05914972379 -0.204028165039
1.97 2.05812456595 -0.206022733084
1.975 2.05708962019 -0.207943887982
1.98 2.05604524521 -0.209794784288
1.985 2.05499178476 -0.21157844342
1.99 2.05392956828 -0.213297759244
1.995 2.05285891051 -0.214955498601
2.0 2.05178011254 -0.216554308684
2.005 2.05069346234 -0.218096721734
2.01 2.0495992356 -0.219585161859
2.015 2.04849769689 -0.221021953377
2.02 2.0473890989 -0.222409317532
2.025 2.04627368334 -0.223749379272
2.03 2.04515168138 -0.225044171177
2.035 2.04402331418 -0.226295638055
2.04 2.04288879411 -0.227505646155
2.045 2.04174832409 -0.228675979233
2.05 2.04060209815 -0.229808343369
2.055 2.03945030188 -0.23090437059
2.06 2.03829311275 -0.231965621972
2.065 2.03713070113 -0.232993595653
2.07 2.03596322997 -0.23398972488
2.075 2.03479085504 -0.234955380038
2.08 2.03361372529 -0.235891872205
2.085 2.03243198317 -0.236800455408
2.09 2.03124576528 -0.237682332437
2.095 2.03005520247 -0.238538655804
2.1 2.02886041972 -0.239370526982
2.105 2.0276615366 -0.240178999966
2.11 2.02645866738 -0.240965083076
2.115 2.02525192153 -0.241729742494
2.12 2.02404140409 -0.242473905746
2.125 2.02282721531 -0.243198458973
2.13 2.02160945107 -0.243904250284
2.135 2.02038820302 -0.244592091242
2.14 2.01916355886 -0.245262758968
2.145 2.01793560278 -0.24591700025
2.15 2.01670441513 -0.246555528887
2.155 2.01547007275 -0.247179028049
2.16 2.01423264906 -0.24778815166
2.165 2.01299221425 -0.248383525696
2.17 2.01174883569 -0.248965751835
2.175 2.01050257773 -0.249535405854
2.18 2.00925350182 -0.250093038747
2.185 2.0080016667 -0.250639178091
2.19 2.00674712847 -0.251174328939
2.195 2.00548994091 -0.251698976496
2.2 2.00423015544 -0.252213585908
2.205 2.00296782113 -0.252718602187
2.21 2.00170298485 -0.253214451592
2.215 2.00043569133 -0.253701542318
2.22 1.99916598338 -0.254180266122
2.225 1.99789390198 -0.254650999376
2.23 1.99661948617 -0.255114102063
2.235 1.99534277322 -0.255569919132
2.24 1.99406379868 -0.256018781053
2.245 1.9927825965 -0.256461004755
2.25 1.99149919917 -0.256896895162
2.255 1.99021363765 -0.25732674404
2.26 1.98892594142 -0.257750831036
2.265 1.98763613859 -0.258169424188
2.27 1.98634425594 -0.258582780479
2.275 1.98505031909 -0.258991147286
2.28 1.98375435241 -0.259394761594
2.285 1.98245637908 -0.259793850567
2.29 1.98115642116 -0.260188632047
2.295 1.97985449963 -0.260579314917
2.3 1.9785506345 -0.260966100224
2.305 1.97724484481 -0.261349180902
2.31 1.9759371486 -0.261728741897
2.315 1.97462756302 -0.262104960663
2.32 1.97331610432 -0.262478007435
2.325 1.97200278796 -0.262848045951
2.33 1.97068762861 -0.263215233691
2.335 1.96937064015 -0.263579721608
2.34 1.9680518357 -0.263941654632
2.345 1.96673122767 -0.26430117189
2.35 1.9654088278 -0.264658407173
2.355 1.96408464722 -0.26501348949
2.36 1.96275869639 -0.265366542434
2.365 1.96143098515 -0.265717684692
2.37 1.96010152274 -0.266067030231
2.375 1.95877031784 -0.266414688445
2.38 1.95743737857 -0.266760764446
2.385 1.95610271266 -0.267105360362
2.39 1.95476632727 -0.267448573995
2.395 1.95342822909 -0.267790499222
2.4 1.95208842433 -0.268131226301
2.405 1.95074691874 -0.268470841996
2.41 1.94940371764 -0.268809429696
2.415 1.94805882598 -0.269147070137
2.42 1.94671224835 -0.269483841132
2.425 1.9453639889 -0.269819817336
2.43 1.94401405142 -0.270155070605
2.435 1.94266243934 -0.270489670089
2.44 1.94130915574 -0.270823682314
2.445 1.93995420338 -0.271157171531
2.45 1.93859758477 -0.271490200101
2.455 1.93723930206 -0.271822827808
2.46 1.93587935711 -0.272155112258
2.465 1.93451775148 -0.272487108969
2.47 1.93315448646 -0.272818871436
2.475 1.93178956308 -0.273150451262
2.48 1.93042298215 -0.273481898684
2.485 1.92905474421 -0.273813262027
2.49 1.92768484959 -0.274144587884
2.495 1.92631329834 -0.274475921243
2.5 1.92494009031 -0.274807305539
2.505 1.92356522513 -0.275138782714
2.51 1.92218870224 -0.275470393522
2.515 1.92081052089 -0.2758021774
2.52 1.91943068013 -0.276134172397
2.525 1.91804917878 -0.276466415318
2.53 1.91666601553 -0.276798941761
2.535 1.91528118886 -0.277131786164
2.54 1.91389469709 -0.277464981958
2.545 1.91250653839 -0.277798561732
2.55 1.91111671078 -0.278132556931
2.555 1.90972521209 -0.278466998037
2.56 1.90833204003 -0.27880191461
2.565 1.90693719212 -0.279137335316
2.57 1.90554066579 -0.27947328799
2.575 1.90414245831 -0.279809799859
2.58 1.90274256682 -0.280146897289
2.585 1.90134098834 -0.280484605883
2.59 1.89993771973 -0.280822950524
2.595 1.89853275777 -0.281161955405
2.6 1.89712609907 -0.281501644048
2.605 1.89571774016 -0.281842039386
2.61 1.89430767745 -0.282183163977
2.615 1.89289590726 -0.282525039688
2.62 1.89148242577 -0.282867687828
2.625 1.89006722907 -0.283211129179
2.63 1.88865031314 -0.283555384022
2.635 1.88723167385 -0.283900472147
2.64 1.88581130699 -0.284246412929
2.645 1.88438920826 -0.284593225434
2.65 1.88296537325 -0.28494092823
2.655 1.88153979746 -0.285289539483
2.66 1.88011247632 -0.285639076979
2.665 1.87868340513 -0.285989558135
2.67 1.87725257914 -0.286341000014
2.675 1.8758199935 -0.286693419397
2.68 1.87438564329 -0.287046832832
2.685 1.87294952349 -0.287401256503
2.69 1.87151162902 -0.28775670631
2.695 1.8700719547 -0.28811319788
2.7 1.86863049529 -0.288470746576
2.705 1.86718724546 -0.288829367509
2.71 1.8657421998 -0.289189075607
2.715 1.86429535286 -0.289549885623
2.72 1.86284669908 -0.289911812054
2.725 1.86139623285 -0.290274869199
2.73 1.85994394849 -0.290639071169
2.735 1.85848984022 -0.291004431894
2.74 1.85703390221 -0.291370965131
2.745 1.85557612858 -0.29173868452
2.75 1.85411651337 -0.292107603566
2.755 1.85265505053 -0.292477735607
2.76 1.85119173397 -0.29284909385
2.765 1.84972655753 -0.293221691377
2.77 1.84825951498 -0.293595541146
2.775 1.84679060002 -0.293970656053
2.78 1.84531980629 -0.294347048765
2.785 1.84384712737 -0.294724732067
2.79 1.84237255679 -0.295103718541
2.795 1.840896088 -0.295484020689
2.8 1.83941771438 -0.295865650942
2.805 1.83793742926 -0.296248621662
2.81 1.83645522591 -0.296632945145
2.815 1.83497109753 -0.29701863369
2.82 1.83348503728 -0.297405699521
2.825 1.83199703824 -0.297794154796
2.83 1.83050709343 -0.298184011628
2.835 1.8290151958 -0.29857528209
2.84 1.82752133827 -0.298967978219
2.845 1.82602551366 -0.299362112017
2.85 1.82452771476 -0.299757695459
2.855 1.82302793428 -0.3001547405
2.86 1.82152616489 -0.300553259171
2.865 1.8200223992 -0.300953263477
2.87 1.81851662973 -0.301354765388
2.875 1.81700884899 -0.301757776876
2.88 1.81549904938 -0.30216230992
2.885 1.81398722327 -0.302568376511
2.89 1.81247336298 -0.302975988658
2.895 1.81095746074 -0.303385158391
2.9 1.80943950874 -0.303795897765
2.905 1.8079194991 -0.304208218783
2.91 1.80639742387 -0.304622133475
2.915 1.80487327505 -0.305037653942
2.92 1.80334704458 -0.305454792323
2.925 1.80181872434 -0.305873560794
2.93 1.80028830616 -0.306293971576
2.935 1.7987557818 -0.306716036939
2.94 1.79722114296 -0.307139769203
2.945 1.79568438128 -0.307565180746
2.95 1.79414548833 -0.307992283899
2.955 1.79260445561 -0.308421091023
2.96 1.79106127456 -0.308851614599
2.965 1.78951593657 -0.309283867168
2.97 1.78796843297 -0.309717861334
2.975 1.78641875501 -0.310153609766
2.98 1.7848668939 -0.310591125199
2.985 1.78331284077 -0.311030420443
2.99 1.7817565867 -0.311471508382
2.995 1.78019812269 -0.311914401927
3.0 1.77863743966 -0.312359114035
3.005 1.77707452849 -0.312805657782
3.01 1.77550937999 -0.313254046326
3.015 1.77394198491 -0.313704292909
3.02 1.77237233391 -0.314156410857
3.025 1.77080041762 -0.314610413582
3.03 1.76922622658 -0.31506631459
3.035 1.76764975127 -0.315524127479
3.04 1.76607098209 -0.315983865914
3.045 1.76448990938 -0.316445543612
3.05 1.7629065234 -0.316909174432
3.055 1.76132081434 -0.317374772326
3.06 1.75973277235 -0.317842351349
3.065 1.75814238747 -0.318311925661
3.07 1.75654964971 -0.318783509523
3.075 1.75495454897 -0.319257117306
3.08 1.75335707512 -0.319732763489
3.085 1.75175721791 -0.320210462649
3.09 1.75015496704 -0.320690229443
3.095 1.74855031211 -0.321172078674
3.1 1.7469432427 -0.32165602526
3.105 1.74533374826 -0.322142084241
3.11 1.7437218182 -0.322630270776
3.115 1.74210744185 -0.323120600146
3.12 1.74049060847 -0.323613087759
3.125 1.73887130722 -0.32410774915
3.13 1.7372495272 -0.324604599983
3.135 1.73562525745 -0.325103656054
3.14 1.73399848689 -0.325604933292
3.145 1.73236920438 -0.326108447725
3.15 1.73073739865 -0.326614215516
3.155 1.72910305841 -0.327122252988
3.16 1.72746617227 -0.327632576603
3.165 1.72582672874 -0.328145202965
3.17 1.72418471629 -0.328660148822
3.175 1.72254012326 -0.329177431068
3.18 1.72089293795 -0.329697066744
3.185 1.71924314854 -0.330219073043
3.19 1.71759074315 -0.330743467308
3.195 1.7159357098 -0.331270267036
3.2 1.71427803642 -0.331799489885
3.205 1.71261771083 -0.332331153683
3.21 1.71095472077 -0.33286527641
3.215 1.7092890539 -0.333401876209
3.22 1.70762069778 -0.333940971387
3.225 1.70594963991 -0.334482580418
3.23 1.70427586765 -0.335026721945
3.235 1.70259936831 -0.335573414785
3.24 1.70092012909 -0.336122677925
3.245 1.6992381371 -0.33667453053
3.25 1.69755337934 -0.337228991943
3.255 1.69586584273 -0.337786081683
3.26 1.69417551408 -0.338345819481
3.265 1.69248238007 -0.338908225276
3.27 1.6907864273 -0.339473319165
3.275 1.68908764229 -0.340041121434
3.28 1.68738601144 -0.340611652566
3.285 1.68568152106 -0.341184933235
3.29 1.68397415735 -0.341760984316
3.295 1.68226390641 -0.342339826882
3.3 1.68055075424 -0.342921482211
3.305 1.67883468672 -0.343505971782
3.31 1.67711568965 -0.344093317283
3.315 1.67539374869 -0.344683540613
3.32 1.67366884938 -0.345276663956
3.325 1.67194097714 -0.345872709693
3.33 1.67021011731 -0.346471700398
3.335 1.6684762551 -0.34707365887
3.34 1.66673937561 -0.347678608131
3.345 1.66499946384 -0.348286571433
3.35 1.66325650467 -0.348897572256
3.355 1.66151048285 -0.349511634315
3.36 1.65976138302 -0.350128781557
3.365 1.6580091897 -0.350749038171
3.37 1.6562538873 -0.351372428581
3.375 1.6544954601 -0.351998977487
3.38 1.65273389219 -0.352628709937
3.385 1.65096916759 -0.353261651155
3.39 1.64920127019 -0.353897826614
3.395 1.64743018376 -0.354537262044
3.4 1.64565589193 -0.35517998344
3.405 1.64387837822 -0.355826017062
3.41 1.64209762599 -0.356475389438
3.415 1.64031361851 -0.357128127367
3.42 1.63852633887 -0.357784257924
3.425 1.63673577007 -0.358443808458
3.43 1.63494189494 -0.359106806601
3.435 1.63314469616 -0.359773280357
3.44 1.63134415625 -0.360443258065
3.445 1.62954025761 -0.361116768281
3.45 1.62773298252 -0.361793839864
3.455 1.6259223131 -0.362474501974
3.46 1.62410823131 -0.36315878408
3.465 1.622290719 -0.363846715961
3.47 1.62046975784 -0.364538327711
3.475 1.61864532936 -0.36523364974
3.48 1.61681741496 -0.365932712779
3.485 1.61498599585 -0.366635547884
3.49 1.61315105309 -0.36734218652
3.495 1.61131256754 -0.368052660556
3.5 1.60947051995 -0.368767002114
3.505 1.60762489089 -0.369485243662
3.51 1.60577566079 -0.370207418018
3.515 1.60392280991 -0.370933558357
3.52 1.60206631833 -0.371663698213
3.525 1.60020616598 -0.37239787148
3.53 1.59834233262 -0.373136112421
3.535 1.59647479783 -0.37387845567
3.54 1.59460354104 -0.374624936235
3.545 1.59272854145 -0.375375589591
3.55 1.59084977807 -0.376130451724
3.555 1.58896722976 -0.376889558886
3.56 1.58708087521 -0.37765294773
3.565 1.5851906929 -0.378420655317
3.57 1.58329666117 -0.37919271912
3.575 1.58139875814 -0.379969177028
3.58 1.57949696175 -0.380750067352
3.585 1.57759124976 -0.381535428828
3.59 1.57568159972 -0.382325300625
3.595 1.57376798901 -0.383119722344
3.6 1.57185039477 -0.383918734115
3.605 1.56992879389 -0.384722376691
3.61 1.56800316311 -0.385530691129
3.615 1.56607347896 -0.386343718946
3.62 1.56413971778 -0.387161502135
3.625 1.56220185568 -0.387984083166
3.63 1.56025986858 -0.388811504996
3.635 1.55831373218 -0.389643811072
3.64 1.55636342195 -0.390481045339
3.645 1.55440891317 -0.39132325224
3.65 1.55245018087 -0.392170476729
3.655 1.55048719986 -0.393022764354
3.66 1.54851994464 -0.39388016143
3.665 1.54654838953 -0.394742714615
3.67 1.54457250863 -0.395610471101
3.675 1.54259227582 -0.396483478631
3.68 1.54060766471 -0.39736178551
3.685 1.5386186487 -0.398245440609
3.69 1.53662520094 -0.399134493372
3.695 1.53462729433 -0.400028993826
3.7 1.53262490151 -0.40092899258
3.705 1.53061799491 -0.401834540838
3.71 1.52860654658 -0.402745690697
3.715 1.52659052846 -0.403662494456
3.72 1.52456991203 -0.404585005682
3.725 1.52254466861 -0.40551327819
3.73 1.52051476928 -0.406447366451
3.735 1.51848018481 -0.407387325594
3.74 1.51644088574 -0.408333211418
3.745 1.51439684229 -0.409285080394
3.75 1.51234802443 -0.410242989676
3.755 1.51029440183 -0.411206997106
3.76 1.5082359439 -0.412177161225
3.765 1.50617261971 -0.413153541351
3.77 1.50410439792 -0.414136197935
3.775 1.502031247 -0.415125191907
3.78 1.49995313508 -0.416120584897
3.785 1.49787003003 -0.417122439302
3.79 1.49578189938 -0.418130818298
3.795 1.49368871037 -0.419145785852
3.8 1.49159042988 -0.420167406728
3.805 1.48948702451 -0.421195746506
3.81 1.4873784605 -0.422230871587
3.815 1.48526470379 -0.423272849207
3.82 1.48314571996 -0.424321747452
3.825 1.48102147427 -0.425377635262
3.83 1.47889193161 -0.426440582471
3.835 1.47675705646 -0.427510660117
3.84 1.47461681295 -0.42858794004
3.845 1.47247116491 -0.429672494914
3.85 1.47032007577 -0.430764398362
3.855 1.4681635086 -0.431863724969
3.86 1.4660014261 -0.4329705503
3.865 1.46383379057 -0.434084950912
3.87 1.46166056396 -0.435207004374
3.875 1.45948170778 -0.436336789281
3.88 1.45729718318 -0.437474385271
3.885 1.45510695089 -0.438619873043
3.89 1.45291097124 -0.439773334374
3.895 1.45070920413 -0.440934852134
3.9 1.44850160911 -0.442104510201
3.905 1.44628814526 -0.443282393564
3.91 1.44406877125 -0.444468588418
3.915 1.44184344531 -0.445663182115
3.92 1.43961212521 -0.446866263185
3.925 1.4373747683 -0.448077921349
3.93 1.43513133147 -0.44929824754
3.935 1.43288177114 -0.450527333924
3.94 1.43062604328 -0.451765273914
3.945 1.42836410339 -0.453012162195
3.95 1.4260959065 -0.454268094736
3.955 1.42382140714 -0.45553316882
3.96 1.42154055938 -0.456807483052
3.965 1.41925331674 -0.458091137506
3.97 1.41695963225 -0.459384233779
3.975 1.41465945843 -0.460686874706
3.98 1.4123527473 -0.461999164549
3.985 1.41003945034 -0.463321209017
3.99 1.40771951853 -0.464653115296
3.995 1.40539290227 -0.465994992066
4.0 1.40305955146 -0.467346949528
4.005 1.40071941541 -0.468709099427
4.01 1.3983724429 -0.470081555077
4.015 1.39601858212 -0.471464431382
4.02 1.39365778069 -0.472857844864
4.025 1.39128998566 -0.474261913688
4.03 1.38891514346 -0.475676757791
4.035 1.38653319983 -0.477102499204
4.04 1.38414409994 -0.478539261413
4.045 1.38174778839 -0.47998716964
4.05 1.37934420913 -0.481446350909
4.055 1.37693330547 -0.48291693408
4.06 1.37451502008 -0.484399049876
4.065 1.37208929498 -0.485892830912
4.07 1.36965607151 -0.487398411729
4.075 1.36721529036 -0.488915928822
4.08 1.36476689151 -0.490445520674
4.085 1.36231081427 -0.491987327782
4.09 1.35984699723 -0.493541492695
4.095 1.35737537828 -0.495108160098
4.1 1.35489589442 -0.496687477361
4.105 1.352408482 -0.498279593771
4.11 1.34991307664 -0.499884660702
4.115 1.3474096132 -0.501502831787
4.12 1.34489802578 -0.503134262959
4.125 1.34237824767 -0.504779112483
4.13 1.3398502114 -0.506437540998
4.135 1.33731384868 -0.508109711556
4.14 1.3347690904 -0.509795789664
4.145 1.33221586663 -0.511495943318
4.15 1.32965410659 -0.513210343051
4.155 1.32708373866 -0.514939161967
4.16 1.32450469034 -0.516682575801
4.165 1.32191688812 -0.51844076367
4.17 1.31932025758 -0.520213907364
4.175 1.31671472349 -0.52200219113
4.18 1.31410020966 -0.523805802066
4.185 1.31147663901 -0.525624930167
4.19 1.30884393345 -0.52745976838
4.195 1.30620201397 -0.52931051265
4.2 1.30355080055 -0.531177361973
4.205 1.30089021218 -0.533060518449
4.21 1.29822016686 -0.534960187332
4.215 1.29554058152 -0.536876577083
4.22 1.2928513721 -0.538809899428
4.225 1.29015245345 -0.540760369408
4.23 1.28744373923 -0.542728206072
4.235 1.28472514185 -0.544713632428
4.24 1.28199657282 -0.546716874343
4.245 1.27925794247 -0.5487381613
4.25 1.27650916 -0.55077772647
4.255 1.27375013343 -0.552835806773
4.26 1.2709807696 -0.554912642949
4.265 1.26820097414 -0.557008479621
4.27 1.26541065144 -0.559123565364
4.275 1.26260970468 -0.561258152776
4.28 1.25979803575 -0.563412498544
4.285 1.25697554528 -0.565586863516
4.29 1.25414213258 -0.567781512775
4.295 1.25129769558 -0.569996716086
4.3 1.24844213061 -0.572232748653
4.305 1.24557533282 -0.574489889454
4.31 1.24269719596 -0.576768422049
4.315 1.23980761235 -0.579068634743
4.32 1.23690647284 -0.58139082067
4.325 1.23399366684 -0.583735277884
4.33 1.23106908224 -0.586102309455
4.335 1.22813260539 -0.588492223558
4.34 1.22518412113 -0.590905333572
4.345 1.2222235127 -0.593341958174
4.35 1.21925066171 -0.595802421586
4.355 1.21626544807 -0.598287053942
4.36 1.21326775006 -0.600796190706
4.365 1.21025744433 -0.603330173063
4.37 1.20723440577 -0.605889348053
4.375 1.20419850755 -0.608474068683
4.38 1.20114962107 -0.611084694034
4.385 1.19808761593 -0.613721589378
4.39 1.19501235989 -0.616385126292
4.395 1.19192371886 -0.619075682773
4.4 1.18882155685 -0.621793643354
4.405 1.18570573587 -0.624539399669
4.41 1.18257611573 -0.627313351374
4.415 1.17943255442 -0.630115904231
4.42 1.1762749079 -0.63294747109
4.425 1.17310303006 -0.635808472117
4.43 1.16991677266 -0.638699334929
4.435 1.16671598533 -0.64162049474
4.44 1.16350051552 -0.644572394509
4.445 1.16027020845 -0.647555485089
4.45 1.15702490707 -0.650570225375
4.455 1.15376445207 -0.653617082459
4.46 1.15048868167 -0.656696532229
4.465 1.14719743145 -0.65980906035
4.47 1.14389053477 -0.662955160345
4.475 1.14056782251 -0.666135334636
4.48 1.13722912302 -0.669350094801
4.485 1.13387426208 -0.672599961758
4.49 1.13050306288 -0.675885465944
4.495 1.12711534591 -0.679207147506
4.5 1.12371092898 -0.68256555649
4.505 1.12028962713 -0.685961253032
4.51 1.1168512526 -0.68939480755
4.515 1.11339561467 -0.692866801559
4.52 1.10992251934 -0.696377829001
4.525 1.1064317699 -0.699928493593
4.53 1.10292316662 -0.703519410235
4.535 1.09939650668 -0.707151205353
4.54 1.09585158413 -0.710824517132
4.545 1.09228818979 -0.714539995751
4.55 1.08870611122 -0.718298303621
4.555 1.08510513267 -0.722100115631
4.56 1.08148503502 -0.725946119391
4.565 1.07784559569 -0.729837015485
4.57 1.0741865885 -0.733773518338
4.575 1.07050778328 -0.737756357717
4.58 1.06680894648 -0.741786276182
4.585 1.0630898408 -0.745864030495
4.59 1.05935022514 -0.749990392034
4.595 1.05558985449 -0.754166147104
4.6 1.0518084799 -0.758392097249
4.605 1.04800584837 -0.762669059573
4.61 1.04418170279 -0.766997867062
4.615 1.04033578182 -0.771379369034
4.62 1.03646781971 -0.775814431955
4.625 1.03257754644 -0.780303938932
4.63 1.02866468754 -0.784848790329
4.635 1.024728964 -0.789449904194
4.64 1.02077009222 -0.794108216628
4.645 1.01678778386 -0.798824682154
4.65 1.01278174582 -0.803600274097
4.655 1.0087516801 -0.808435984971
4.66 1.00469728369 -0.813332827092
4.665 1.00061824808 -0.818291834757
4.67 0.99651425971 -0.823314062044
4.675 0.992384999814 -0.82840058376
4.68 0.988230144192 -0.833552496226
4.685 0.984049363128 -0.83877091774
4.69 0.979842321279 -0.844056989031
4.695 0.975608677566 -0.849411873732
4.7 0.971348085069 -0.854836758861
4.705 0.967060190887 -0.860332855386
4.71 0.962744635629 -0.865901400217
4.715 0.958401053782 -0.871543654891
4.72 0.954029073583 -0.877260906129
4.725 0.949628316785 -0.883054466791
4.73 0.945198398526 -0.888925676423
4.735 0.940738927205 -0.894875901819
4.74 0.936249504345 -0.900906537587
4.745 0.931729724465 -0.907019006729
4.75 0.927179174933 -0.913214761256
4.755 0.922597435387 -0.919495284327
4.76 0.917984078012 -0.925862089394
4.765 0.913338667541 -0.932316720325
4.77 0.908660760924 -0.938860752683
4.775 0.903949907175 -0.945495794379
4.78 0.899205647214 -0.952223486349
4.785 0.894427513706 -0.959045503235
4.79 0.889615030903 -0.965963554075
4.795 0.884767714478 -0.972979383009
4.8 0.879885070907 -0.980094771086
4.805 0.874966597565 -0.987311536346
4.81 0.870011782931 -0.99463153364
4.815 0.865020106131 -1.00205665606
4.82 0.859991036749 -1.00958883571
4.825 0.854924034641 -1.01723004453
4.83 0.849818549736 -1.02498229506
4.835 0.844674021849 -1.03284764127
4.84 0.839489880473 -1.0408281794
4.845 0.83426554422 -1.04892604899
4.85 0.829000420603 -1.05714343377
4.855 0.823693906477 -1.06548256208
4.86 0.818345387456 -1.07394570804
4.865 0.812954237691 -1.08253519235
4.87 0.807519819636 -1.09125338328
4.875 0.802041483824 -1.10010269752
4.88 0.796518568626 -1.10908560114
4.885 0.790950400014 -1.11820461052
4.89 0.785336291065 -1.12746229242
4.895 0.779675541489 -1.13686126419
4.9 0.773967438149 -1.14640419734
4.905 0.768211254442 -1.15609381732
4.91 0.762406250017 -1.16593290438
4.915 0.756551670503 -1.17592429458
4.92 0.750646747238 -1.18607088077
4.925 0.744690696989 -1.19637561353
4.93 0.738682721665 -1.20684150226
4.935 0.732622007946 -1.2174716146
4.94 0.726507726751 -1.22826907378
4.945 0.720339033381 -1.23923706653
4.95 0.714115067047 -1.25037884147
4.955 0.70783495054 -1.26169770967
4.96 0.701497789914 -1.27319704549
4.965 0.695102674159 -1.2848802875
4.97 0.688648674925 -1.2967509386
4.975 0.682134846467 -1.30881256322
4.98 0.675560224903 -1.32106879352
4.985 0.668923827988 -1.33352332878
4.99 0.662224654807 -1.3461799356
4.995 0.655461685444 -1.35904244861
5.0 0.648633880627 -1.37211477119
5.005 0.641740181401 -1.3854008752
5.01 0.634779508931 -1.3989047908
5.015 0.627750763969 -1.41263061946
5.02 0.620652826505 -1.42658253367
5.025 0.61348455545 -1.44076477516
5.03 0.606244788282 -1.45518165533
5.035 0.598932340761 -1.46983755335
5.04 0.591546006939 -1.48473690481
5.045 0.584084558355 -1.49988421674
5.05 0.576546743802 -1.51528406423
5.055 0.568931289024 -1.5309410891
5.06 0.561236896445 -1.54685999333
5.065 0.553462244897 -1.56304553322
5.07 0.545605989131 -1.57950253331
5.075 0.537666759549 -1.59623587969
5.08 0.529643161884 -1.61325051891
5.085 0.521533777357 -1.63055144016
5.09 0.51333716214 -1.64814368168
5.095 0.505051846855 -1.66603233632
5.1 0.496676336434 -1.68422254424
5.105 0.488209110405 -1.70271947912
5.11 0.479648622228 -1.7215283537
5.115 0.470993298933 -1.74065441937
5.12 0.462241541064 -1.76010295898
5.125 0.453391723462 -1.77987926097
5.13 0.444442194167 -1.79998863546
5.135 0.435391274223 -1.82043641009
5.14 0.426237257865 -1.8412279183
5.145 0.416978413854 -1.86236846754
5.15 0.407612983809 -1.88386336172
5.155 0.398139182349 -1.90571789108
5.16 0.388555197626 -1.92793731531
5.165 0.378859193206 -1.95052682421
5.17 0.369049305764 -1.97349156911
5.175 0.359123645696 -1.99683664493
5.18 0.349080298056 -2.0205670677
5.185 0.338917324825 -2.04468773146
5.19 0.32863276277 -2.06920343405
5.195 0.318224624668 -2.09411885087
5.2 0.307690901164 -2.11943850139
5.205 0.297029559984 -2.1451667513
5.21 0.28623854676 -2.171307793
5.215 0.275315788242 -2.19786559222
5.22 0.26425919141 -2.22484389253
5.225 0.253066644 -2.25224619993
5.23 0.241736018279 -2.28007572511
5.235 0.230265171382 -2.30833537
5.24 0.218651945191 -2.33702772021
5.245 0.206894170452 -2.3661549845
5.25 0.194989669101 -2.3957189565
5.255 0.182936253067 -2.42572101978
5.26 0.170731728693 -2.45616208543
5.265 0.158373901564 -2.48704252545
5.27 0.145860574213 -2.51836218849
5.275 0.133189550761 -2.55012033648
5.28 0.120358644134 -2.58231555455
5.285 0.107365673471 -2.61494576658
5.29 0.0942084685951 -2.64800817545
5.295 0.0808848793258 -2.68149915576
5.3 0.0673927737398 -2.71541425667
5.305 0.0537300421332 -2.74974814849
5.31 0.0398946069431 -2.78449451544
5.315 0.0258844252913 -2.81964601516
5.32 0.0116974895151 -2.85519425636
5.325 -0.00266816027529 -2.89112967583
5.33 -0.0172144315342 -2.92744147984
5.335 -0.0319431777241 -2.96411760926
5.34 -0.0468561896954 -3.00114465107
5.345 -0.0619551851271 -3.03850775188
5.35 -0.0772418034751 -3.07619054459
5.355 -0.0927175977254 -3.11417506343
5.36 -0.108384026325 -3.15244167269
5.365 -0.12424244838 -3.19096904295
5.37 -0.14029411124 -3.22973401684
5.375 -0.156540141982 -3.26871154289
5.38 -0.172981536121 -3.30787458821
5.385 -0.189619149183 -3.34719406504
5.39 -0.206453685898 -3.38663875518
5.395 -0.223485690028 -3.42617526885
5.4 -0.240715532452 -3.46576793656
5.405 -0.25814339984 -3.50537875029
5.41 -0.27576928312 -3.54496732486
5.415 -0.293592964975 -3.58449081111
5.42 -0.311614007488 -3.62390384984
5.425 -0.32983174014 -3.66315856488
5.43 -0.348245246078 -3.70220448399
5.435 -0.366853349225 -3.74098851832
5.44 -0.385654602708 -3.77945499366
5.445 -0.40464727393 -3.81754559386
5.45 -0.42382933158 -3.85519937448
5.455 -0.443198434792 -3.89235284226
5.46 -0.462751917775 -3.92893993354
5.465 -0.482486777237 -3.96489207268
5.47 -0.502399663237 -4.00013830895
5.475 -0.522486863879 -4.03460534472
5.48 -0.542744293897 -4.06821764909
5.485 -0.563167488053 -4.10089765877
5.49 -0.583751586864 -4.13256587175
5.495 -0.60449132719 -4.16314102612
5.5 -0.625381039178 -4.19254036634
5.505 -0.646414634149 -4.22067981793
5.51 -0.66758559819 -4.24747423866
5.515 -0.68888699358 -4.27283774533
5.52 -0.710311450206 -4.2966839815
5.525 -0.731851163236 -4.31892644437
5.53 -0.753497899834 -4.33947885875
5.535 -0.775242995595 -4.35825554349
5.54 -0.797077357402 -4.37517181118
5.545 -0.818991475962 -4.39014436721
5.55 -0.840975428754 -4.40309177012
5.555 -0.863018889079 -4.41393489369
5.56 -0.885111144575 -4.4225973206
5.565 -0.907241107953 -4.42900587855
5.57 -0.929397333019 -4.433091147
5.575 -0.951568038339 -4.43478782986
5.58 -0.973741128179 -4.43403528405
5.585 -0.995904215989 -4.4307780056
5.59 -1.0180446505 -4.42496605305
5.595 -1.04014954564 -4.41655555687
5.6 -1.06220581195 -4.40550902987
5.605 -1.08420019007 -4.39179582217
5.61 -1.10611928545 -4.3753924959
5.615 -1.12794960353 -4.3562830663
5.62 -1.1496775909 -4.33445939859
5.625 -1.17128967195 -4.30992133613
5.63 -1.19277229142 -4.28267694192
5.635 -1.21411195625 -4.25274265163
5.64 -1.23529527391 -4.22014326989
5.645 -1.25630900013 -4.18491209344
5.65 -1.27714007577 -4.14709079475
5.655 -1.29777567151 -4.10672935192
5.66 -1.31820323015 -4.06388590646
5.665 -1.33841050147 -4.01862650225
5.67 -1.35838558856 -3.9710248435
5.675 -1.37811697892 -3.92116195055
5.68 -1.397593583 -3.8691257648
5.685 -1.41680476946 -3.81501071283
5.69 -1.43574039072 -3.75891725184
5.695 -1.45439081879 -3.7009512893
5.7 -1.47274696592 -3.64122368964
5.705 -1.4908003097 -3.57984964864
5.71 -1.50854291501 -3.51694805621
5.715 -1.52596744678 -3.45264096365
5.72 -1.54306718845 -3.38705281015
5.725 -1.55983604975 -3.32030989111
5.73 -1.57626857481 -3.25253966833
5.735 -1.59235994732 -3.18387008582
5.74 -1.60810599028 -3.11442907707
5.745 -1.62350316474 -3.04434380497
5.75 -1.63854856509 -2.97374019593
5.755 -1.65323991075 -2.90274235348
5.76 -1.66757553546 -2.83147198506
5.765 -1.68155437597 -2.76004803132
5.77 -1.69517595409 -2.68858609984
5.775 -1.70844036172 -2.61719813536
5.78 -1.72134824059 -2.54599204286
5.785 -1.73390075956 -2.47507133058
5.79 -1.74609959615 -2.40453489415
5.795 -1.75794690778 -2.33447673277
5.8 -1.76944531056 -2.2649857826
5.805 -1.7805978527 -2.19614577176
5.81 -1.79140798575 -2.12803510566
5.815 -1.80187954269 -2.06072679826
5.82 -1.81201670568 -1.99428845708
5.825 -1.82182398236 -1.92878226822
5.83 -1.83130617842 -1.86426504065
5.835 -1.84046836843 -1.80078829147
5.84 -1.8493158738 -1.73839829335
5.845 -1.85785423274 -1.67713624742
5.85 -1.8660891776 -1.61703838286
5.855 -1.87402661036 -1.55813611934
5.86 -1.88167257712 -1.50045627495
5.865 -1.88903324837 -1.44402118982
5.87 -1.89611489462 -1.38884898907
5.875 -1.90292386705 -1.33495374829
5.88 -1.90946657792 -1.28234570787
5.885 -1.91574948097 -1.23103152331
5.89 -1.92177905519 -1.18101442679
5.895 -1.92756178746 -1.13229449941
5.9 -1.93310415735 -1.08486888142
5.905 -1.93841262321 -1.03873195404
5.91 -1.94349360949 -0.993875562167
5.915 -1.94835349477 -0.950289213216
5.92 -1.95299859818 -0.907960337086
5.925 -1.9574351707 -0.866874444106
5.93 -1.9616693871 -0.827015292867
5.935 -1.96570733775 -0.788365068297
5.94 -1.96955502039 -0.75090457252
5.945 -1.97321833276 -0.71461340532
5.95 -1.9767030679 -0.6794700976
5.955 -1.98001490958 -0.645452251587
5.96 -1.98315942753 -0.612536686352
5.965 -1.9861420738 -0.580699570888
5.97 -1.98896817998 -0.549916541437
5.975 -1.99164295474 -0.52016281294
5.98 -1.9941714819 -0.491413285305
5.985 -1.99655871914 -0.463642637769
5.99 -1.9988094973 -0.436825418457
5.995 -2.00092851982 -0.410936124387
6.0 -2.00292036263 -0.385949277321
6.005 -2.00478947441 -0.361839490853
6.01 -2.0065401773 -0.338581531115
6.015 -2.00817666783 -0.316150372099
6.02 -2.00970301789 -0.294521244341
6.025 -2.01112317628 -0.273669679592
6.03 -2.01244097045 -0.253571550382
6.035 -2.01366010798 -0.2342031028
6.04 -2.01478417874 -0.215540987006
6.045 -2.01581665694 -0.197562283307
6.05 -2.01676090325 -0.18024452366
6.055 -2.01762016714 -0.16356571007
6.06 -2.01839758944 -0.147504329595
6.065 -2.01909620453 -0.132039367274
6.07 -2.01971894299 -0.11715031505
6.075 -2.02026863423 -0.102817178381
6.08 -2.0207480089 -0.0890204822464
6.085 -2.02115970156 -0.0757412729467
6.09 -2.0215062534 -0.0629611183515
6.095 -2.02179011469 -0.0506621086739
6.1 -2.02201364742 -0.0388268531144
6.105 -2.02217912802 -0.0274384755665
6.11 -2.02228874973 -0.0164806114094
6.115 -2.02234462522 -0.00593740057519
6.12 -2.02234878921 0.00420651990488
6.125 -2.02230320074 0.0139660219278
6.13 -2.02220974572 0.0233554958605
6.135 -2.02207023937 0.0323888598903
6.14 -2.02188642837 0.0410795673724
6.145 -2.02165999322 0.0494406168983
6.15 -2.02139255071 0.0574845661752
6.155 -2.02108565587 0.0652235392604
6.16 -2.02074080414 0.0726692366831
6.165 -2.02035943348 0.0798329475363
6.17 -2.01994292648 0.0867255618116
6.175 -2.01949261222 0.0933575784805
6.18 -2.01900976819 0.0997391170305
6.185 -2.01849562225 0.105879930699
6.19 -2.01795135443 0.111789415711
6.195 -2.01737809858 0.11747662139
6.2 -2.01677694415 0.122950261619
6.205 -2.01614893789 0.12821872675
6.21 -2.01549508537 0.133290091941
6.215 -2.01481635251 0.13817212777
6.22 -2.01411366716 0.142872311431
6.225 -2.01338792049 0.147397835968
6.23 -2.01263996838 0.15175561934
6.235 -2.01187063277 0.155952314227
6.24 -2.01108070303 0.159994318203
6.245 -2.01027093714 0.163887781474
6.25 -2.00944206292 0.167638615815
6.255 -2.00859477921 0.171252503667
6.26 -2.007729757 0.174734906256
6.265 -2.00684764053 0.178091071229
6.27 -2.00594904827 0.181326040708
6.275 -2.00503457403 0.184444659518
6.28 -2.00410478785 0.187451581568
6.285 -2.00316023695 0.190351277037
6.29 -2.00220144665 0.193148039129
6.295 -2.00122892122 0.195845992153
6.3 -2.00024314476 0.198449097439
6.305 -1.99924458193 0.200961158588
6.31 -1.99823367877 0.203385827937
6.315 -1.99721086341 0.205726612498
6.32 -1.99617654679 0.207986880322
6.325 -1.99513112336 0.210169864876
6.33 -1.99407497172 0.212278670489
6.335 -1.99300845528 0.214316277372
6.34 -1.99193192281 0.216285547
6.345 -1.99084570909 0.218189226549
6.35 -1.98975013543 0.220029953104
6.355 -1.98864551023 0.221810258149
6.36 -1.98753212947 0.223532571805
6.365 -1.98641027724 0.225199227092
6.37 -1.98528022618 0.226812463477
6.375 -1.98414223799 0.228374430696
6.38 -1.98299656384 0.229887192348
6.385 -1.98184344476 0.23135272934
6.39 -1.98068311207 0.232772943201
6.395 -1.9795157878 0.234149659268
6.4 -1.97834168503 0.235484629747
6.405 -1.97716100826 0.23677953666
6.41 -1.97597395373 0.238035994695
6.415 -1.97478070978 0.239255553905
6.42 -1.97358145717 0.240439702335
6.425 -1.97237636937 0.241589868546
6.43 -1.97116561282 0.242707423901
6.435 -1.96994934727 0.243793684956
6.44 -1.968727726 0.244849915728
6.445 -1.96750089611 0.245877329808
6.45 -1.96626899877 0.246877092359
6.455 -1.96503216939 0.24785032198
6.46 -1.96379053793 0.248798092797
6.465 -1.96254422909 0.249721436223
6.47 -1.96129336254 0.250621342713
6.475 -1.96003805309 0.251498763418
6.48 -1.95877841084 0.252354611413
6.485 -1.95751454144 0.253189763659
6.49 -1.95624654625 0.254005062441
6.495 -1.95497452251 0.254801316746
6.5 -1.95369856349 0.255579303648
6.505 -1.95241875866 0.256339769313
6.51 -1.9511351938 0.257083430417
6.515 -1.94984795119 0.257810975508
6.52 -1.94855710975 0.25852306607
6.525 -1.94726274519 0.259220337645
6.53 -1.94596493005 0.259903400756
6.535 -1.94466373388 0.260572841765
6.54 -1.94335922337 0.261229224233
6.545 -1.94205146246 0.261873089714
6.55 -1.94074051243 0.262504958666
6.555 -1.93942643202 0.263125331275
6.56 -1.93810927748 0.263734688
6.565 -1.93678910272 0.264333490731
6.57 -1.9354659594 0.264922183475
6.575 -1.934139897 0.265501193067
6.58 -1.93281096291 0.266070929879
6.585 -1.9314792025 0.266631788267
6.59 -1.93014465919 0.26718414739
6.595 -1.92880737456 0.267728371885
6.6 -1.92746738842 0.268264812413
6.605 -1.92612473883 0.268793806235
6.61 -1.92477946222 0.269315677638
6.615 -1.92343159341 0.26983073842
6.62 -1.92208116568 0.270339288593
6.625 -1.92072821087 0.270841616783
6.63 -1.9193727594 0.271338000694
6.635 -1.91801484032 0.271828707518
6.64 -1.91665448136 0.272313994218
6.645 -1.915291709 0.272794108149
6.65 -1.91392654849 0.273269287392
6.655 -1.91255902395 0.273739761121
6.66 -1.91118915835 0.274205749966
6.665 -1.90981697357 0.274667466219
6.67 -1.90844249047 0.275125114297
6.675 -1.90706572887 0.275578891071
6.68 -1.90568670768 0.276028986144
6.685 -1.90430544483 0.276475582155
6.69 -1.90292195739 0.276918854969
6.695 -1.90153626154 0.277358973975
6.7 -1.90014837263 0.277796102418
6.705 -1.89875830523 0.278230397609
6.71 -1.89736607312 0.27866201117
6.715 -1.89597168934 0.279091089237
6.72 -1.89457516622 0.279517772598
6.725 -1.89317651538 0.279942197056
6.73 -1.89177574779 0.280364493557
6.735 -1.89037287377 0.280784788398
6.74 -1.88896790303 0.281203203404
6.745 -1.88756084467 0.281619856004
6.75 -1.8861517072 0.282034859545
6.755 -1.8847404986 0.282448323442
6.76 -1.88332722631 0.282860353323
6.765 -1.88191189724 0.283271051196
6.77 -1.88049451782 0.283680515592
6.775 -1.87907509398 0.284088841469
6.78 -1.87765363116 0.28449612056
6.785 -1.87623013437 0.28490244156
6.79 -1.8748046082 0.285307890175
6.795 -1.87337705679 0.285712549244
6.8 -1.87194748389 0.286116498841
6.805 -1.87051589287 0.286519816401
6.81 -1.86908228669 0.286922576814
6.815 -1.86764666795 0.287324852504
6.82 -1.86620903891 0.287726713524
6.825 -1.86476940146 0.288128227639
6.83 -1.86332775716 0.288529460401
6.835 -1.86188410724 0.288930475339
6.84 -1.86043845267 0.289331334209
6.845 -1.85899079408 0.28973209668
6.85 -1.8575411318 0.290132820546
6.855 -1.85608946588 0.290533561806
6.86 -1.8546357961 0.290934374719
6.865 -1.85318012194 0.291335311905
6.87 -1.85172244268 0.29173642466
6.875 -1.85026275732 0.292137762651
6.88 -1.84880106461 0.292539374056
6.885 -1.84733736307 0.292941305642
6.89 -1.84587165098 0.293343602812
6.895 -1.84440392638 0.29374630966
6.9 -1.84293418712 0.29414946924
6.905 -1.84146243086 0.29455312339
6.91 -1.83998865501 0.294957312753
6.915 -1.83851285679 0.295362076869
6.92 -1.83703503324 0.295767454218
6.925 -1.83555518118 0.296173482249
6.93 -1.83407329727 0.296580197551
6.935 -1.832589378 0.296987635845
6.94 -1.83110341965 0.297395831888
6.945 -1.82961541837 0.297804819586
6.95 -1.8281253701 0.298214632018
6.955 -1.82663327063 0.298625301467
6.96 -1.8251391156 0.299036859517
6.965 -1.82364290051 0.29944933715
6.97 -1.82214462068 0.299862764558
6.975 -1.82064427128 0.300277171264
6.98 -1.81914184735 0.300692586141
6.985 -1.81763734377 0.301109037441
6.99 -1.81613075527 0.301526552806
6.995 -1.81462207646 0.301945159295
7.0 -1.81311130182 0.302364883681
7.005 -1.81159842571 0.302785752238
7.01 -1.81008344235 0.303207790641
7.015 -1.80856634582 0.303631024101
7.02 -1.80704713009 0.304055477375
7.025 -1.805525789 0.304481174789
7.03 -1.80400231624 0.30490814025
7.035 -1.80247670543 0.305336397291
7.04 -1.80094895006 0.305765969255
7.045 -1.7994190435 0.306196879047
7.05 -1.797886979 0.306629149214
7.055 -1.79635274971 0.307062801983
7.06 -1.79481634865 0.307497859275
7.065 -1.79327776875 0.307934342711
7.07 -1.79173700282 0.308372273629
7.075 -1.79019404356 0.308811673174
7.08 -1.7886488836 0.309252562342
7.085 -1.78710151542 0.309694961809
7.09 -1.78555193144 0.310138892034
7.095 -1.78400012394 0.310584373264
7.1 -1.78244608511 0.311031425551
7.105 -1.78088980705 0.311480068754
7.11 -1.77933128174 0.311930322556
7.115 -1.7777705011 0.312382206585
7.12 -1.77620745692 0.312835740307
7.125 -1.77464214091 0.313290943015
7.13 -1.77307454467 0.313747833876
7.135 -1.77150465973 0.314206431933
7.14 -1.76993247748 0.314666756117
7.145 -1.76835798926 0.315128825256
7.15 -1.76678118628 0.315592658092
7.155 -1.7652020597 0.316058273351
7.16 -1.76362060055 0.316525689647
7.165 -1.76203679977 0.316994925519
7.17 -1.76045064823 0.317465999446
7.175 -1.75886213669 0.317938929853
7.18 -1.75727125582 0.318413735117
7.185 -1.75567799619 0.318890433569
7.19 -1.7540823483 0.319369043584
7.195 -1.75248430254 0.319849583412
7.2 -1.75088384922 0.320332071418
7.205 -1.74928097855 0.320816525876
7.21 -1.74767568066 0.321302965061
7.215 -1.74606794557 0.32179140725
7.22 -1.74445776322 0.322281870723
7.225 -1.74284512346 0.322774373779
7.23 -1.74123001605 0.323268934798
7.235 -1.73961243066 0.32376557216
7.24 -1.73799235686 0.324264304255
7.245 -1.73636978412 0.324765149505
7.25 -1.73474470184 0.325268126367
7.255 -1.73311709931 0.325773253342
7.26 -1.73148696574 0.326280548972
7.265 -1.72985429021 0.326790031852
7.27 -1.72821906176 0.327301720629
7.275 -1.7265812693 0.327815634054
7.28 -1.72494090166 0.328331791031
7.285 -1.72329794758 0.328850210466
7.29 -1.72165239571 0.329370911341
7.295 -1.72000423458 0.329893912725
7.3 -1.71835345264 0.330419233779
7.305 -1.71670003826 0.330946893758
7.31 -1.7150439797 0.331476912021
7.315 -1.71338526511 0.332009308032
7.32 -1.71172388258 0.332544101364
7.325 -1.71005982004 0.333081311643
7.33 -1.70839306536 0.333620958623
7.335 -1.7067236063 0.334163062202
7.34 -1.70505143053 0.3347076424
7.345 -1.70337652562 0.335254719369
7.35 -1.70169887904 0.335804313395
7.355 -1.70001847816 0.336356444899
7.36 -1.69833531024 0.33691113445
7.365 -1.69664936245 0.337468402762
7.37 -1.69496062186 0.338028270671
7.375 -1.69326907537 0.338590759081
7.38 -1.69157470985 0.33915588911
7.385 -1.68987751202 0.339723682044
7.39 -1.68817746851 0.340294159328
7.395 -1.68647456585 0.340867342572
7.4 -1.68476879047 0.341443253555
7.405 -1.68306012867 0.342021914229
7.41 -1.68134856665 0.342603346724
7.415 -1.67963409052 0.343187573349
7.42 -1.67791668622 0.343774616564
7.425 -1.67619633962 0.344364499011
7.43 -1.67447303644 0.344957243543
7.435 -1.67274676233 0.345552873203
7.44 -1.6710175028 0.346151411233
7.445 -1.66928524325 0.346752881073
7.45 -1.66754996898 0.347357306372
7.455 -1.66581166515 0.347964710983
7.46 -1.66407031681 0.348575118972
7.465 -1.66232590889 0.349188554618
7.47 -1.66057842617 0.349805042402
7.475 -1.65882785332 0.350424607034
7.48 -1.65707417489 0.351047273457
7.485 -1.65531737532 0.351673066838
7.49 -1.6535574389 0.352302012579
7.495 -1.65179434981 0.35293413632
7.5 -1.65002809211 0.353569463938
7.505 -1.64825864972 0.354208021556
7.51 -1.64648600643 0.354849835544
7.515 -1.64471014588 0.355494932533
7.52 -1.64293105157 0.356143339418
7.525 -1.64114870689 0.356795083342
7.53 -1.63936309508 0.357450191714
7.535 -1.63757419925 0.358108692209
7.54 -1.63578200237 0.358770612773
7.545 -1.63398648728 0.359435981627
7.55 -1.63218763667 0.360104827272
7.555 -1.6303854331 0.360777178491
7.56 -1.62857985896 0.361453064355
7.565 -1.6267708965 0.362132514277
7.57 -1.6249585278 0.362815557945
7.575 -1.62314273483 0.363502225339
7.58 -1.62132349939 0.364192546744
7.585 -1.61950080313 0.364886552756
7.59 -1.61767462757 0.365584274283
7.595 -1.61584495404 0.366285742553
7.6 -1.61401176375 0.366990989113
7.605 -1.61217503774 0.367700045839
7.61 -1.61033475686 0.36841294496
7.615 -1.60849090181 0.369129719101
7.62 -1.60664345312 0.369850401178
7.625 -1.60479239116 0.370575024456
7.63 -1.60293769616 0.371303622553
7.635 -1.60107934815 0.372036229442
7.64 -1.59921732701 0.372772879459
7.645 -1.59735161245 0.373513607306
7.65 -1.59548218399 0.374258448053
7.655 -1.59360902099 0.375007437149
7.66 -1.59173210262 0.375760610503
7.665 -1.58985140782 0.376518004413
7.67 -1.58796691542 0.377279655536
7.675 -1.58607860402 0.378045600927
7.68 -1.58418645208 0.378815878048
7.685 -1.58229043783 0.379590524774
7.69 -1.58039053935 0.380369579393
7.695 -1.57848673451 0.381153080615
7.7 -1.57657900098 0.381941067578
7.705 -1.57466731624 0.38273357987
7.71 -1.57275165754 0.383530657638
7.715 -1.57083200194 0.38433234141
7.72 -1.5689083263 0.385138672154
7.725 -1.56698060729 0.385949691299
7.73 -1.56504882137 0.386765440744
7.735 -1.56311294478 0.387585962858
7.74 -1.56117295356 0.388411300493
7.745 -1.55922882354 0.389241496981
7.75 -1.55728053033 0.390076596149
7.755 -1.55532804928 0.390916642454
7.76 -1.55337135554 0.391761680755
7.765 -1.55141042402 0.392611756565
7.77 -1.5494452294 0.393466915823
7.775 -1.54747574617 0.394327205003
7.78 -1.54550194856 0.395192671118
7.785 -1.54352381058 0.396063361729
7.79 -1.54154130599 0.396939324952
7.795 -1.53955440832 0.397820609458
7.8 -1.53756309087 0.398707264498
7.805 -1.53556732659 0.39959934012
7.81 -1.53356708823 0.400496886882
7.815 -1.53156234831 0.401399955875
7.82 -1.52955307909 0.402308598798
7.825 -1.52753925257 0.403222867964
7.83 -1.52552084049 0.404142816314
7.835 -1.52349781434 0.405068497419
7.84 -1.52147014531 0.405999965492
7.845 -1.51943780436 0.406937275396
7.85 -1.51740076216 0.407880482652
7.855 -1.51535898909 0.408829643448
7.86 -1.51331245527 0.409784814649
7.865 -1.51126113054 0.410746053804
7.87 -1.5092049844 0.411713419324
7.875 -1.507143986 0.412686970524
7.88 -1.50507810427 0.413666767231
7.885 -1.50300730782 0.414652870012
7.89 -1.50093156498 0.415645340192
7.895 -1.49885084375 0.416644239866
7.9 -1.49676511183 0.417649631912
7.905 -1.4946743366 0.418661580001
7.91 -1.4925784851 0.419680148612
7.915 -1.49047752407 0.420705403042
7.92 -1.48837141991 0.42173740942
7.925 -1.48626013868 0.422776234722
7.93 -1.48414364611 0.42382194678
7.935 -1.4820219076 0.424874614288
7.94 -1.4798948882 0.425934306744
7.945 -1.47776255263 0.427001094581
7.95 -1.47562486524 0.428075049158
7.955 -1.47348179 0.429156242754
7.96 -1.47133329055 0.430244748584
7.965 -1.46917933013 0.431340640809
7.97 -1.46701987163 0.432443994557
7.975 -1.46485487754 0.433554885931
7.98 -1.46268431 0.434673392028
7.985 -1.46050813073 0.43579959095
7.99 -1.45832630108 0.436933561823
7.995 -1.45613878198 0.438075384808
8.0 -1.45394553399 0.43922514112
8.005 -1.45174651721 0.440382913162
8.01 -1.44954169134 0.441548784484
8.015 -1.44733101567 0.442722839638
8.02 -1.44511444906 0.443905164308
8.025 -1.44289194996 0.445095845322
8.03 -1.44066347635 0.446294970671
8.035 -1.4384289858 0.447502629527
8.04 -1.43618843542 0.448718912263
8.045 -1.43394178187 0.449943910467
8.05 -1.43168898134 0.451177716961
8.055 -1.42942998957 0.452420425825
8.06 -1.42716476183 0.453672132407
8.065 -1.4248932529 0.45493293335
8.07 -1.42261541707 0.456202926675
8.075 -1.42033120806 0.457482212072
8.08 -1.41804057916 0.45877089038
8.085 -1.41574348313 0.460069063785
8.09 -1.41343987225 0.461376835891
8.095 -1.41112969826 0.462694311738
8.1 -1.40881291238 0.464021597831
8.105 -1.4064894653 0.465358802153
8.11 -1.40415930715 0.4667060342
8.115 -1.40182238754 0.468063404992
8.12 -1.3994786555 0.469431027109
8.125 -1.39712805952 0.470809014705
8.13 -1.39477054751 0.472197483537
8.135 -1.39240606679 0.473596550994
8.14 -1.39003456401 0.475006336474
8.145 -1.38765598523 0.476426961078
8.15 -1.38527027594 0.477858547436
8.155 -1.38287738101 0.479301219938
8.16 -1.3804772447 0.480755104761
8.165 -1.37806981064 0.4822203299
8.17 -1.3756550218 0.483697025195
8.175 -1.37323282052 0.485185322361
8.18 -1.37080314845 0.486685355018
8.185 -1.36836594661 0.488197258724
8.19 -1.3659211553 0.489721171001
8.195 -1.36346871418 0.491257231367
8.2 -1.36100856217 0.492805581371
8.205 -1.35854063747 0.494366364816
8.21 -1.35606487743 0.495939728159
8.215 -1.35358121876 0.497525819568
8.22 -1.35108959745 0.499124789374
8.225 -1.34858994872 0.500736790146
8.23 -1.34608220703 0.502361976731
8.235 -1.34356630608 0.504000506289
8.24 -1.34104217875 0.505652538334
8.245 -1.33850975714 0.507318234774
8.25 -1.33596897254 0.508997759946
8.255 -1.33341975542 0.510691280659
8.26 -1.33086203541 0.512398966232
8.265 -1.3282957413 0.514120988539
8.27 -1.32572080101 0.515857522073
8.275 -1.32313714142 0.517608744764
8.28 -1.32054468855 0.519374837052
8.285 -1.31794336759 0.521155981861
8.29 -1.31533310282 0.522952364942
8.295 -1.31271381758 0.52476417492
8.3 -1.31008543425 0.526591603343
8.305 -1.30744787428 0.528434844732
8.31 -1.30480105812 0.530294096629
8.315 -1.30214490523 0.532169559653
8.32 -1.2994793341 0.53406143755
8.325 -1.29680426216 0.535969937242
8.33 -1.29411960583 0.537895268886
8.335 -1.29142528049 0.539837645923
8.34 -1.28872120033 0.541797285636
8.345 -1.28600727828 0.54377440953
8.35 -1.28328342634 0.545769241816
8.355 -1.28054955539 0.547782010266
8.36 -1.27780557519 0.549812946305
8.365 -1.27505139431 0.551862285076
8.37 -1.27228692015 0.553930265506
8.375 -1.26951205892 0.556017130371
8.38 -1.2667267156 0.558123126365
8.385 -1.26393079395 0.560248504165
8.39 -1.26112419647 0.562393518506
8.395 -1.2583068244 0.564558428241
8.4 -1.25547857768 0.566743496423
8.405 -1.25263935492 0.56894899047
8.41 -1.24978905313 0.571175183409
8.415 -1.24692756805 0.573422352283
8.42 -1.2440547941 0.575690778457
8.425 -1.24117062427 0.577980747996
8.43 -1.23827495012 0.580292551754
8.435 -1.23536766173 0.582626485466
8.44 -1.23244864772 0.584982849841
8.445 -1.22951779517 0.58736195065
8.45 -1.22657498962 0.589764098827
8.455 -1.22362011508 0.592189610559
8.46 -1.22065305394 0.594638807418
8.465 -1.21767368687 0.597112016839
8.47 -1.21468189297 0.599609571688
8.475 -1.21167754964 0.602131810429
8.48 -1.20866053261 0.604679077326
8.485 -1.20563071588 0.607251722556
8.49 -1.20258797168 0.609850102315
8.495 -1.19953217047 0.612474578935
8.5 -1.19646318087 0.615125520992
8.505 -1.19338086967 0.617803303424
8.51 -1.1902851018 0.620508307646
8.515 -1.18717574025 0.623240921768
8.52 -1.18405264578 0.626001542063
8.525 -1.18091567727 0.62879057125
8.53 -1.17776469166 0.631608418786
8.535 -1.17459954382 0.634455501371
8.54 -1.17142008651 0.637332243088
8.545 -1.16822617039 0.640239075555
8.55 -1.16501764394 0.643176438059
8.555 -1.16179435341 0.646144777713
8.56 -1.15855614286 0.649144549597
8.565 -1.15530285404 0.652176216919
8.57 -1.15203432638 0.655240251248
8.575 -1.14875039662 0.658337133986
8.58 -1.14545089921 0.661467354785
8.585 -1.1421356662 0.664631411813
8.59 -1.13880452716 0.667829812307
8.595 -1.13545730908 0.671063072758
8.6 -1.13209383638 0.674331719089
8.605 -1.12871393083 0.677636286842
8.61 -1.12531741151 0.680977321367
8.615 -1.12190409476 0.68435537801
8.62 -1.11847379418 0.687771022307
8.625 -1.11502632047 0.691224830289
8.63 -1.11156148109 0.694717390509
8.635 -1.10807908066 0.698249301876
8.64 -1.10457892088 0.701821173937
8.645 -1.10106080041 0.705433627654
8.65 -1.09752451477 0.709087295637
8.655 -1.09396985631 0.712782822377
8.66 -1.09039661414 0.716520864482
8.665 -1.08680457409 0.720302090921
8.67 -1.08319351862 0.724127183267
8.675 -1.07956322681 0.727996835945
8.68 -1.07591347423 0.731911756577
8.685 -1.07224403249 0.735872668116
8.69 -1.06855466969 0.739880306926
8.695 -1.06484515031 0.743935422985
8.7 -1.06111523505 0.748038780746
8.705 -1.05736468076 0.752191159441
8.71 -1.05359324035 0.756393353393
8.715 -1.04980066274 0.760646172333
8.72 -1.04598669276 0.764950441721
8.725 -1.04215107109 0.769307003082
8.73 -1.03829353407 0.77371671484
8.735 -1.03441381368 0.778180452215
8.74 -1.03051163757 0.782699107359
8.745 -1.02658672888 0.787273589937
8.75 -1.02263880619 0.79190482749
8.755 -1.01866758341 0.796593765802
8.76 -1.0146727697 0.80134136928
8.765 -1.01065406937 0.806148621335
8.77 -1.00661118182 0.811016524766
8.775 -1.00254380112 0.815946103552
8.78 -0.998451616068 0.820938402608
8.785 -0.994334310393 0.825994486749
8.79 -0.990191562471 0.831115442098
8.795 -0.9860230452 0.836302376534
8.8 -0.981828425905 0.84155642015
8.805 -0.977607366227 0.846878725721
8.81 -0.973359522015 0.852270469174
8.815 -0.969084543216 0.857732850072
8.82 -0.964782073535 0.863267092952
8.825 -0.960451750273 0.868874448004
8.83 -0.956093204679 0.874556189827
8.835 -0.951706061579 0.88031361889
8.84 -0.947289939245 0.886148062086
8.845 -0.942844449272 0.892060873291
8.85 -0.938369196441 0.898053433925
8.855 -0.933863778594 0.904127153525
8.86 -0.929327786493 0.910283470328
8.865 -0.924760803496 0.916523852535
8.87 -0.920162405185 0.922849799708
8.875 -0.915532159892 0.929262841063
8.88 -0.910869628259 0.935764537138
8.885 -0.906174363059 0.942356480509
8.89 -0.901445909049 0.949040296459
8.895 -0.896683802808 0.95581764365
8.9 -0.891887572578 0.962690214812
8.905 -0.887056738098 0.969659737442
8.91 -0.882190810288 0.97672797489
8.915 -0.87728929066 0.983896728099
8.92 -0.872351671995 0.991167834266
8.925 -0.867377437851 0.998543168359
8.93 -0.862366062336 1.006024644
8.935 -0.857317009915 1.01361421424
8.94 -0.852229735225 1.02131387239
8.945 -0.847103682875 1.02912565277
8.95 -0.841938287253 1.03705163161
8.955 -0.836732972217 1.04509392785
8.96 -0.831487150355 1.05325470442
8.965 -0.826200223661 1.06153616848
8.97 -0.820871583077 1.06994057244
8.975 -0.815500608187 1.07847021494
8.98 -0.810086666989 1.08712744173
8.985 -0.804629115667 1.09591464656
8.99 -0.799127298356 1.1048342721
8.995 -0.793580546907 1.11388881091
9.0 -0.787988180589 1.12308080617
9.005 -0.782349505288 1.13241285074
9.01 -0.776663814019 1.1418875907
9.015 -0.770930386567 1.151507726
9.02 -0.765148489095 1.16127601094
9.025 -0.759317373877 1.17119525518
9.03 -0.753436279024 1.18126832466
9.035 -0.747504428207 1.19149814267
9.04 -0.741521030378 1.20188769077
9.045 -0.735485279471 1.21244000965
9.05 -0.729396353812 1.22315819528
9.055 -0.723253416112 1.23404540453
9.06 -0.717055613213 1.2451048569
9.065 -0.710802075686 1.25633983392
9.07 -0.704491917513 1.26775368002
9.075 -0.698124235766 1.27934980344
9.08 -0.691698110283 1.291131677
9.085 -0.685212603586 1.30310283572
9.09 -0.6786667604 1.31526687949
9.095 -0.672059607161 1.32762747613
9.1 -0.665390151797 1.34018836042
9.105 -0.65865738339 1.3529533349
9.11 -0.651860271835 1.36592627049
9.115 -0.644997767492 1.37911110723
9.12 -0.638068800931 1.39251184828
9.125 -0.631072282599 1.40613255945
9.13 -0.624007102301 1.41997738072
9.135 -0.616872128927 1.4340505212
9.14 -0.609666210099 1.44835625948
9.145 -0.602388171823 1.46289894397
9.15 -0.595036818446 1.47768298297
9.155 -0.587610932187 1.49271284903
9.16 -0.580109272585 1.50799308578
9.165 -0.57253057629 1.52352830364
9.17 -0.564873556741 1.53932317837
9.175 -0.55713690396 1.55538243786
9.18 -0.549319284079 1.57171087564
9.185 -0.541419339016 1.588313349
9.19 -0.533435686166 1.60519477639
9.195 -0.525366918252 1.62236013025
9.2 -0.517211603419 1.63981442143
9.205 -0.508968284317 1.65756271901
9.21 -0.500635478009 1.67561014147
9.215 -0.49221167595 1.69396184862
9.22 -0.483695344044 1.71262303262
9.225 -0.475084921759 1.73159892808
9.23 -0.4663788221 1.75089480457
9.235 -0.457575431972 1.77051595016
9.24 -0.448673112234 1.79046766161
9.245 -0.439670196604 1.8107552605
9.25 -0.430564991852 1.83138408032
9.255 -0.421355778755 1.85235944161
9.26 -0.412040811882 1.87368664804
9.265 -0.402618318508 1.89537099857
9.27 -0.393086499041 1.91741777194
9.275 -0.383443528767 1.93983218961
9.28 -0.37368755711 1.96261942077
9.285 -0.363816706768 1.9857845893
9.29 -0.353829074411 2.0093327545
9.295 -0.343722733088 2.03326886589
9.3 -0.333495731414 2.05759776816
9.305 -0.323146093273 2.08232419825
9.31 -0.312671819671 2.10745275115
9.315 -0.302070889186 2.13298786545
9.32 -0.291341257645 2.15893381931
9.325 -0.280480860302 2.18529469188
9.33 -0.269487613801 2.21207432757
9.335 -0.258359414648 2.23927634958
9.34 -0.247094141753 2.26690411724
9.345 -0.235689659873 2.29496067288
9.35 -0.224143817706 2.32344875711
9.355 -0.212454450443 2.35237076746
9.36 -0.200619384687 2.38172868809
9.365 -0.188636436643 2.41152410247
9.37 -0.176503414421 2.44175815574
9.375 -0.164218124319 2.47243147125
9.38 -0.151778369908 2.5035441503
9.385 -0.139181953686 2.53509574239
9.39 -0.126426684366 2.56708515383
9.395 -0.113510378011 2.59951062335
9.4 -0.100430858547 2.63236970414
9.405 -0.0871859655856 2.66565917079
9.41 -0.0737735589579 2.69937495978
9.415 -0.0601915174684 2.73351216732
9.42 -0.046437747099 2.76806495636
9.425 -0.0325101893307 2.80302646426
9.43 -0.0184068188166 2.83838880604
9.435 -0.00412565112863 2.87414298944
9.44 0.0103352449396 2.91027879602
9.445 0.0249777496413 2.94678477638
9.45 0.0398036843431 2.98364816546
9.455 0.0548148024833 3.02085479961
9.46 0.0700127808205 3.05838903388
9.465 0.0853992143706 3.09623366726
9.47 0.100975606715 3.13436985404
9.475 0.116743365106 3.17277707671
9.48 0.132703790733 3.21143305019
9.485 0.148858068687 3.2503136259
9.49 0.165207257641 3.28939271457
9.495 0.181752280352 3.328642207
9.5 0.198493913913 3.36803189515
9.505 0.215432779359 3.40752942349
9.51 0.232569330505 3.44710020749
9.515 0.249903842263 3.48670734653
9.52 0.267436399334 3.52631158451
9.525 0.28516688412 3.56587124248
9.53 0.303094964183 3.60534214647
9.535 0.321220080261 3.64467761267
9.54 0.339541433297 3.68382839976
9.545 0.358057970889 3.72274265015
9.55 0.376768375462 3.76136591
9.555 0.395671050899 3.79964111287
9.56 0.414764108123 3.83750854584
9.565 0.434045353789 3.87490591286
9.57 0.453512277117 3.9117683622
9.575 0.473162035185 3.94802848846
9.58 0.492991442896 3.98361644865
9.585 0.512996960824 4.01846004615
9.59 0.533174680733 4.05248478147
9.595 0.553520317633 4.08561402852
9.6 0.574029199645 4.11776918662
9.605 0.594696254579 4.14886979398
9.61 0.615516004969 4.17883376862
9.615 0.636482561138 4.20757763599
9.62 0.657589609811 4.23501671949
9.625 0.678830413088 4.26106544534
9.63 0.700197805919 4.28563764718
9.635 0.721684187983 4.3086468459
9.64 0.743281527478 4.33000661178
9.645 0.76498136417 4.34963093751
9.65 0.786774805913 4.36743461603
9.655 0.80865253803 4.38333364518
9.66 0.830604832803 4.39724564944
9.665 0.852621552163 4.40909035683
9.67 0.87469216313 4.41879002343
9.675 0.896805754214 4.42626987249
9.68 0.918951045735 4.43145866001
9.685 0.941116411101 4.43428910304
9.69 0.963289900402 4.43469828565
9.695 0.985459260975 4.43262823511
9.7 1.00761196276 4.42802632401
9.705 1.02973522662 4.42084576699
9.71 1.05181605484 4.41104603634
9.715 1.07384126391 4.39859318771
9.72 1.0957975188 4.38346036035
9.725 1.11767136711 4.36562800635
9.73 1.1394492783 4.34508425806
9.735 1.16111768271 4.32182518939
9.74 1.18266300964 4.2958549457
9.745 1.20407173224 4.26718602028
9.75 1.22533040482 4.23583925677
9.755 1.24642570789 4.20184394939
9.76 1.26734449073 4.16523784388
9.765 1.28807380927 4.12606700452
9.77 1.308600974 4.08438575727
9.775 1.32891358443 4.04025644903
9.78 1.34899957219 3.99374921134
9.785 1.36884724021 3.94494166168
9.79 1.38844529377 3.89391853196
9.795 1.40778288257 3.84077124487
9.8 1.42684962674 3.78559748229
9.805 1.44563564975 3.72850065245
9.81 1.46413160716 3.66958934078
9.815 1.48232870618 3.60897679558
9.82 1.5002187333 3.54678022688
9.825 1.51779406839 3.48312028425
9.83 1.53504770166 3.41812036677
9.835 1.55197324706 3.35190595085
9.84 1.56856494839 3.28460405847
9.845 1.58481768781 3.21634246389
9.85 1.600726987 3.14724919129
9.855 1.61628900668 3.07745184753
9.86 1.63150054343 3.00707698707
9.865 1.64635902337 2.93624966859
9.87 1.6608624919 2.86509277385
9.875 1.67500960347 2.79372661138
9.88 1.68879960631 2.72226841882
9.885 1.70223232525 2.65083189807
9.89 1.71530814619 2.57952691889
9.895 1.72802799166 2.50845908975
9.9 1.74039330252 2.43772951382
9.905 1.75240601333 2.3674345271
9.91 1.76406852623 2.29766546832
9.915 1.77538369004 2.22850853987
9.92 1.78635476886 2.16004466625
9.925 1.7969854194 2.09234940802
9.93 1.80727966296 2.02549292106
9.935 1.81724185621 1.95953995016
9.94 1.82687666868 1.89454982475
9.945 1.83618905097 1.83057655153
9.95 1.84518421144 1.76766886079
9.955 1.85386758964 1.70587032345
9.96 1.86224482879 1.64521950538
9.965 1.87032175459 1.58575005979
9.97 1.87810434774 1.52749095847
9.975 1.88559872288 1.47046662783
9.98 1.89281110624 1.41469714851
9.985 1.89974781307 1.36019849131
9.99 1.90641522962 1.30698266502
9.995 1.91281979214 1.2550579942
