0.0 -3.0 -2.0
0.005 -3.00947881408 -1.79472503266
0.01 -3.01797802951 -1.60791738105
0.015 -3.02558637992 -1.4381461092
0.02 -3.03238560521 -1.28404576288
0.025 -3.03845079614 -1.1443232098
0.03 -3.04385076779 -1.01776166582
0.035 -3.04864844603 -0.903222572811
0.04 -3.0529012639 -0.799645692982
0.045 -3.05666153779 -0.706048037783
0.05 -3.05997686494 -0.621521360674
0.055 -3.06289047848 -0.545229385975
0.06 -3.06544160371 -0.476404220198
0.065 -3.0676657919 -0.414342516053
0.07 -3.06959522922 -0.358401513556
0.075 -3.07125903026 -0.307994972897
0.08 -3.07268350979 -0.262589146667
0.085 -3.07389244333 -0.221698714203
0.09 -3.07490728631 -0.184883171065
0.095 -3.07574739851 -0.151743051832
0.1 -3.07643023747 -0.121916536441
0.105 -3.07697153881 -0.0950762120668
0.11 -3.07738548154 -0.0709260399357
0.115 -3.07768483598 -0.0491985751748
0.12 -3.0778811016 -0.0296523474761
0.125 -3.07798463059 -0.0120694703267
0.13 -3.07800474003 0.00374655667717
0.135 -3.07794981363 0.0179728644909
0.14 -3.07782739407 0.0307690596545
0.145 -3.07764426643 0.0422789079523
0.15 -3.07740653284 0.0526318557163
0.155 -3.07711968157 0.0619444373938
0.16 -3.07678864739 0.0703215236797
0.165 -3.07641786793 0.0778574824313
0.17 -3.0760113328 0.0846372039702
0.175 -3.07557262884 0.0907370430155
0.18 -3.07510498089 0.0962256726673
0.185 -3.07461128774 0.101164839852
0.19 -3.07409415556 0.10561006875
0.195 -3.073555927 0.109611276077
0.2 -3.07299870793 0.11321333581
0.205 -3.07242439155 0.116456590168
0.21 -3.07183467943 0.119377296386
0.215 -3.07123110135 0.122008048631
0.22 -3.07061503288 0.124378150446
0.225 -3.06998771006 0.126513929815
0.23 -3.06935024445 0.128439057532
0.235 -3.06870363502 0.130174802892
0.24 -3.06804878007 0.131740286617
0.245 -3.06738648716 0.133152693273
0.25 -3.06671748243 0.134427470136
0.255 -3.06604241865 0.135578499922
0.26 -3.0653618828 0.136618261437
0.265 -3.0646764027 0.137557972414
0.27 -3.06398645295 0.138407715919
0.275 -3.06329246032 0.139176555868
0.28 -3.0625948086 0.139872639968
0.285 -3.06189384293 0.140503292916
0.29 -3.0611898737 0.141075099547
0.295 -3.0604831801 0.141593980566
0.3 -3.0597740132 0.142065258482
0.305 -3.05906259885 0.14249371899
0.31 -3.05834914016 0.142883664998
0.315 -3.0576338199 0.143238966519
0.32 -3.05691680242 0.143563102728
0.325 -3.05619823559 0.143859202685
0.33 -3.05547825246 0.144130080704
0.335 -3.05475697264 0.144378266534
0.34 -3.05403450384 0.144606036955
0.345 -3.0533109429 0.144815438883
0.35 -3.052586377 0.145008314209
0.355 -3.05186088455 0.145186319335
0.36 -3.05113453611 0.145350944477
0.365 -3.05040739518 0.145503530322
0.37 -3.04967951887 0.145645282784
0.375 -3.0489509586 0.145777287324
0.38 -3.04822176063 0.145900520258
0.385 -3.04749196659 0.146015860575
0.39 -3.04676161389 0.146124097837
0.395 -3.04603073626 0.146225944286
0.4 -3.04529936403 0.146322039972
0.405 -3.04456752449 0.146412961301
0.41 -3.04383524218 0.146499227173
0.415 -3.0431025392 0.14658130406
0.42 -3.04236943543 0.14665961268
0.425 -3.04163594873 0.146734530926
0.43 -3.0409020952 0.146806399619
0.435 -3.04016788931 0.146875525399
0.44 -3.03943334406 0.146942184294
0.445 -3.03869847116 0.147006625058
0.45 -3.03796328114 0.147069071295
0.455 -3.03722778344 0.147129724757
0.46 -3.03649198658 0.147188766897
0.465 -3.03575589819 0.147246361431
0.47 -3.03501952516 0.147302655597
0.475 -3.03428287361 0.147357781423
0.48 -3.03354594907 0.147411858459
0.485 -3.03280875655 0.147464994572
0.49 -3.0320713005 0.147517287146
0.495 -3.0313335849 0.147568822993
0.5 -3.03059561334 0.147619681097
0.505 -3.02985738907 0.147669932986
0.51 -3.02911891492 0.147719641744
0.515 -3.02838019346 0.147768865141
0.52 -3.02764122699 0.147817655296
0.525 -3.02690201755 0.14786605849
0.53 -3.02616256697 0.147914117238
0.535 -3.02542287689 0.147961869634
0.54 -3.02468294873 0.148009349622
0.545 -3.02394278379 0.148056588395
0.55 -3.02320238319 0.148103613606
0.555 -3.02246174794 0.148150450173
0.56 -3.02172087893 0.148197121142
0.565 -3.02097977696 0.1482436473
0.57 -3.02023844268 0.148290046465
0.575 -3.01949687669 0.148336335319
0.58 -3.0187550795 0.148382529138
0.585 -3.01801305155 0.14842864118
0.59 -3.01727079321 0.148474683545
0.595 -3.01652830482 0.148520667432
0.6 -3.01578558663 0.148566602823
0.605 -3.01504263886 0.148612498488
0.61 -3.01429946169 0.148658362646
0.615 -3.01355605527 0.1487042028
0.62 -3.0128124197 0.148750025361
0.625 -3.01206855504 0.148795836277
0.63 -3.01132446136 0.148841641237
0.635 -3.01058013864 0.148887444478
0.64 -3.00983558691 0.148933250867
0.645 -3.00909080612 0.148979064321
0.65 -3.00834579624 0.149024888437
0.655 -3.00760055721 0.149070726345
0.66 -3.00685508894 0.149116581063
0.665 -3.00610939136 0.149162455357
0.67 -3.00536346435 0.149208351735
0.675 -3.00461730782 0.149254272374
0.68 -3.00387092162 0.149300219199
0.685 -3.00312430562 0.149346193882
0.69 -3.00237745967 0.149392197827
0.695 -3.00163038361 0.14943823252
0.7 -3.0008830773 0.149484299566
0.705 -3.00013554057 0.149530400135
0.71 -2.99938777325 0.149576535224
0.715 -2.99863977515 0.149622705731
0.72 -2.9978915461 0.149668912803
0.725 -2.99714308593 0.149715157327
0.73 -2.99639439445 0.149761440046
0.735 -2.99564547151 0.14980776268
0.74 -2.99489631677 0.149854123033
0.745 -2.99414693016 0.149900523941
0.75 -2.99339731144 0.149946965684
0.755 -2.99264746043 0.149993448543
0.76 -2.99189737689 0.150039972848
0.765 -2.99114706062 0.15008653906
0.77 -2.99039651141 0.150133147535
0.775 -2.98964572905 0.150179798624
0.78 -2.98889471333 0.150226492676
0.785 -2.98814346403 0.150273230035
0.79 -2.98739198094 0.150320010915
0.795 -2.98664026382 0.150366835562
0.8 -2.98588831248 0.150413704263
0.805 -2.98513612668 0.150460617306
0.81 -2.98438370621 0.150507574979
0.815 -2.98363105085 0.150554577473
0.82 -2.98287816037 0.150601624806
0.825 -2.98212503454 0.150648717156
0.83 -2.98137167313 0.150695854704
0.835 -2.98061807592 0.150743037632
0.84 -2.97986423753 0.15079026924
0.845 -2.97911017051 0.150837541868
0.85 -2.97835586605 0.150884860818
0.855 -2.97760132416 0.150932226089
0.86 -2.97684654483 0.150979637683
0.865 -2.97609152808 0.151027095598
0.87 -2.97533627363 0.15107459993
0.875 -2.97458078108 0.151122150836
0.88 -2.97382505042 0.151169748319
0.885 -2.97306908165 0.151217392378
0.89 -2.97231287477 0.151265083013
0.895 -2.97155642976 0.151312820227
0.9 -2.97079974587 0.151360604369
0.905 -2.9700428225 0.151408435697
0.91 -2.96928565967 0.151456314211
0.915 -2.96852825737 0.15150423991
0.92 -2.9677706156 0.151552212796
0.925 -2.96701273431 0.151600232893
0.93 -2.96625461251 0.151648300607
0.935 -2.96549624988 0.15169641608
0.94 -2.96473764641 0.151744579313
0.945 -2.96397880209 0.151792790306
0.95 -2.96321971694 0.151841049057
0.955 -2.96246039076 0.151889355636
0.96 -2.96170082243 0.151937710426
0.965 -2.96094101177 0.151986113489
0.97 -2.96018095878 0.152034564825
0.975 -2.95942066347 0.152083064434
0.98 -2.95866012584 0.152131612316
0.985 -2.95789934588 0.152180208471
0.99 -2.95713832291 0.152228853143
0.995 -2.95637705602 0.152277546661
1.0 -2.95561554521 0.152326289026
1.005 -2.95485379047 0.152375080238
1.01 -2.9540917918 0.152423920298
1.015 -2.95332954921 0.152472809205
1.02 -2.95256706261 0.152521746991
1.025 -2.95180433082 0.152570734065
1.03 -2.95104135349 0.152619770553
1.035 -2.95027813062 0.152668856455
1.04 -2.9495146622 0.152717991771
1.045 -2.94875094824 0.152767176501
1.05 -2.94798698873 0.152816410645
1.055 -2.94722278322 0.152865694358
1.06 -2.94645833055 0.152915028029
1.065 -2.94569363067 0.152964411675
1.07 -2.94492868357 0.153013845297
1.075 -2.94416348926 0.153063328894
1.08 -2.94339804774 0.153112862467
1.085 -2.94263235901 0.153162446016
1.09 -2.94186642236 0.15321207978
1.095 -2.9411002368 0.153261764113
1.1 -2.9403338023 0.153311499016
1.105 -2.93956711886 0.153361284491
1.11 -2.93880018649 0.153411120537
1.115 -2.93803300519 0.153461007154
1.12 -2.93726557495 0.153510944344
1.125 -2.93649789482 0.153560932435
1.13 -2.93572996401 0.153610971701
1.135 -2.93496178253 0.153661062139
1.14 -2.93419335037 0.153711203751
1.145 -2.93342466754 0.153761396536
1.15 -2.93265573403 0.153811640495
1.155 -2.93188654981 0.153861935639
1.16 -2.9311171137 0.153912282374
1.165 -2.93034742513 0.15396268089
1.17 -2.92957748411 0.154013131187
1.175 -2.92880729064 0.154063633266
1.18 -2.92803684471 0.154114187126
1.185 -2.92726614633 0.154164792768
1.19 -2.92649519544 0.154215450209
1.195 -2.92572399082 0.154266159878
1.2 -2.92495253193 0.15431692196
1.205 -2.92418081877 0.154367736457
1.21 -2.92340885134 0.154418603367
1.215 -2.92263662963 0.154469522692
1.22 -2.92186415366 0.15452049443
1.225 -2.92109142336 0.154571518605
1.23 -2.92031843745 0.154622595659
1.235 -2.91954519543 0.15467372577
1.24 -2.91877169731 0.154724908936
1.245 -2.91799794307 0.154776145159
1.25 -2.91722393273 0.154827434437
1.255 -2.91644966628 0.15487877677
1.26 -2.91567514364 0.154930172187
1.265 -2.9149003635 0.154981621146
1.27 -2.91412532537 0.155033123811
1.275 -2.91335002927 0.155084680184
1.28 -2.91257447518 0.155136290263
1.285 -2.91179866312 0.155187954049
1.29 -2.91102259307 0.155239671542
1.295 -2.91024626499 0.155291442761
1.3 -2.90946967759 0.155343268162
1.305 -2.90869283029 0.155395147943
1.31 -2.90791572311 0.155447082102
1.315 -2.90713835605 0.15549907064
1.32 -2.9063607291 0.155551113558
1.325 -2.90558284226 0.155603210855
1.33 -2.90480469551 0.155655362542
1.335 -2.90402628758 0.155707569062
1.34 -2.90324761784 0.155759830645
1.345 -2.90246868628 0.15581214729
1.35 -2.90168949291 0.155864518997
1.355 -2.90091003772 0.155916945766
1.36 -2.90013032071 0.155969427597
1.365 -2.89935034188 0.156021964496
1.37 -2.8985701 0.156074556888
1.375 -2.89778959435 0.156127205036
1.38 -2.89700882491 0.15617990894
1.385 -2.89622779169 0.156232668601
1.39 -2.89544649469 0.156285484018
1.395 -2.89466493391 0.156338355191
1.4 -2.89388310934 0.156391282121
1.405 -2.89310102001 0.156444265157
1.41 -2.8923186649 0.156497304668
1.415 -2.891536044 0.156550400653
1.42 -2.89075315732 0.156603553112
1.425 -2.88997000485 0.156656762045
1.43 -2.8891865866 0.156710027452
1.435 -2.88840290256 0.156763349333
1.44 -2.887618952 0.156816727951
1.445 -2.88683473366 0.156870163763
1.45 -2.88605024749 0.15692365678
1.455 -2.88526549352 0.156977206999
1.46 -2.88448047173 0.157030814422
1.465 -2.88369518212 0.157084479049
1.47 -2.8829096247 0.157138200879
1.475 -2.88212379895 0.157191980098
1.48 -2.8813377034 0.157245817231
1.485 -2.88055133797 0.157299712309
1.49 -2.87976470265 0.157353665331
1.495 -2.87897779745 0.157407676299
1.5 -2.87819062237 0.157461745212
1.505 -2.8774031774 0.15751587207
1.51 -2.87661546231 0.157570056959
1.515 -2.87582747552 0.157624300454
1.52 -2.87503921674 0.157678602663
1.525 -2.87425068596 0.157732963585
1.53 -2.87346188319 0.157787383219
1.535 -2.87267280843 0.157841861567
1.54 -2.87188346167 0.157896398627
1.545 -2.87109384286 0.157950994423
1.55 -2.87030395053 0.158005649486
1.555 -2.86951378407 0.158060364044
1.56 -2.86872334348 0.158115138094
1.565 -2.86793262876 0.158169971638
1.57 -2.86714163991 0.158224864676
1.575 -2.86635037692 0.158279817207
1.58 -2.86555883981 0.158334829232
1.585 -2.86476702746 0.158389901152
1.59 -2.8639749388 0.158445033359
1.595 -2.86318257383 0.158500225854
1.6 -2.86238993254 0.158555478636
1.605 -2.86159701494 0.158610791706
1.61 -2.86080382103 0.158666165063
1.615 -2.86001035081 0.158721598708
1.62 -2.85921660376 0.158777092827
1.625 -2.8584225783 0.158832648013
1.63 -2.85762827431 0.158888264309
1.635 -2.85683369177 0.158943941716
1.64 -2.8560388307 0.158999680233
1.645 -2.85524369108 0.159055479861
1.65 -2.85444827294 0.159111340599
1.655 -2.85365257612 0.159167262497
1.66 -2.852856599 0.159223246161
1.665 -2.85206034108 0.159279291772
1.67 -2.85126380237 0.159335399331
1.675 -2.85046698287 0.159391568838
1.68 -2.84966988257 0.159447800292
1.685 -2.84887250148 0.159504093694
1.69 -2.8480748396 0.159560449043
1.695 -2.84727689575 0.159616866774
1.7 -2.84647866881 0.159673347304
1.705 -2.84568015877 0.159729890634
1.71 -2.84488136563 0.159786496764
1.715 -2.8440822894 0.159843165692
1.72 -2.84328293007 0.15989989742
1.725 -2.84248328765 0.159956691948
1.73 -2.84168336173 0.160013549422
1.735 -2.84088315059 0.160070470499
1.74 -2.840082654 0.160127455259
1.745 -2.83928187196 0.160184503703
1.75 -2.83848080447 0.16024161583
1.755 -2.83767945154 0.160298791641
1.76 -2.83687781316 0.160356031135
1.765 -2.83607588931 0.160413334321
1.77 -2.83527367851 0.160470701759
1.775 -2.83447117988 0.160528133779
1.78 -2.83366839342 0.160585630382
1.785 -2.83286531912 0.160643191568
1.79 -2.832061957 0.160700817337
1.795 -2.83125830705 0.160758507688
1.8 -2.83045436926 0.160816262622
1.805 -2.82965014304 0.160874082368
1.81 -2.82884562665 0.160931967574
1.815 -2.82804082 0.160989918278
1.82 -2.82723572309 0.161047934481
1.825 -2.82643033591 0.161106016183
1.83 -2.82562465846 0.161164163383
1.835 -2.82481869074 0.161222376082
1.84 -2.82401243273 0.161280654293
1.845 -2.82320588283 0.161338998624
1.85 -2.82239904017 0.161397409405
1.855 -2.82159190476 0.161455886637
1.86 -2.8207844766 0.161514430318
1.865 -2.81997675568 0.161573040449
1.87 -2.81916874201 0.16163171703
1.875 -2.81836043559 0.161690460061
1.88 -2.81755183592 0.161749269732
1.885 -2.81674294115 0.161808146755
1.89 -2.8159337511 0.161867091196
1.895 -2.81512426578 0.161926103056
1.9 -2.81431448518 0.161985182334
1.905 -2.81350440931 0.162044329031
1.91 -2.81269403816 0.162103543146
1.915 -2.81188337172 0.162162824684
1.92 -2.8110724085 0.162222174216
1.925 -2.81026114743 0.162281592153
1.93 -2.8094495885 0.162341078496
1.935 -2.80863773171 0.162400633244
1.94 -2.80782557707 0.162460256398
1.945 -2.80701312457 0.162519947957
1.95 -2.80620037422 0.162579707922
1.955 -2.80538732576 0.162639536389
1.96 -2.80457397723 0.162699434125
1.965 -2.80376032821 0.162759401292
1.97 -2.80294637869 0.162819437891
1.975 -2.80213212869 0.162879543922
1.98 -2.80131757819 0.162939719385
1.985 -2.80050272719 0.16299996428
1.99 -2.79968757571 0.163060278606
1.995 -2.79887212291 0.163120662685
2.0 -2.798056367 0.163181117218
2.005 -2.79724030793 0.163241642227
2.01 -2.79642394569 0.163302237714
2.015 -2.79560728028 0.163362903679
2.02 -2.7947903117 0.163423640121
2.025 -2.79397303995 0.16348444704
2.03 -2.79315546501 0.163545324446
2.035 -2.7923375852 0.163606272993
2.04 -2.79151939947 0.163667293085
2.045 -2.79070090784 0.163728384719
2.05 -2.78988211031 0.163789547897
2.055 -2.78906300687 0.163850782619
2.06 -2.78824359752 0.163912088884
2.065 -2.78742388226 0.163973466692
2.07 -2.78660386092 0.164034916117
2.075 -2.78578353143 0.164096437971
2.08 -2.78496289324 0.164158032479
2.085 -2.78414194634 0.16421969964
2.09 -2.78332069073 0.164281439454
2.095 -2.78249912642 0.164343251922
2.1 -2.7816772534 0.164405137043
2.105 -2.78085507167 0.164467094817
2.11 -2.78003258073 0.164529125446
2.115 -2.77920977847 0.164591229767
2.12 -2.77838666467 0.164653407873
2.125 -2.77756323931 0.164715659764
2.13 -2.7767395024 0.16477798544
2.135 -2.77591545395 0.164840384901
2.14 -2.77509109394 0.164902858146
2.145 -2.77426642238 0.164965405176
2.15 -2.77344143827 0.165028026387
2.155 -2.77261613975 0.165090722521
2.16 -2.77179052676 0.165153493593
2.165 -2.77096459931 0.165216339605
2.17 -2.7701383574 0.165279260555
2.175 -2.76931180103 0.165342256446
2.18 -2.76848493019 0.165405327275
2.185 -2.7676577449 0.165468473044
2.19 -2.76683024383 0.165531694281
2.195 -2.76600242532 0.165594991659
2.2 -2.76517428938 0.165658365179
2.205 -2.76434583599 0.165721814843
2.21 -2.76351706516 0.165785340649
2.215 -2.76268797689 0.165848942598
2.22 -2.76185857117 0.16591262069
2.225 -2.76102884801 0.165976374926
2.23 -2.76019880576 0.166040205976
2.235 -2.75936844303 0.166104114397
2.24 -2.75853775984 0.166168100188
2.245 -2.75770675618 0.166232163349
2.25 -2.75687543204 0.166296303882
2.255 -2.75604378744 0.166360521785
2.26 -2.75521182236 0.166424817058
2.265 -2.75437953678 0.166489189718
2.27 -2.75354692873 0.166553640556
2.275 -2.75271399711 0.166618170019
2.28 -2.75188074191 0.166682778106
2.285 -2.75104716314 0.166747464817
2.29 -2.7502132608 0.166812230152
2.295 -2.74937903488 0.166877074112
2.3 -2.74854448539 0.166941996695
2.305 -2.7477096123 0.167006997916
2.31 -2.74687441364 0.167072078583
2.315 -2.74603888823 0.167137239184
2.32 -2.74520303606 0.167202479718
2.325 -2.74436685715 0.167267800184
2.33 -2.74353035148 0.167333200584
2.335 -2.74269351906 0.167398680916
2.34 -2.74185635989 0.167464241182
2.345 -2.74101887395 0.16752988139
2.35 -2.74018105928 0.16759560235
2.355 -2.73934291462 0.167661404579
2.36 -2.73850443999 0.167727288077
2.365 -2.73766563537 0.167793252843
2.37 -2.73682650077 0.167859298879
2.375 -2.73598703618 0.167925426184
2.38 -2.73514724162 0.167991634757
2.385 -2.73430711705 0.168057924607
2.39 -2.73346666053 0.16812429654
2.395 -2.73262587071 0.168190751107
2.4 -2.73178474759 0.168257288308
2.405 -2.73094329118 0.168323908143
2.41 -2.73010150147 0.168390610613
2.415 -2.72925937847 0.168457395716
2.42 -2.72841692216 0.168524263454
2.425 -2.72757413257 0.168591213825
2.43 -2.72673100815 0.168658247473
2.435 -2.72588754704 0.16872536518
2.44 -2.72504374923 0.168792566949
2.445 -2.72419961474 0.168859852779
2.45 -2.72335514355 0.168927222671
2.455 -2.72251033566 0.168994676625
2.46 -2.72166519108 0.16906221464
2.465 -2.72081970981 0.169129836717
2.47 -2.71997389075 0.169197543315
2.475 -2.71912773162 0.169265335403
2.48 -2.71828123233 0.169333213011
2.485 -2.7174343929 0.169401176139
2.49 -2.71658721331 0.169469224786
2.495 -2.71573969357 0.169537358954
2.5 -2.71489183369 0.169605578641
2.505 -2.71404363365 0.169673883848
2.51 -2.71319509274 0.169742274882
2.515 -2.71234620835 0.169810752831
2.52 -2.71149698027 0.169879317791
2.525 -2.71064740848 0.169947969762
2.53 -2.709797493 0.170016708745
2.535 -2.70894723382 0.170085534739
2.54 -2.70809663094 0.170154447744
2.545 -2.70724568436 0.170223447761
2.55 -2.70639439387 0.170292534882
2.555 -2.70554275681 0.170361710241
2.56 -2.70469077242 0.170430974174
2.565 -2.70383844069 0.17050032668
2.57 -2.70298576161 0.170569767759
2.575 -2.7021327352 0.170639297411
2.58 -2.70127936145 0.170708915637
2.585 -2.70042564035 0.170778622437
2.59 -2.69957157192 0.170848417811
2.595 -2.69871715411 0.170918302634
2.6 -2.69786238525 0.170988277627
2.605 -2.69700726535 0.17105834279
2.61 -2.6961517944 0.171128498124
2.615 -2.6952959724 0.171198743629
2.62 -2.69443979936 0.171269079303
2.625 -2.69358327527 0.171339505148
2.63 -2.69272640013 0.171410021164
2.635 -2.69186917287 0.171480627813
2.64 -2.69101159087 0.171551326218
2.645 -2.69015365401 0.171622116428
2.65 -2.68929536229 0.171692998443
2.655 -2.68843671572 0.171763972264
2.66 -2.68757771429 0.171835037889
2.665 -2.686718358 0.17190619532
2.67 -2.68585864686 0.171977444556
2.675 -2.68499858068 0.172048785677
2.68 -2.68413815666 0.172120219907
2.685 -2.68327737388 0.172191747658
2.69 -2.68241623233 0.172263368929
2.695 -2.68155473201 0.17233508372
2.7 -2.68069287293 0.172406892031
2.705 -2.67983065507 0.172478793863
2.71 -2.67896807844 0.172550789215
2.715 -2.67810514304 0.172622878088
2.72 -2.6772418474 0.172695061131
2.725 -2.67637818905 0.172767339432
2.73 -2.67551416793 0.172839713009
2.735 -2.67464978406 0.172912181861
2.74 -2.67378503744 0.172984745989
2.745 -2.67291992806 0.173057405393
2.75 -2.67205445592 0.173130160072
2.755 -2.67118862103 0.173203010027
2.76 -2.67032242304 0.173275955411
2.765 -2.66945585893 0.173348997558
2.77 -2.668588928 0.173422136774
2.775 -2.66772163025 0.173495373061
2.78 -2.66685396568 0.173568706418
2.785 -2.6659859343 0.173642136845
2.79 -2.6651175361 0.173715664342
2.795 -2.66424877109 0.17378928891
2.8 -2.66337963925 0.173863010547
2.805 -2.66251013867 0.173936830118
2.81 -2.66164026713 0.174010748599
2.815 -2.66077002463 0.174084765993
2.82 -2.65989941118 0.1741588823
2.825 -2.65902842677 0.174233097518
2.83 -2.65815707141 0.174307411649
2.835 -2.65728534509 0.174381824693
2.84 -2.65641324782 0.174456336648
2.845 -2.65554077902 0.174530947774
2.85 -2.65466793553 0.174605659487
2.855 -2.65379471686 0.174680472007
2.86 -2.65292112303 0.174755385332
2.865 -2.65204715402 0.174830399462
2.87 -2.65117280984 0.174905514397
2.875 -2.65029809048 0.174980730138
2.88 -2.64942299595 0.175056046684
2.885 -2.64854752624 0.175131464042
2.89 -2.6476716789 0.175206983317
2.895 -2.64679545208 0.175282605343
2.9 -2.6459188458 0.175358330118
2.905 -2.64504186004 0.175434157643
2.91 -2.64416449482 0.175510087919
2.915 -2.64328675012 0.175586120944
2.92 -2.64240862595 0.175662256719
2.925 -2.64153012231 0.175738495245
2.93 -2.64065123833 0.175814836915
2.935 -2.6397719708 0.175891283194
2.94 -2.63889231943 0.175967834221
2.945 -2.63801228419 0.176044489995
2.95 -2.63713186511 0.176121250516
2.955 -2.63625106217 0.176198115785
2.96 -2.63536987538 0.1762750858
2.965 -2.63448830474 0.176352160563
2.97 -2.63360635018 0.176429340107
2.975 -2.63272400878 0.176506625764
2.98 -2.63184127907 0.17658401822
2.985 -2.63095816104 0.176661517475
2.99 -2.63007465468 0.176739123529
2.995 -2.62919076001 0.176816836382
3.0 -2.62830647702 0.176894656033
3.005 -2.62742180571 0.176972582484
3.01 -2.62653674608 0.177050615733
3.015 -2.6256512969 0.177128756352
3.02 -2.624765455 0.177207005805
3.025 -2.62387922023 0.177285364165
3.03 -2.62299259259 0.177363831432
3.035 -2.62210557207 0.177442407607
3.04 -2.62121815867 0.177521092688
3.045 -2.6203303524 0.177599886676
3.05 -2.61944215326 0.177678789572
3.055 -2.61855356105 0.177757801465
3.06 -2.61766457249 0.177836923886
3.065 -2.61677518641 0.177916157381
3.07 -2.61588540282 0.177995501949
3.075 -2.6149952217 0.178074957591
3.08 -2.61410464306 0.178154524307
3.085 -2.61321366691 0.178234202097
3.09 -2.61232229323 0.178313990961
3.095 -2.61143052204 0.178393890898
3.1 -2.61053835164 0.178473902702
3.105 -2.60964577905 0.178554027779
3.11 -2.60875280419 0.178634266157
3.115 -2.60785942708 0.178714617837
3.12 -2.60696564771 0.178795082817
3.125 -2.60607146609 0.178875661099
3.13 -2.60517688221 0.178956352682
3.135 -2.60428189607 0.179037157565
3.14 -2.60338650729 0.179118075931
3.145 -2.6024907123 0.179199109472
3.15 -2.60159451022 0.179280258603
3.155 -2.60069790105 0.179361523326
3.16 -2.59980088479 0.17944290364
3.165 -2.59890346144 0.179524399545
3.17 -2.598005631 0.179606011041
3.175 -2.59710739347 0.179687738129
3.18 -2.59620874885 0.179769580807
3.185 -2.5953096949 0.179851540142
3.19 -2.59441022895 0.179933617419
3.195 -2.59351035097 0.180015812643
3.2 -2.59261006097 0.180098125813
3.205 -2.59170935895 0.180180556929
3.21 -2.59080824491 0.180263105992
3.215 -2.58990671884 0.180345773
3.22 -2.58900478075 0.180428557955
3.225 -2.58810243001 0.180511461165
3.23 -2.58719966282 0.180594484445
3.235 -2.58629647858 0.180677628095
3.24 -2.58539287729 0.180760892113
3.245 -2.58448885895 0.180844276499
3.25 -2.58358442355 0.180927781255
3.255 -2.58267957109 0.181011406379
3.26 -2.58177430158 0.181095151871
3.265 -2.58086861501 0.181179017737
3.27 -2.57996250853 0.181263005358
3.275 -2.57905597986 0.18134711584
3.28 -2.578149029 0.181431349183
3.285 -2.57724165595 0.181515705388
3.29 -2.57633386071 0.181600184453
3.295 -2.57542564327 0.181684786379
3.3 -2.57451700365 0.181769511166
3.305 -2.57360794184 0.181854358815
3.31 -2.57269845686 0.181939329804
3.315 -2.57178854484 0.182024426026
3.32 -2.57087820539 0.182109647674
3.325 -2.5699674385 0.182194994747
3.33 -2.56905624419 0.182280467247
3.335 -2.56814462243 0.182366065172
3.34 -2.56723257325 0.182451788523
3.345 -2.56632009664 0.1825376373
3.35 -2.56540719251 0.182623611539
3.355 -2.56449385747 0.182709712924
3.36 -2.56358008964 0.182795942376
3.365 -2.56266588903 0.182882299893
3.37 -2.56175125563 0.182968785476
3.375 -2.56083618944 0.183055399124
3.38 -2.55992069047 0.183142140839
3.385 -2.55900475872 0.183229010619
3.39 -2.55808839418 0.183316008465
3.395 -2.55717159544 0.18340313508
3.4 -2.55625435866 0.183490392372
3.405 -2.55533668364 0.183577780447
3.41 -2.55441857036 0.183665299306
3.415 -2.55350001883 0.183752948949
3.42 -2.55258102905 0.183840729375
3.425 -2.55166160102 0.183928640585
3.43 -2.55074173474 0.18401668258
3.435 -2.54982143 0.184104855462
3.44 -2.5489006829 0.184193161187
3.445 -2.54797949197 0.184281600494
3.45 -2.5470578572 0.184370173385
3.455 -2.5461357786 0.184458879858
3.46 -2.54521325617 0.184547719914
3.465 -2.5442902899 0.184636693552
3.47 -2.5433668798 0.184725800774
3.475 -2.54244302587 0.184815041578
3.48 -2.54151877593 0.184904391781
3.485 -2.54059400963 0.184993912241
3.49 -2.53966879826 0.185083566906
3.495 -2.53874314115 0.18517335612
3.5 -2.53781703762 0.185263280222
3.505 -2.536890487 0.185353339554
3.51 -2.53596348861 0.185443534458
3.515 -2.53503604178 0.185533865275
3.52 -2.53410814572 0.185624332412
3.525 -2.53317979854 0.185714936933
3.53 -2.53225099897 0.18580567953
3.535 -2.53132174601 0.185896560732
3.54 -2.53039203869 0.185987581069
3.545 -2.529461876 0.186078741069
3.55 -2.52853125696 0.186170041262
3.555 -2.52760018057 0.186261482177
3.56 -2.52666864584 0.186353064343
3.565 -2.52573665178 0.186444788289
3.57 -2.52480419813 0.186536654103
3.575 -2.52387128479 0.186628661785
3.58 -2.52293791105 0.186720811695
3.585 -2.52200407621 0.186813104192
3.59 -2.52106977956 0.186905539634
3.595 -2.52013502038 0.18699811838
3.6 -2.51919979798 0.18709084079
3.605 -2.51826411165 0.187183707223
3.61 -2.51732796067 0.187276718037
3.615 -2.51639134433 0.187369873568
3.62 -2.51545426184 0.187463174085
3.625 -2.51451671245 0.187556619918
3.63 -2.51357869546 0.187650211403
3.635 -2.51264021012 0.187743948878
3.64 -2.51170125572 0.187837832678
3.645 -2.51076183152 0.187931863141
3.65 -2.50982193681 0.188026040602
3.655 -2.50888157084 0.188120365399
3.66 -2.5079407329 0.188214837881
3.665 -2.50699942221 0.18830945863
3.67 -2.506057638 0.188404228123
3.675 -2.50511537955 0.188499146763
3.68 -2.5041726461 0.188594214955
3.685 -2.50322943692 0.188689433102
3.69 -2.50228575127 0.188784801607
3.695 -2.50134158841 0.188880320873
3.7 -2.50039694759 0.188975991304
3.705 -2.49945182807 0.189071813303
3.71 -2.49850622909 0.189167787303
3.715 -2.49756014983 0.189263913752
3.72 -2.49661358955 0.189360193072
3.725 -2.49566654748 0.189456625679
3.73 -2.49471902287 0.189553211995
3.735 -2.49377101495 0.189649952437
3.74 -2.49282252296 0.189746847425
3.745 -2.49187354614 0.189843897376
3.75 -2.49092408369 0.189941102674
3.755 -2.48997413481 0.190038463704
3.76 -2.48902369871 0.190135980871
3.765 -2.48807277464 0.19023365458
3.77 -2.4871213618 0.190331485237
3.775 -2.48616945942 0.190429473245
3.78 -2.48521706672 0.19052761901
3.785 -2.48426418293 0.190625922943
3.79 -2.48331080721 0.190724385509
3.795 -2.48235693876 0.190823007146
3.8 -2.48140257678 0.190921788281
3.805 -2.4804477205 0.191020729335
3.81 -2.4794923691 0.191119830734
3.815 -2.4785365218 0.191219092902
3.82 -2.47758017781 0.191318516262
3.825 -2.47662333632 0.19141810125
3.83 -2.47566599649 0.191517848353
3.835 -2.47470815749 0.191617758018
3.84 -2.47374981853 0.191717830689
3.845 -2.47279097878 0.191818066806
3.85 -2.47183163744 0.191918466813
3.855 -2.47087179371 0.19201903115
3.86 -2.46991144677 0.192119760261
3.865 -2.46895059579 0.192220654599
3.87 -2.4679892399 0.192321714643
3.875 -2.46702737828 0.192422940845
3.88 -2.4660650101 0.192524333657
3.885 -2.46510213453 0.192625893534
3.89 -2.46413875075 0.192727620926
3.895 -2.46317485793 0.192829516287
3.9 -2.46221045524 0.192931580069
3.905 -2.46124554181 0.193033812754
3.91 -2.46028011677 0.193136214828
3.915 -2.45931417929 0.193238786757
3.92 -2.4583477285 0.193341529005
3.925 -2.45738076357 0.193444442038
3.93 -2.45641328366 0.193547526322
3.935 -2.45544528792 0.193650782322
3.94 -2.45447677549 0.193754210505
3.945 -2.45350774549 0.193857811385
3.95 -2.45253819702 0.193961585453
3.955 -2.45156812924 0.19406553319
3.96 -2.45059754127 0.194169655075
3.965 -2.44962643225 0.194273951589
3.97 -2.44865480133 0.194378423212
3.975 -2.44768264763 0.194483070425
3.98 -2.44670997028 0.194587893717
3.985 -2.44573676835 0.194692893619
3.99 -2.44476304097 0.19479807063
3.995 -2.44378878723 0.194903425245
4.0 -2.44281400627 0.195008957958
4.005 -2.44183869721 0.195114669265
4.01 -2.44086285915 0.19522055966
4.015 -2.43988649122 0.195326629637
4.02 -2.4389095925 0.19543287972
4.025 -2.43793216204 0.195539310455
4.03 -2.43695419893 0.195645922352
4.035 -2.43597570228 0.19575271592
4.04 -2.43499667118 0.195859691667
4.045 -2.43401710473 0.195966850102
4.05 -2.43303700204 0.196074191734
4.055 -2.43205636219 0.196181717071
4.06 -2.4310751843 0.196289426622
4.065 -2.43009346746 0.196397320896
4.07 -2.4291112107 0.196505400454
4.075 -2.42812841304 0.196613665881
4.08 -2.42714507355 0.196722117709
4.085 -2.4261611913 0.196830756466
4.09 -2.42517676537 0.196939582684
4.095 -2.42419179482 0.197048596894
4.1 -2.42320627874 0.197157799626
4.105 -2.42222021619 0.19726719141
4.11 -2.42123360624 0.197376772777
4.115 -2.42024644798 0.197486544258
4.12 -2.4192587404 0.197596506446
4.125 -2.41827048248 0.197706659938
4.13 -2.41728167327 0.197817005286
4.135 -2.41629231183 0.197927543042
4.14 -2.41530239719 0.198038273758
4.145 -2.41431192841 0.198149197987
4.15 -2.41332090452 0.198260316281
4.155 -2.41232932458 0.19837162919
4.16 -2.41133718764 0.198483137269
4.165 -2.41034449273 0.198594841069
4.17 -2.40935123881 0.198706741215
4.175 -2.40835742486 0.198818838318
4.18 -2.40736304989 0.198931132951
4.185 -2.40636811291 0.199043625688
4.19 -2.40537261295 0.199156317104
4.195 -2.40437654903 0.19926920777
4.2 -2.40337992017 0.199382298262
4.205 -2.40238272538 0.199495589154
4.21 -2.40138496367 0.199609081017
4.215 -2.40038663408 0.199722774431
4.22 -2.3993877355 0.199836670055
4.225 -2.39838826689 0.199950768521
4.23 -2.39738822724 0.200065070425
4.235 -2.39638761553 0.200179576365
4.24 -2.39538643075 0.200294286939
4.245 -2.3943846719 0.200409202743
4.25 -2.39338233796 0.200524324374
4.255 -2.39237942793 0.20063965243
4.26 -2.39137594079 0.200755187508
4.265 -2.39037187553 0.200870930207
4.27 -2.38936723104 0.200986881208
4.275 -2.38836200623 0.201103041184
4.28 -2.38735620004 0.201219410757
4.285 -2.38634981144 0.20133599055
4.29 -2.38534283939 0.201452781186
4.295 -2.38433528284 0.201569783289
4.3 -2.38332714076 0.201686997482
4.305 -2.38231841211 0.201804424388
4.31 -2.38130909584 0.20192206463
4.315 -2.3802991909 0.202039918832
4.32 -2.37928869618 0.20215798769
4.325 -2.37827761053 0.202276271917
4.33 -2.37726593286 0.202394772161
4.335 -2.37625366211 0.202513489072
4.34 -2.3752407972 0.202632423302
4.345 -2.37422733707 0.202751575499
4.35 -2.37321328062 0.202870946313
4.355 -2.37219862681 0.202990536394
4.36 -2.37118337454 0.203110346393
4.365 -2.37016752275 0.203230376959
4.37 -2.36915107029 0.203350628804
4.375 -2.36813401596 0.203471102683
4.38 -2.36711635865 0.203591799274
4.385 -2.36609809725 0.203712719256
4.39 -2.36507923067 0.203833863306
4.395 -2.36405975778 0.203955232102
4.4 -2.36303967749 0.204076826323
4.405 -2.36201898869 0.204198646645
4.41 -2.36099769027 0.204320693749
4.415 -2.35997578112 0.20444296831
4.42 -2.35895326008 0.204565471061
4.425 -2.35793012589 0.204688202801
4.43 -2.3569063774 0.204811164241
4.435 -2.35588201348 0.204934356088
4.44 -2.35485703299 0.205057779051
4.445 -2.35383143477 0.205181433836
4.45 -2.3528052177 0.205305321151
4.455 -2.35177838062 0.205429441704
4.46 -2.3507509224 0.205553796201
4.465 -2.34972284189 0.205678385351
4.47 -2.34869413795 0.205803209868
4.475 -2.34766480927 0.205928270597
4.48 -2.34663485463 0.20605356832
4.485 -2.34560427285 0.20617910378
4.49 -2.34457306275 0.206304877716
4.495 -2.34354122315 0.206430890869
4.5 -2.34250875287 0.206557143981
4.505 -2.34147565072 0.206683637793
4.51 -2.34044191553 0.206810373045
4.515 -2.33940754612 0.206937350479
4.52 -2.33837254131 0.207064570836
4.525 -2.33733689985 0.207192034917
4.53 -2.33630062039 0.207319743609
4.535 -2.33526370171 0.207447697691
4.54 -2.33422614259 0.207575897939
4.545 -2.33318794181 0.207704345129
4.55 -2.33214909814 0.207833040036
4.555 -2.33110961038 0.207961983437
4.56 -2.33006947729 0.208091176108
4.565 -2.32902869766 0.208220618823
4.57 -2.32798727027 0.208350312358
4.575 -2.32694519389 0.208480257498
4.58 -2.32590246713 0.208610455167
4.585 -2.32485908868 0.208740906222
4.59 -2.32381505727 0.208871611476
4.595 -2.32277037165 0.209002571742
4.6 -2.32172503055 0.209133787832
4.605 -2.32067903271 0.209265260558
4.61 -2.31963237687 0.209396990732
4.615 -2.31858506177 0.209528979167
4.62 -2.31753708614 0.209661226676
4.625 -2.31648844873 0.20979373407
4.63 -2.31543914819 0.209926502229
4.635 -2.31438918308 0.210059532135
4.64 -2.31333855208 0.210192824643
4.645 -2.31228725389 0.210326380604
4.65 -2.31123528721 0.21046020087
4.655 -2.31018265072 0.21059428629
4.66 -2.30912934313 0.210728637716
4.665 -2.30807536313 0.210863255999
4.67 -2.30702070941 0.210998141989
4.675 -2.30596538067 0.211133296537
4.68 -2.3049093756 0.211268720494
4.685 -2.30385269281 0.211404414794
4.69 -2.30279533079 0.21154038048
4.695 -2.30173728817 0.211676618452
4.7 -2.30067856362 0.211813129607
4.705 -2.29961915576 0.211949914839
4.71 -2.29855906325 0.212086975044
4.715 -2.29749828473 0.212224311117
4.72 -2.29643681886 0.212361923954
4.725 -2.29537466428 0.21249981445
4.73 -2.29431181963 0.212637983501
4.735 -2.29324828356 0.212776432002
4.74 -2.29218405463 0.212915160938
4.745 -2.29111913126 0.213054171403
4.75 -2.29005351204 0.213193464342
4.755 -2.28898719557 0.213333040697
4.76 -2.28792018045 0.21347290141
4.765 -2.28685246528 0.213613047423
4.77 -2.28578404864 0.213753479676
4.775 -2.28471492915 0.213894199113
4.78 -2.28364510538 0.214035206673
4.785 -2.28257457594 0.2141765033
4.79 -2.28150333944 0.214318089935
4.795 -2.28043139434 0.214459967618
4.8 -2.27935873903 0.2146021375
4.805 -2.27828537205 0.214744600572
4.81 -2.27721129194 0.214887357827
4.815 -2.27613649724 0.215030410255
4.82 -2.2750609865 0.215173758846
4.825 -2.27398475826 0.215317404591
4.83 -2.27290781106 0.215461348481
4.835 -2.27183014344 0.215605591507
4.84 -2.27075175396 0.215750134658
4.845 -2.26967264115 0.215894978926
4.85 -2.26859280344 0.216040125416
4.855 -2.26751223912 0.216185575345
4.86 -2.26643094668 0.216331329757
4.865 -2.2653489246 0.216477389695
4.87 -2.26426617139 0.216623756202
4.875 -2.26318268552 0.216770430319
4.88 -2.26209846548 0.21691741309
4.885 -2.26101350976 0.217064705557
4.89 -2.25992781685 0.217212308763
4.895 -2.25884138523 0.217360223749
4.9 -2.2577542134 0.217508451559
4.905 -2.25666629981 0.217656993255
4.91 -2.25557764269 0.217805850156
4.915 -2.25448824037 0.217955023439
4.92 -2.25339809128 0.218104514209
4.925 -2.25230719385 0.218254323567
4.93 -2.2512155465 0.218404452618
4.935 -2.25012314767 0.218554902465
4.94 -2.24902999577 0.21870567421
4.945 -2.24793608923 0.218856768958
4.95 -2.24684142647 0.219008187812
4.955 -2.24574600593 0.219159931875
4.96 -2.24464982603 0.21931200225
4.965 -2.24355288506 0.219464400167
4.97 -2.24245518115 0.219617127014
4.975 -2.24135671267 0.219770183964
4.98 -2.24025747797 0.219923572182
4.985 -2.23915747541 0.220077292837
4.99 -2.23805670335 0.220231347094
4.995 -2.23695516015 0.220385736121
5.0 -2.23585284418 0.220540461084
5.005 -2.23474975379 0.22069552315
5.01 -2.23364588734 0.220850923485
5.015 -2.2325412432 0.221006663257
5.02 -2.2314358197 0.221162743648
5.025 -2.23032961491 0.221319166124
5.03 -2.22922262701 0.221475932014
5.035 -2.2281148543 0.22163304255
5.04 -2.22700629507 0.221790498968
5.045 -2.22589694761 0.221948302501
5.05 -2.22478681022 0.222106454385
5.055 -2.22367588117 0.222264955853
5.06 -2.22256415877 0.222423808139
5.065 -2.22145164131 0.222583012478
5.07 -2.22033832707 0.222742570104
5.075 -2.21922421435 0.222902482251
5.08 -2.21810930131 0.223062750289
5.085 -2.21699358588 0.223223375798
5.09 -2.21587706627 0.223384360096
5.095 -2.21475974069 0.22354570449
5.1 -2.21364160738 0.223707410285
5.105 -2.21252266454 0.223869478788
5.11 -2.2114029104 0.224031911305
5.115 -2.21028234317 0.224194709143
5.12 -2.20916096107 0.224357873608
5.125 -2.20803876233 0.224521406005
5.13 -2.20691574515 0.224685307642
5.135 -2.20579190775 0.224849579824
5.14 -2.20466724827 0.22501422396
5.145 -2.20354176449 0.225179241792
5.15 -2.20241545453 0.225344634748
5.155 -2.2012883165 0.225510404221
5.16 -2.20016034856 0.225676551602
5.165 -2.19903154884 0.225843078285
5.17 -2.19790191547 0.226009985661
5.175 -2.19677144659 0.226177275123
5.18 -2.19564014033 0.226344948061
5.185 -2.19450799484 0.22651300587
5.19 -2.19337500824 0.226681449939
5.195 -2.19224117867 0.226850281663
5.2 -2.19110650422 0.227019502493
5.205 -2.18997098258 0.227189114272
5.21 -2.18883461172 0.227359118562
5.215 -2.18769738969 0.227529516842
5.22 -2.18655931455 0.227700310596
5.225 -2.18542038433 0.227871501306
5.23 -2.1842805971 0.228043090454
5.235 -2.18313995089 0.228215079522
5.24 -2.18199844376 0.228387469992
5.245 -2.18085607376 0.228560263347
5.25 -2.17971283893 0.228733461069
5.255 -2.17856873732 0.22890706464
5.26 -2.17742376696 0.229081075571
5.265 -2.17627792545 0.229255495797
5.27 -2.17513121063 0.229430327034
5.275 -2.17398362045 0.22960557086
5.28 -2.17283515286 0.229781228854
5.285 -2.17168580582 0.229957302595
5.29 -2.17053557728 0.230133793662
5.295 -2.16938446521 0.230310703634
5.3 -2.16823246755 0.23048803409
5.305 -2.16707958227 0.230665786608
5.31 -2.16592580731 0.230843962768
5.315 -2.16477114064 0.231022564149
5.32 -2.1636155802 0.231201592338
5.325 -2.16245912354 0.231381049347
5.33 -2.16130176832 0.231560937082
5.335 -2.16014351239 0.231741257228
5.34 -2.15898435361 0.23192201147
5.345 -2.15782428983 0.232103201494
5.35 -2.15666331891 0.232284828983
5.355 -2.15550143872 0.232466895624
5.36 -2.15433864709 0.232649403102
5.365 -2.1531749419 0.232832353102
5.37 -2.15201032099 0.233015747309
5.375 -2.15084478223 0.233199587408
5.38 -2.14967832347 0.233383875085
5.385 -2.14851094222 0.233568612395
5.39 -2.14734263594 0.233753801469
5.395 -2.14617340238 0.233939444109
5.4 -2.14500323928 0.234125542114
5.405 -2.14383214441 0.234312097286
5.41 -2.14266011549 0.234499111424
5.415 -2.1414871503 0.234686586329
5.42 -2.14031324658 0.234874523803
5.425 -2.13913840208 0.235062925644
5.43 -2.13796261454 0.235251793655
5.435 -2.13678588173 0.235441129635
5.44 -2.1356082014 0.235630935385
5.445 -2.13442957103 0.235821212992
5.45 -2.13324998785 0.236011964828
5.455 -2.13206944951 0.236203192827
5.46 -2.13088795363 0.236394898915
5.465 -2.12970549785 0.236587085017
5.47 -2.12852207982 0.23677975306
5.475 -2.12733769716 0.236972904968
5.48 -2.12615234752 0.237166542668
5.485 -2.12496602853 0.237360668085
5.49 -2.12377873784 0.237555283145
5.495 -2.12259047307 0.237750389774
5.5 -2.12140123188 0.237945989897
5.505 -2.1202110117 0.238142085647
5.51 -2.11901980957 0.238338679628
5.515 -2.11782762299 0.238535773939
5.52 -2.11663444946 0.238733370643
5.525 -2.1154402865 0.238931471801
5.53 -2.11424513163 0.239130079476
5.535 -2.11304898237 0.23932919573
5.54 -2.11185183622 0.239528822624
5.545 -2.11065369071 0.23972896222
5.55 -2.10945454336 0.239929616582
5.555 -2.10825439168 0.240130787769
5.56 -2.10705323318 0.240332477845
5.565 -2.10585106527 0.240534689008
5.57 -2.1046478848 0.240737424074
5.575 -2.10344368908 0.240940685349
5.58 -2.10223847549 0.241144475041
5.585 -2.10103224142 0.241348795363
5.59 -2.09982498427 0.241553648524
5.595 -2.0986167014 0.241759036737
5.6 -2.09740739022 0.24196496221
5.605 -2.09619704811 0.242171427156
5.61 -2.09498567245 0.242378433784
5.615 -2.09377326064 0.242585984306
5.62 -2.09255981005 0.242794080932
5.625 -2.09134531801 0.243002725949
5.63 -2.09012978123 0.243211922363
5.635 -2.0889131968 0.243421672726
5.64 -2.08769556197 0.243631979411
5.645 -2.08647687398 0.243842844791
5.65 -2.08525713008 0.24405427124
5.655 -2.08403632753 0.244266261131
5.66 -2.08281446356 0.244478816837
5.665 -2.08159153543 0.244691940731
5.67 -2.08036754038 0.244905635186
5.675 -2.07914247565 0.245119902576
5.68 -2.07791633851 0.245334745274
5.685 -2.07668912617 0.245550165682
5.69 -2.07546083521 0.245766166962
5.695 -2.07423146248 0.245982751968
5.7 -2.07300100507 0.246199923252
5.705 -2.07176946009 0.246417683364
5.71 -2.07053682462 0.246636034854
5.715 -2.06930309578 0.246854980274
5.72 -2.06806827065 0.247074522176
5.725 -2.06683234634 0.247294663108
5.73 -2.06559531995 0.247515405623
5.735 -2.06435718856 0.247736752272
5.74 -2.06311794928 0.247958705604
5.745 -2.0618775992 0.248181268176
5.75 -2.06063613484 0.248404443257
5.755 -2.05939355272 0.248628234068
5.76 -2.0581498498 0.248852643356
5.765 -2.056905023 0.249077673865
5.77 -2.05565906926 0.249303328341
5.775 -2.05441198552 0.249529609529
5.78 -2.05316376873 0.249756520177
5.785 -2.0519144158 0.249984063028
5.79 -2.05066392369 0.250212240829
5.795 -2.04941228933 0.250441056324
5.8 -2.04815950965 0.250670512261
5.805 -2.0469055816 0.250900611384
5.81 -2.04565050163 0.251131357024
5.815 -2.04439426595 0.251362752835
5.82 -2.04313687132 0.25159480178
5.825 -2.0418783145 0.251827506817
5.83 -2.04061859226 0.252060870906
5.835 -2.03935770136 0.252294897007
5.84 -2.03809563856 0.252529588078
5.845 -2.03683240063 0.252764947079
5.85 -2.03556798433 0.25300097697
5.855 -2.03430238643 0.253237680708
5.86 -2.03303560369 0.253475061255
5.865 -2.03176763287 0.253713121568
5.87 -2.03049847038 0.253951865053
5.875 -2.0292281121 0.254191295796
5.88 -2.02795655456 0.254431417029
5.885 -2.02668379435 0.254672231945
5.89 -2.02540982804 0.254913743738
5.895 -2.02413465221 0.255155955604
5.9 -2.02285826344 0.255398870735
5.905 -2.0215806583 0.255642492327
5.91 -2.02030183338 0.255886823574
5.915 -2.01902178524 0.25613186767
5.92 -2.01774051047 0.256377627808
5.925 -2.01645800563 0.256624107184
5.93 -2.01517426711 0.256871309269
5.935 -2.01388929059 0.257119238444
5.94 -2.01260307235 0.257367898276
5.945 -2.01131560877 0.257617292238
5.95 -2.01002689622 0.2578674238
5.955 -2.00873693107 0.258118296433
5.96 -2.00744570969 0.258369913608
5.965 -2.00615322843 0.258622278797
5.97 -2.00485948368 0.258875395469
5.975 -2.00356447181 0.259129267097
5.98 -2.00226818902 0.25938389733
5.985 -2.00097063095 0.259639290532
5.99 -1.99967179372 0.259895450473
5.995 -1.99837167351 0.260152380834
6.0 -1.99707026653 0.260410085291
6.005 -1.99576756898 0.260668567526
6.01 -1.99446357704 0.260927831216
6.015 -1.99315828692 0.26118788004
6.02 -1.9918516948 0.261448717677
6.025 -1.99054379689 0.261710347807
6.03 -1.98923458924 0.261972774296
6.035 -1.98792406722 0.262236001931
6.04 -1.98661222675 0.262500034787
6.045 -1.98529906382 0.262764876803
6.05 -1.98398457444 0.263030531915
6.055 -1.98266875462 0.263297004061
6.06 -1.98135160035 0.263564297178
6.065 -1.98003310765 0.263832415203
6.07 -1.97871327252 0.264101362074
6.075 -1.97739209095 0.264371141728
6.08 -1.97606955177 0.264641767989
6.085 -1.97474566678 0.264913223085
6.09 -1.9734204213 0.265185525626
6.095 -1.97209381129 0.265458679604
6.1 -1.97076583271 0.265732689041
6.105 -1.96943648147 0.266007557985
6.11 -1.96810575348 0.266283290512
6.115 -1.96677364461 0.266559890727
6.12 -1.96544015074 0.266837362762
6.125 -1.96410526771 0.267115710778
6.13 -1.96276899125 0.267394939067
6.135 -1.96143131653 0.267675052737
6.14 -1.96009223901 0.267956056435
6.145 -1.95875175428 0.268237954692
6.15 -1.95740985787 0.268520752086
6.155 -1.95606654529 0.268804453239
6.16 -1.954721812 0.269089062816
6.165 -1.95337565345 0.26937458553
6.17 -1.95202806505 0.269661026134
6.175 -1.95067904216 0.269948389428
6.18 -1.94932858013 0.270236680256
6.185 -1.94797667428 0.270525903508
6.19 -1.94662331987 0.270816064116
6.195 -1.94526851215 0.271107167058
6.2 -1.94391224642 0.271399217285
6.205 -1.94255451811 0.271692219585
6.21 -1.94119532248 0.271986178973
6.215 -1.93983465473 0.272281100525
6.22 -1.93847251001 0.272576989354
6.225 -1.93710888348 0.272873850614
6.23 -1.93574377025 0.273171689499
6.235 -1.93437716539 0.273470511239
6.24 -1.93300906398 0.273770321107
6.245 -1.93163946103 0.274071124415
6.25 -1.93026835157 0.274372926512
6.255 -1.92889573055 0.274675732788
6.26 -1.92752159293 0.274979548674
6.265 -1.92614593364 0.275284379637
6.27 -1.92476874759 0.275590231089
6.275 -1.92339002969 0.275897108382
6.28 -1.92200977481 0.27620501704
6.285 -1.92062797777 0.276513962628
6.29 -1.91924463336 0.276823950744
6.295 -1.91785973637 0.277134987023
6.3 -1.91647328154 0.277447077134
6.305 -1.9150852636 0.277760226784
6.31 -1.91369567724 0.278074441713
6.315 -1.91230451713 0.278389727697
6.32 -1.91091177791 0.27870609055
6.325 -1.90951745421 0.279023536117
6.33 -1.90812154059 0.279342070283
6.335 -1.90672403165 0.279661698966
6.34 -1.9053249218 0.27998242843
6.345 -1.90392420549 0.280304264982
6.35 -1.90252187714 0.280627214769
6.355 -1.90111793119 0.280951283981
6.36 -1.89971236203 0.281276478854
6.365 -1.898305164 0.281602805664
6.37 -1.89689633146 0.281930270733
6.375 -1.8954858587 0.282258880427
6.38 -1.89407374 0.282588641152
6.385 -1.8926599696 0.28291955936
6.39 -1.89124454172 0.283251641548
6.395 -1.88982745056 0.283584894252
6.4 -1.88840869027 0.283919324056
6.405 -1.88698825497 0.284254937599
6.41 -1.88556613862 0.28459174182
6.415 -1.88414233519 0.284929743596
6.42 -1.88271683868 0.285268949769
6.425 -1.88128964306 0.285609367229
6.43 -1.87986074224 0.285951002914
6.435 -1.87843013015 0.286293863814
6.44 -1.87699780063 0.286637956965
6.445 -1.87556374754 0.286983289453
6.45 -1.87412796467 0.287329868413
6.455 -1.8726904458 0.287677701029
6.46 -1.87125118467 0.288026794534
6.465 -1.86981017499 0.28837715621
6.47 -1.86836741043 0.288728793387
6.475 -1.8669228846 0.289081713489
6.48 -1.86547659092 0.289435924247
6.485 -1.86402852287 0.28979143326
6.49 -1.86257867393 0.29014824814
6.495 -1.86112703758 0.290506376551
6.5 -1.85967360722 0.290865826212
6.505 -1.85821837623 0.291226604896
6.51 -1.85676133797 0.29158872043
6.515 -1.85530248575 0.291952180695
6.52 -1.85384181284 0.292316993627
6.525 -1.85237931249 0.292683167214
6.53 -1.85091497789 0.2930507095
6.535 -1.84944880222 0.293419628582
6.54 -1.84798077861 0.293789932613
6.545 -1.84651090016 0.294161629808
6.55 -1.84503915972 0.294534728861
6.555 -1.84356555019 0.294909238423
6.56 -1.84209006447 0.295285167008
6.565 -1.84061269545 0.295662523193
6.57 -1.83913343599 0.296041315618
6.575 -1.83765227889 0.296421552986
6.58 -1.8361692169 0.296803244063
6.585 -1.83468424277 0.29718639768
6.59 -1.83319734917 0.297571022727
6.595 -1.83170852876 0.297957128163
6.6 -1.83021777414 0.298344723005
6.605 -1.82872507788 0.298733816337
6.61 -1.8272304325 0.299124417304
6.615 -1.8257338305 0.299516535114
6.62 -1.8242352642 0.299910179297
6.625 -1.82273472574 0.30030535971
6.63 -1.82123220742 0.300702085911
6.635 -1.81972770148 0.301100367524
6.64 -1.81822120013 0.301500214244
6.645 -1.81671269553 0.301901635842
6.65 -1.81520217979 0.302304642159
6.655 -1.81368964499 0.302709243111
6.66 -1.81217508315 0.303115448686
6.665 -1.81065848625 0.303523268944
6.67 -1.80913984622 0.303932714019
6.675 -1.80761915497 0.304343794119
6.68 -1.80609640434 0.304756519522
6.685 -1.80457158613 0.305170900582
6.69 -1.80304469204 0.305586947837
6.695 -1.80151571346 0.30600467244
6.7 -1.79998464193 0.306424085211
6.705 -1.79845146897 0.306845196978
6.71 -1.79691618608 0.307268018649
6.715 -1.79537878468 0.307692561219
6.72 -1.79383925615 0.308118835765
6.725 -1.79229759184 0.30854685345
6.73 -1.79075378301 0.308976625519
6.735 -1.7892078209 0.309408163302
6.74 -1.78765969669 0.309841478214
6.745 -1.78610940151 0.310276581753
6.75 -1.78455692645 0.3107134855
6.755 -1.78300226252 0.311152201121
6.76 -1.78144540071 0.31159274039
6.765 -1.77988633162 0.312035115833
6.77 -1.7783250459 0.312479339852
6.775 -1.77676153427 0.31292542467
6.78 -1.77519578742 0.313373382609
6.785 -1.77362779594 0.31382322609
6.79 -1.7720575504 0.314274967629
6.795 -1.77048504129 0.314728619844
6.8 -1.76891025905 0.315184195446
6.805 -1.76733319408 0.315641707247
6.81 -1.7657538367 0.316101168156
6.815 -1.76417217717 0.31656259118
6.82 -1.76258820573 0.317025989425
6.825 -1.76100191253 0.317491376092
6.83 -1.75941328766 0.317958764482
6.835 -1.75782232095 0.318428168475
6.84 -1.75622900201 0.318899602416
6.845 -1.75463332063 0.319373080163
6.85 -1.75303526657 0.319848615681
6.855 -1.75143482951 0.320326223051
6.86 -1.74983199907 0.320805916466
6.865 -1.74822676481 0.321287710235
6.87 -1.74661911621 0.32177161878
6.875 -1.74500904272 0.322257656637
6.88 -1.74339653369 0.322745838458
6.885 -1.74178157841 0.323236179008
6.89 -1.74016416614 0.323728693165
6.895 -1.73854428602 0.324223395924
6.9 -1.73692192718 0.324720302393
6.905 -1.73529707857 0.325219427987
6.91 -1.73366972872 0.325720789027
6.915 -1.73203986639 0.326224401366
6.92 -1.73040748026 0.326730280902
6.925 -1.72877255897 0.327238443669
6.93 -1.72713509107 0.327748905843
6.935 -1.72549506504 0.328261683735
6.94 -1.72385246929 0.328776793796
6.945 -1.72220729212 0.329294252616
6.95 -1.72055952182 0.329814076923
6.955 -1.71890914654 0.330336283581
6.96 -1.71725615439 0.330860889595
6.965 -1.71560053327 0.331387912396
6.97 -1.71394227085 0.331917369836
6.975 -1.7122813549 0.332449279541
6.98 -1.71061777313 0.332983659285
6.985 -1.70895151316 0.333520526996
6.99 -1.70728256251 0.334059900755
6.995 -1.70561090864 0.334601798796
7.0 -1.70393653892 0.335146239509
7.005 -1.70225944064 0.335693241435
7.01 -1.700579601 0.336242823271
7.015 -1.69889700713 0.336795003867
7.02 -1.69721164605 0.337349802241
7.025 -1.69552350442 0.337907238331
7.03 -1.69383256883 0.338467332102
7.035 -1.69213882596 0.339030103343
7.04 -1.69044226237 0.339595572019
7.045 -1.68874286455 0.340163758273
7.05 -1.68704061887 0.340734682426
7.055 -1.68533551163 0.341308364976
7.06 -1.68362752904 0.341884826602
7.065 -1.68191665721 0.342464088157
7.07 -1.68020288214 0.343046170673
7.075 -1.67848618977 0.343631095362
7.08 -1.67676656587 0.344218883745
7.085 -1.67504399575 0.344809558457
7.09 -1.67331846484 0.345403141753
7.095 -1.67158995854 0.345999655922
7.1 -1.66985846216 0.346599123456
7.105 -1.66812396089 0.347201567054
7.11 -1.66638643983 0.347807009617
7.115 -1.66464588397 0.348415474253
7.12 -1.6629022782 0.349026984273
7.125 -1.66115560731 0.349641563193
7.13 -1.65940585597 0.350259234736
7.135 -1.65765300877 0.350880022825
7.14 -1.65589705 0.35150395202
7.145 -1.65413796353 0.352131047891
7.15 -1.65237573343 0.352761335424
7.155 -1.65061034369 0.353394839797
7.16 -1.64884177818 0.354031586427
7.165 -1.64707002066 0.354671600962
7.17 -1.64529505476 0.355314909289
7.175 -1.64351686399 0.355961537529
7.18 -1.64173543177 0.356611512041
7.185 -1.63995074138 0.357264859417
7.19 -1.638162776 0.357921606488
7.195 -1.63637151867 0.35858178032
7.2 -1.63457695195 0.359245409226
7.205 -1.63277905817 0.359912521923
7.21 -1.63097781986 0.360583146678
7.215 -1.6291732194 0.361257312035
7.22 -1.62736523902 0.361935046808
7.225 -1.62555386086 0.362616380086
7.23 -1.62373906689 0.363301341232
7.235 -1.62192083897 0.36398995988
7.24 -1.62009915882 0.364682265939
7.245 -1.61827400804 0.36537828959
7.25 -1.61644536809 0.36607806129
7.255 -1.61461322027 0.366781611863
7.26 -1.61277754522 0.36748897372
7.265 -1.61093832369 0.36820017904
7.27 -1.60909553636 0.368915259992
7.275 -1.6072491638 0.369634249069
7.28 -1.60539918638 0.370357179094
7.285 -1.60354558437 0.371084083216
7.29 -1.60168833785 0.371814994911
7.295 -1.59982742677 0.372549947984
7.3 -1.59796283092 0.373288976566
7.305 -1.59609452981 0.374032115434
7.31 -1.59422250252 0.374779400383
7.315 -1.59234672822 0.375530866951
7.32 -1.59046718592 0.376286551003
7.325 -1.58858385448 0.377046488767
7.33 -1.58669671256 0.377810716832
7.335 -1.58480573869 0.378579272154
7.34 -1.58291091122 0.379352192049
7.345 -1.58101220833 0.380129514197
7.35 -1.57910960803 0.380911276654
7.355 -1.57720308778 0.381697518944
7.36 -1.57529262487 0.382488280933
7.365 -1.57337819659 0.383283602345
7.37 -1.57145978008 0.38408352332
7.375 -1.56953735227 0.384888084413
7.38 -1.56761088991 0.385697326595
7.385 -1.56568036956 0.386511291253
7.39 -1.56374576762 0.387330020191
7.395 -1.56180706028 0.388153555626
7.4 -1.55986422344 0.388981940456
7.405 -1.55791723235 0.389815219393
7.41 -1.55596606233 0.39065343672
7.415 -1.55401068861 0.391496637004
7.42 -1.55205108618 0.392344865285
7.425 -1.55008722984 0.393198167077
7.43 -1.54811909418 0.394056588369
7.435 -1.54614665358 0.394920175625
7.44 -1.54416988222 0.395788975784
7.445 -1.54218875407 0.396663036259
7.45 -1.54020324359 0.397542402995
7.455 -1.53821332114 0.39842713329
7.46 -1.53621896152 0.399317271937
7.465 -1.53422013751 0.400212869255
7.47 -1.53221682169 0.401113976055
7.475 -1.53020898641 0.402020643653
7.48 -1.5281966038 0.402932923872
7.485 -1.52617964579 0.403850869054
7.49 -1.52415808406 0.404774532064
7.495 -1.52213189004 0.405703966402
7.5 -1.52010103438 0.4066392277
7.505 -1.51806548767 0.407580371647
7.51 -1.51602522037 0.408527454167
7.515 -1.51398020266 0.40948053187
7.52 -1.51193040445 0.410439662058
7.525 -1.50987579533 0.411404902741
7.53 -1.50781634464 0.412376312654
7.535 -1.50575202138 0.413353951267
7.54 -1.50368279427 0.4143378788
7.545 -1.50160863173 0.415328156237
7.55 -1.49952950185 0.416324845331
7.555 -1.49744537246 0.417328008607
7.56 -1.49535621103 0.418337709409
7.565 -1.49326198471 0.419354011899
7.57 -1.49116266031 0.420376981071
7.575 -1.48905820432 0.421406682763
7.58 -1.48694858288 0.422443183673
7.585 -1.48483376179 0.423486551368
7.59 -1.48271370652 0.424536854303
7.595 -1.48058838215 0.425594161831
7.6 -1.47845775343 0.426658544217
7.605 -1.47632178487 0.427730072321
7.61 -1.47418044063 0.42880881789
7.615 -1.47203368445 0.429894853792
7.62 -1.46988147968 0.430988253829
7.625 -1.46772378931 0.432089092752
7.63 -1.46556057598 0.433197446275
7.635 -1.46339180192 0.434313391084
7.64 -1.461217429 0.435437004848
7.645 -1.45903741869 0.436568366235
7.65 -1.4568517321 0.437707554923
7.655 -1.45466032989 0.438854651689
7.66 -1.45246317222 0.440009738919
7.665 -1.4502602189 0.441172899764
7.67 -1.44805142935 0.44234421838
7.675 -1.44583676258 0.443523780035
7.68 -1.44361617716 0.444711671123
7.685 -1.44138963124 0.44590797918
7.69 -1.43915708255 0.447112792898
7.695 -1.43691848835 0.448326202136
7.7 -1.43467380549 0.44954829794
7.705 -1.43242299036 0.450779172552
7.71 -1.43016599879 0.452018919775
7.715 -1.42790278605 0.453267635084
7.72 -1.42563330703 0.454525414779
7.725 -1.42335751618 0.455792356459
7.73 -1.42107536745 0.457068559046
7.735 -1.41878681429 0.458354122807
7.74 -1.41649180968 0.459649149365
7.745 -1.41419030606 0.460953741722
7.75 -1.41188225539 0.462268004273
7.755 -1.40956760912 0.463592042823
7.76 -1.40724631815 0.464925964639
7.765 -1.40491833265 0.46626987927
7.77 -1.40258360228 0.467623897582
7.775 -1.40024207624 0.468988131686
7.78 -1.39789370318 0.470362695258
7.785 -1.39553843116 0.471747703559
7.79 -1.3931762077 0.473143273457
7.795 -1.39080697971 0.474549523446
7.8 -1.38843069354 0.475966573668
7.805 -1.38604729495 0.477394545935
7.81 -1.38365672907 0.478833563748
7.815 -1.3812589404 0.480283752607
7.82 -1.37885387251 0.481745240798
7.825 -1.37644146857 0.483218157691
7.83 -1.37402167109 0.484702634413
7.835 -1.37159442195 0.486198803971
7.84 -1.36915966237 0.487706801283
7.845 -1.3667173329 0.489226763198
7.85 -1.36426737341 0.490758828524
7.855 -1.36180972309 0.492303138054
7.86 -1.35934432044 0.493859834591
7.865 -1.35687110327 0.495429062973
7.87 -1.3543900084 0.497010971073
7.875 -1.35190097187 0.498605709299
7.88 -1.34940392912 0.500213429499
7.885 -1.34689881487 0.501834285761
7.89 -1.34438556306 0.503468434449
7.895 -1.34186410686 0.50511603423
7.9 -1.33933437866 0.506777246112
7.905 -1.33679631004 0.508452233466
7.91 -1.33424983179 0.510141162068
7.915 -1.3316948739 0.511844200122
7.92 -1.32913136547 0.513561518463
7.925 -1.32655923434 0.515293292198
7.93 -1.32397840768 0.517039698269
7.935 -1.32138881188 0.518800915913
7.94 -1.31879037243 0.520577127089
7.945 -1.31618301393 0.522368516518
7.95 -1.31356666005 0.52417527172
7.955 -1.31094123357 0.525997583058
7.96 -1.30830665628 0.527835643768
7.965 -1.30566284907 0.529689650007
7.97 -1.30300973185 0.531559800886
7.975 -1.3003472234 0.533446299224
7.98 -1.29767524113 0.535349352356
7.985 -1.29499370173 0.537269169694
7.99 -1.29230252084 0.539205963897
7.995 -1.28960161304 0.541159950978
8.0 -1.28689089184 0.543131350358
8.005 -1.28417026965 0.545120384918
8.01 -1.28143965776 0.547127281046
8.015 -1.27869896637 0.549152268695
8.02 -1.27594810435 0.551195582059
8.025 -1.27318697935 0.553257459476
8.03 -1.27041549791 0.555338142541
8.035 -1.26763356543 0.557437876725
8.04 -1.26484108604 0.55955691143
8.045 -1.26203796265 0.561695500055
8.05 -1.25922409693 0.56385390005
8.055 -1.25639938927 0.566032372974
8.06 -1.25356373877 0.568231184582
8.065 -1.25071704285 0.570450606503
8.07 -1.24785919758 0.572690914771
8.075 -1.24499009784 0.574952389231
8.08 -1.24210963709 0.577235314334
8.085 -1.2392177074 0.57953997921
8.09 -1.23631419938 0.581866677745
8.095 -1.23339900222 0.584215708644
8.1 -1.2304720036 0.586587375514
8.105 -1.22753308971 0.588981987077
8.11 -1.22458214471 0.591399859183
8.115 -1.22161905137 0.593841312262
8.12 -1.21864369097 0.596306671649
8.125 -1.21565594318 0.598796268161
8.13 -1.21265568601 0.601310438184
8.135 -1.20964279582 0.603849523764
8.14 -1.20661714727 0.60641387269
8.145 -1.20357861332 0.609003838581
8.15 -1.20052706508 0.611619781446
8.155 -1.1974623713 0.614262069888
8.16 -1.19438439924 0.616931077411
8.165 -1.19129301436 0.619627183647
8.17 -1.18818808023 0.622350774776
8.175 -1.18506945851 0.625102243637
8.18 -1.18193700892 0.627881989824
8.185 -1.17879058918 0.630690419801
8.19 -1.17563005505 0.633527946999
8.195 -1.17245526 0.636394993031
8.2 -1.16926605482 0.639291989427
8.205 -1.16606228864 0.642219373277
8.21 -1.1628438084 0.645177589252
8.215 -1.15961045888 0.648167089878
8.22 -1.15636208257 0.651188335656
8.225 -1.15309851971 0.654241795197
8.23 -1.14981960823 0.657327945341
8.235 -1.14652518371 0.660447271292
8.24 -1.14321507897 0.663600268536
8.245 -1.13988912398 0.666787443184
8.25 -1.13654714654 0.670009308814
8.255 -1.1331889719 0.673266388359
8.26 -1.12981442268 0.676559214286
8.265 -1.12642331883 0.679888328764
8.27 -1.12301547762 0.683254283832
8.275 -1.11959071346 0.686657642048
8.28 -1.11614883764 0.690098977601
8.285 -1.11268965881 0.693578874371
8.29 -1.10921298271 0.697097926936
8.295 -1.10571861209 0.700656740829
8.3 -1.10220634674 0.704255932723
8.305 -1.09867598337 0.707896130621
8.31 -1.0951273155 0.711577974472
8.315 -1.09156013286 0.715302119021
8.32 -1.08797422217 0.719069229968
8.325 -1.08436936692 0.722879985105
8.33 -1.08074534724 0.726735074972
8.335 -1.07710193979 0.730635203073
8.34 -1.07343891777 0.734581086104
8.345 -1.06975605079 0.738573454304
8.35 -1.0660531042 0.742613054593
8.355 -1.06232983973 0.746700647624
8.36 -1.05858601549 0.750837007728
8.365 -1.05482138573 0.755022924042
8.37 -1.05103570078 0.759259200774
8.375 -1.04722870697 0.763546657463
8.38 -1.04340014659 0.767886129242
8.385 -1.03954975717 0.772278469901
8.39 -1.03567727181 0.776724550691
8.395 -1.0317824196 0.781225258116
8.4 -1.0278649252 0.785781495911
8.405 -1.02392450878 0.790394185346
8.41 -1.01996088593 0.795064265534
8.415 -1.01597376759 0.799792693738
8.42 -1.01196285957 0.804580447686
8.425 -1.0079278621 0.809428527258
8.43 -1.003868471 0.814337949492
8.435 -0.999784377013 0.819309751417
8.44 -0.995675265726 0.824344990485
8.445 -0.991540817467 0.829444744934
8.45 -0.987380707233 0.834610114146
8.455 -0.983194604327 0.83984222023
8.46 -0.978982171413 0.845142212182
8.465 -0.974743066033 0.850511259172
8.47 -0.97047693998 0.855950553325
8.475 -0.966183439104 0.861461310554
8.48 -0.961862203211 0.867044770984
8.485 -0.957512865973 0.872702199376
8.49 -0.953135054691 0.87843488611
8.495 -0.948728388954 0.884244152978
8.5 -0.944292482213 0.890131346405
8.505 -0.939826941443 0.896097838916
8.51 -0.935331366771 0.902145030727
8.515 -0.930805351365 0.908274350243
8.52 -0.926248481315 0.914487254549
8.525 -0.921660335496 0.920785230003
8.53 -0.917040484317 0.927169797437
8.535 -0.912388490496 0.933642508969
8.54 -0.907703909355 0.940204946813
8.545 -0.902986288267 0.946858725565
8.55 -0.89823516652 0.953605492809
8.555 -0.893450075162 0.960446929763
8.56 -0.888630536302 0.9673847539
8.565 -0.883776063407 0.974420717961
8.57 -0.878886161358 0.981556609857
8.575 -0.873960326101 0.988794254035
8.58 -0.868998044486 0.996135512125
8.585 -0.863998794098 1.00358228368
8.59 -0.858962042122 1.01113651031
8.595 -0.853887245968 1.01880017358
8.6 -0.848773853447 1.02657529443
8.605 -0.843621302257 1.03446393518
8.61 -0.838429019798 1.04246820021
8.615 -0.83319642298 1.0505902368
8.62 -0.82792291706 1.05883223878
8.625 -0.822607896248 1.06719644493
8.63 -0.817250743867 1.07568513868
8.635 -0.811850831805 1.08430065002
8.64 -0.806407520318 1.09304535624
8.645 -0.800920157802 1.10192168279
8.65 -0.795388079529 1.11093210659
8.655 -0.789810608302 1.12007915479
8.66 -0.784187054613 1.12936540481
8.665 -0.778516716044 1.13879348601
8.67 -0.772798877041 1.1483660806
8.675 -0.767032808668 1.15808592447
8.68 -0.761217767239 1.16795580952
8.685 -0.755352995016 1.17797858339
8.69 -0.749437720355 1.18815714976
8.695 -0.743471157059 1.19849446984
8.7 -0.737452504131 1.2089935632
8.705 -0.731380945484 1.21965750864
8.71 -0.725255648362 1.23048944449
8.715 -0.71907576429 1.24149257003
8.72 -0.712840429229 1.2526701466
8.725 -0.706548762812 1.26402549825
8.73 -0.70019986808 1.27556201261
8.735 -0.693792831206 1.28728314178
8.74 -0.687326721068 1.29919240275
8.745 -0.680800586928 1.31129337211
8.75 -0.674213460623 1.32358969437
8.755 -0.667564356157 1.33608508238
8.76 -0.660852268911 1.34878331668
8.765 -0.654076175346 1.36168824632
8.77 -0.647235032692 1.37480378962
8.775 -0.640327778476 1.3881339331
8.78 -0.633353329041 1.40168272011
8.785 -0.626310580682 1.41545426656
8.79 -0.619198409037 1.42945275854
8.795 -0.612015668594 1.44368245108
8.8 -0.604761192384 1.45814766774
8.805 -0.597433792006 1.47285279273
8.81 -0.590032256879 1.48780228028
8.815 -0.582555353947 1.50300065392
8.82 -0.57500182741 1.51845250522
8.825 -0.567370398382 1.5341624928
8.83 -0.559659764463 1.55013532546
8.835 -0.551868599482 1.56637577541
8.84 -0.543995553174 1.58288867903
8.845 -0.536039250833 1.59967893261
8.85 -0.527998293511 1.61675148277
8.855 -0.519871257405 1.63411133001
8.86 -0.511656693349 1.65176353069
8.865 -0.503353126661 1.66971319309
8.87 -0.494959057321 1.68796546037
8.875 -0.486472959616 1.706525511
8.88 -0.477893281457 1.72539856937
8.885 -0.469218444321 1.74458989643
8.89 -0.460446843688 1.76410477271
8.895 -0.451576849166 1.78394848754
8.9 -0.442606803138 1.8041263589
8.905 -0.433535021049 1.82464371924
8.91 -0.424359791805 1.84550590026
8.915 -0.415079378699 1.8667182074
8.92 -0.405692017794 1.88828594282
8.925 -0.396195918454 1.91021438781
8.93 -0.386589264414 1.9325087786
8.935 -0.37687021303 1.9551743104
8.94 -0.367036895227 1.9782161305
8.945 -0.357087416761 2.00163931048
8.95 -0.347019859075 2.02544882462
8.955 -0.336832277884 2.04964956545
8.96 -0.326522704362 2.07424631745
8.965 -0.316089147749 2.09924371131
8.97 -0.305529593586 2.12464624163
8.975 -0.294842004413 2.15045824881
8.98 -0.284024322695 2.17668387008
8.985 -0.273074471344 2.2033270239
8.99 -0.26199035266 2.23039141672
8.995 -0.250769850786 2.25788050126
9.0 -0.239410835934 2.28579741249
9.005 -0.227911161515 2.31414499643
9.01 -0.216268666252 2.34292577375
9.015 -0.204481179727 2.37214186171
9.02 -0.192546521867 2.40179497083
9.025 -0.180462502908 2.43188639587
9.03 -0.168226927683 2.46241695467
9.035 -0.155837601399 2.49338691033
9.04 -0.143292327328 2.52479598747
9.045 -0.130588911811 2.55664330587
9.05 -0.117725167928 2.58892732948
9.055 -0.10469891619 2.62164584524
9.06 -0.0915079915088 2.65479587825
9.065 -0.0781502462551 2.68837364699
9.07 -0.0646235515614 2.72237453657
9.075 -0.0509258062134 2.7567930001
9.08 -0.0370549385881 2.79162252357
9.085 -0.0230089102299 2.82685557654
9.09 -0.00878572618424 2.86248350639
9.095 0.00561656407526 2.89849650978
9.1 0.0201998603886 2.93488356232
9.105 0.0349660007958 2.97163231394
9.11 0.0499167607303 3.0087290566
9.115 0.0650538439474 3.04615863852
9.12 0.0803788709097 3.08390436452
9.125 0.0958933782879 3.12194795821
9.13 0.111598809066 3.16026947236
9.135 0.127496499783 3.19884720314
9.14 0.14358767245 3.2376576068
9.145 0.159873426372 3.27667521358
9.15 0.176354727196 3.31587254753
9.155 0.193032401896 3.35522011711
9.16 0.209907124387 3.39468628559
9.165 0.226979405043 3.43423720317
9.17 0.244249577867 3.47383673373
9.175 0.261717790315 3.51344638609
9.18 0.279383991179 3.55302525346
9.185 0.29724791974 3.59252999956
9.19 0.315309091737 3.63191476059
9.195 0.333566787068 3.67113111439
9.2 0.352020037697 3.71012807595
9.205 0.370667613575 3.74885203348
9.21 0.389508009907 3.78724674861
9.215 0.408539435131 3.82525339234
9.22 0.427759795945 3.86281050156
9.225 0.447166685123 3.89985402737
9.23 0.466757370394 3.93631741538
9.235 0.486528778909 3.97213160206
9.24 0.506477486459 4.00722512148
9.245 0.526599707536 4.04152423765
9.25 0.546891280331 4.07495299587
9.255 0.567347658304 4.1074333971
9.26 0.58796390224 4.13888558792
9.265 0.608734667174 4.16922799138
9.27 0.629654195628 4.19837753447
9.275 0.650716313775 4.22624990489
9.28 0.671914423116 4.25275980102
9.285 0.693241497006 4.27782123227
9.29 0.714690076818 4.30134777012
9.295 0.736252271592 4.32325292184
9.3 0.757919759202 4.34345052007
9.305 0.779683787914 4.36185505853
9.31 0.801535180284 4.37838207087
9.315 0.823464340747 4.39294862322
9.32 0.845461263744 4.4054737266
9.325 0.867515543931 4.4158787275
9.33 0.889616390169 4.42408785315
9.335 0.911752641036 4.43002867904
9.34 0.933912781114 4.4336325343
9.345 0.956084962473 4.43483503435
9.35 0.978257028031 4.43357658118
9.355 1.00041653465 4.42980277361
9.36 1.02255078021 4.42346485276
9.365 1.04464683568 4.41452020319
9.37 1.06669157545 4.40293273552
9.375 1.08867170756 4.38867321506
9.38 1.11057381406 4.3717196888
9.385 1.13238438756 4.35205778508
9.39 1.15408986489 4.3296809485
9.395 1.17567667123 4.30459069271
9.4 1.19713126211 4.27679677585
9.405 1.21844016082 4.24631732588
9.41 1.23959000109 4.21317890206
9.415 1.26056757292 4.17741648617
9.42 1.28135986257 4.13907344726
9.425 1.3019540909 4.09820147529
9.43 1.32233775951 4.05486032344
9.435 1.34249868966 4.00911758348
9.44 1.36242505822 3.96104849258
9.445 1.38210543595 3.91073552797
9.45 1.40152882298 3.85826800619
9.455 1.42068468368 3.80374163017
9.46 1.43956297599 3.74725797542
9.465 1.45815417935 3.68892400792
9.47 1.47644931958 3.62885153313
9.475 1.49443999151 3.56715654665
9.48 1.51211838059 3.50395865455
9.485 1.52947727783 3.43938042242
9.49 1.54651009272 3.37354672931
9.495 1.56321086435 3.30658415782
9.5 1.57957426661 3.23862031663
9.505 1.59559561286 3.16978321656
9.51 1.61127085717 3.10020065581
9.515 1.62659658954 3.02999961491
9.52 1.64157003253 2.95930568041
9.525 1.65618903193 2.88824250412
9.53 1.67045204503 2.81693129397
9.535 1.68435812922 2.74549031545
9.54 1.6979069243 2.67403448028
9.545 1.71109863516 2.60267493967
9.55 1.72393401308 2.53151871115
9.555 1.73641433277 2.46066840592
9.56 1.74854137061 2.39022192618
9.565 1.76031738044 2.32027225179
9.57 1.77174506801 2.25090728209
9.575 1.78282756572 2.182209655
9.58 1.79356840585 2.11425668347
9.585 1.80397149368 2.0471202886
9.59 1.81404108047 1.98086694753
9.595 1.82378173651 1.91555775777
9.6 1.83319832433 1.85124847949
9.605 1.84229597159 1.78798955502
9.61 1.85108004526 1.72582620658
9.615 1.85955612609 1.66479854433
9.62 1.86772998281 1.60494180113
9.625 1.87560754759 1.54628651112
9.63 1.88319489374 1.48885859632
9.635 1.89049821433 1.43267946335
9.64 1.89752379872 1.37776635325
9.645 1.90427801105 1.32413260483
9.65 1.91076727311 1.27178772637
9.655 1.91699804603 1.22073761713
9.66 1.92297681156 1.17098486093
9.665 1.92871005624 1.12252892454
9.67 1.93420425667 1.07536635381
9.675 1.9394658653 1.02949099782
9.68 1.94450129761 0.984894223409
9.685 1.94931692033 0.941565117228
9.69 1.95391904009 0.899490688236
9.695 1.9583138937 0.858656059555
9.7 1.96250763943 0.819044654522
9.705 1.96650634873 0.780638375664
9.71 1.97031599894 0.743417776364
9.715 1.97394246755 0.707362215335
9.72 1.97739152634 0.672450013229
9.725 1.98066883568 0.638658611192
9.73 1.98377994154 0.605964686103
9.735 1.98673027176 0.574344283148
9.74 1.98952513292 0.54377294985
9.745 1.99216970836 0.514225828579
9.75 1.99466905638 0.485677761726
9.755 1.99702810893 0.458103398865
9.76 1.99925167088 0.431477271507
9.765 2.00134441964 0.405773873298
9.77 2.00331090518 0.380967741552
9.775 2.0051555504 0.35703351658
9.78 2.00688265168 0.33394600074
9.785 2.00849638006 0.311680217245
9.79 2.01000078235 0.290211455513
9.795 2.01139978244 0.269515312985
9.8 2.01269718317 0.249567735482
9.805 2.01389666806 0.230345049694
9.81 2.01500180317 0.211823991413
9.815 2.01601603937 0.19398173104
9.82 2.01694271461 0.176795894834
9.825 2.01778505597 0.160244582704
9.83 2.01854618242 0.144306382003
9.835 2.0192291072 0.128960379434
9.84 2.01983673999 0.114186171405
9.845 2.02037188947 0.0999638709315
9.85 2.02083726656 0.0862741082729
9.855 2.02123548697 0.0730980338252
9.86 2.02156907305 0.0604173228621
9.865 2.02184045662 0.04821417381
9.87 2.02205198209 0.0364713004414
9.875 2.02220590897 0.0251719289125
9.88 2.02230441387 0.0142997981716
9.885 2.02234959314 0.00383915278199
9.89 2.02234346587 -0.00622526977783
9.895 2.02228797627 -0.0159082456698
9.9 2.02218499562 -0.0252240675411
9.905 2.02203632473 -0.0341865548365
9.91 2.02184369672 -0.0428090687128
9.915 2.02160877916 -0.051104520624
9.92 2.021333176 -0.0590853775875
9.925 2.02101842979 -0.0667636739345
9.93 2.02066602415 -0.0741510266061
9.935 2.02027738574 -0.0812586446939
9.94 2.01985388602 -0.0880973363547
9.945 2.0193968433 -0.094677520818
9.95 2.01890752488 -0.10100924318
9.955 2.01838714881 -0.107102184156
9.96 2.01783688552 -0.112965667824
9.965 2.01725785964 -0.118608673269
9.97 2.0166511518 -0.12403984824
9.975 2.01601780029 -0.129267518658
9.98 2.01535880245 -0.134299696671
9.985 2.01467511631 -0.139144091517
9.99 2.01396766211 -0.143808121789
9.995 2.01323732376 -0.148298924414
