0.0 -1.0 -2.0
0.005 -1.00998701087 -1.9947248308
0.01 -1.01994632555 -1.98889893384
0.015 -1.0298751077 -1.98252210881
0.02 -1.03977062936 -1.97559484321
0.025 -1.04963014094 -1.9681182619
0.03 -1.05945090007 -1.96009416014
0.035 -1.06923017488 -1.95152499844
0.04 -1.07896524757 -1.94241393662
0.045 -1.0886534181 -1.93276476053
0.05 -1.0982920067 -1.92258192937
0.055 -1.10787835734 -1.91187056907
0.06 -1.11740984196 -1.90063646133
0.065 -1.12688386536 -1.88888603049
0.07 -1.13629786339 -1.87662634795
0.075 -1.14564930167 -1.86386513325
0.08 -1.15493569977 -1.85061068038
0.085 -1.164154612 -1.83687191761
0.09 -1.17330363418 -1.82265837587
0.095 -1.18238042299 -1.80798010096
0.1 -1.1913826802 -1.79284772261
0.105 -1.20030816484 -1.77727237146
0.11 -1.20915468818 -1.76126571928
0.115 -1.21792012599 -1.74483987662
0.12 -1.22660241193 -1.72800744701
0.125 -1.23519954676 -1.71078142714
0.13 -1.24370959455 -1.69317525045
0.135 -1.25213069057 -1.67520267685
0.14 -1.26046103669 -1.65687785748
0.145 -1.26869890718 -1.63821523909
0.15 -1.27684265043 -1.61922953483
0.155 -1.28489068843 -1.5999357306
0.16 -1.29284151742 -1.58034902924
0.165 -1.30069371298 -1.5604847964
0.17 -1.30844592706 -1.54035856411
0.175 -1.31609688735 -1.51998601257
0.18 -1.32364540225 -1.49938290008
0.185 -1.33109035791 -1.47856504971
0.19 -1.33843072052 -1.45754831458
0.195 -1.34566553546 -1.43634854885
0.2 -1.35279392671 -1.41498157834
0.205 -1.35981509825 -1.39346316828
0.21 -1.36672833166 -1.37180900068
0.215 -1.37353298728 -1.35003464051
0.22 -1.38022850267 -1.32815551402
0.225 -1.38681439144 -1.3061868846
0.23 -1.39329024469 -1.28414381455
0.235 -1.39965572858 -1.2620411504
0.24 -1.40591058011 -1.23989352157
0.245 -1.41205461074 -1.21771528442
0.25 -1.41808770388 -1.19552051016
0.255 -1.42400981035 -1.17332299731
0.26 -1.42982095012 -1.15113622076
0.265 -1.43552121084 -1.12897331312
0.27 -1.4411107436 -1.10684708329
0.275 -1.44658976251 -1.08476998486
0.28 -1.45195854416 -1.06275408558
0.285 -1.45721742418 -1.04081108286
0.29 -1.46236679478 -1.01895230366
0.295 -1.46740710482 -0.997188658284
0.3 -1.47233885686 -0.975530653279
0.305 -1.47716260403 -0.953988412611
0.31 -1.48187894957 -0.932571632704
0.315 -1.48648854456 -0.911289584195
0.32 -1.49099208489 -0.8901511425
0.325 -1.49539030984 -0.869164762609
0.33 -1.49968399979 -0.848338480958
0.335 -1.50387397456 -0.827679916479
0.34 -1.50796109115 -0.807196275436
0.345 -1.51194624111 -0.786894362431
0.35 -1.51583034885 -0.766780578794
0.355 -1.51961437063 -0.746860908502
0.36 -1.52329929117 -0.727140950394
0.365 -1.52688612197 -0.707625918257
0.37 -1.53037590003 -0.688320636124
0.375 -1.53376968549 -0.669229554296
0.38 -1.53706855958 -0.650356758975
0.385 -1.5402736232 -0.631705976234
0.39 -1.54338599509 -0.613280580267
0.395 -1.54640680987 -0.595083606742
0.4 -1.54933721647 -0.577117760348
0.405 -1.5521783767 -0.559385420704
0.41 -1.5549314634 -0.541888657469
0.415 -1.55759765893 -0.524629239846
0.42 -1.56017815387 -0.507608642919
0.425 -1.56267414544 -0.490828060982
0.43 -1.56508683611 -0.474288419144
0.435 -1.56741743234 -0.457990381247
0.44 -1.56966714333 -0.441934359495
0.445 -1.57183717969 -0.426120529015
0.45 -1.57392875229 -0.410548837214
0.455 -1.57594307119 -0.395219013331
0.46 -1.57788134459 -0.380130575064
0.465 -1.5797447778 -0.36528284286
0.47 -1.58153457232 -0.35067494781
0.475 -1.58325192497 -0.336305841057
0.48 -1.58489802659 -0.322174310489
0.485 -1.58647406164 -0.308278983096
0.49 -1.58798120739 -0.2946183339
0.495 -1.58942063321 -0.281190695288
0.5 -1.5907934997 -0.267994270466
0.505 -1.5921009581 -0.255027139988
0.51 -1.59334414984 -0.242287267203
0.515 -1.59452420592 -0.229772507559
0.52 -1.59564224637 -0.217480617541
0.525 -1.59669937968 -0.205409263471
0.53 -1.59769670251 -0.193556025973
0.535 -1.59863529926 -0.181918407948
0.54 -1.59951624166 -0.170493841546
0.545 -1.6003405884 -0.159279696032
0.55 -1.60110938487 -0.148273282351
0.555 -1.60182366291 -0.137471859466
0.56 -1.6024844405 -0.126872640165
0.565 -1.60309272162 -0.116472797565
0.57 -1.60364949601 -0.106269469532
0.575 -1.60415573902 -0.0962597635688
0.58 -1.60461241148 -0.0864407616848
0.585 -1.60502045959 -0.076809525528
0.59 -1.60538081477 -0.0673631006515
0.595 -1.60569439369 -0.0580985200258
0.6 -1.60596209811 -0.0490128081491
0.605 -1.60618481493 -0.04010298507
0.61 -1.60636341617 -0.0313660702511
0.615 -1.60649875891 -0.0227990846715
0.62 -1.60659168536 -0.0143990542244
0.625 -1.60664302285 -0.00616301246359
0.63 -1.60665358392 0.00191199649652
0.635 -1.60662416637 0.00982891259883
0.64 -1.60655555333 0.0175906611028
0.645 -1.60644851336 0.025200150041
0.65 -1.60630380057 0.0326602679579
0.655 -1.6061221547 0.0399738822584
0.66 -1.60590430111 0.0471438342492
0.665 -1.6056509509 0.054172939023
0.67 -1.60536280134 0.0610639866568
0.675 -1.60504053587 0.0678197395688
0.68 -1.60468482427 0.0744429315591
0.685 -1.60429632272 0.0809362653327
0.69 -1.60387567349 0.0873024081279
0.695 -1.60342350589 0.0935439972209
0.7 -1.6029404362 0.0996636371378
0.705 -1.60242706786 0.105663898986
0.71 -1.6018839916 0.11154731977
0.715 -1.60131178515 0.117316397342
0.72 -1.60071101393 0.122973594731
0.725 -1.60008223127 0.128521339981
0.73 -1.5994259785 0.133962025111
0.735 -1.59874278517 0.139298006109
0.74 -1.59803316898 0.144531600189
0.745 -1.59729763596 0.149665085609
0.75 -1.59653668103 0.154700705371
0.755 -1.59575078802 0.159640665544
0.76 -1.59494042987 0.164487135477
0.765 -1.5941060688 0.169242247237
0.77 -1.59324815617 0.173908092758
0.775 -1.59236713313 0.178486728611
0.78 -1.59146343067 0.182980175035
0.785 -1.59053746981 0.187390416039
0.79 -1.5895896618 0.191719399723
0.795 -1.58862040805 0.195969035923
0.8 -1.58763010053 0.200141198773
0.805 -1.58661912201 0.204237727786
0.81 -1.58558784615 0.208260427564
0.815 -1.5845366377 0.212211068301
0.82 -1.58346585264 0.21609138512
0.825 -1.58237583824 0.219903077699
0.83 -1.58126693342 0.223647813278
0.835 -1.58013946888 0.227327226084
0.84 -1.57899376726 0.230942917852
0.845 -1.57783014326 0.234496458109
0.85 -1.57664890372 0.237989382996
0.855 -1.57545034794 0.241423197928
0.86 -1.57423476776 0.244799377715
0.865 -1.57300244776 0.248119366903
0.87 -1.57175366535 0.251384580326
0.875 -1.57048869095 0.254596402516
0.88 -1.56920778807 0.25775618885
0.885 -1.56791121356 0.260865266716
0.89 -1.56659921773 0.263924935624
0.895 -1.56527204442 0.26693646776
0.9 -1.56392993121 0.269901108171
0.905 -1.56257310948 0.27282007468
0.91 -1.56120180461 0.275694559619
0.915 -1.55981623607 0.278525729894
0.92 -1.55841661759 0.281314727497
0.925 -1.55700315728 0.284062669953
0.93 -1.55557605753 0.286770650214
0.935 -1.55413551557 0.28943973778
0.94 -1.55268172323 0.292070979244
0.945 -1.55121486716 0.294665398643
0.95 -1.54973512896 0.297223997951
0.955 -1.54824268526 0.299747756924
0.96 -1.54673770785 0.302237633919
0.965 -1.54522036378 0.304694567023
0.97 -1.54369081546 0.307119474131
0.975 -1.54214922076 0.309513253428
0.98 -1.54059573314 0.311876783882
0.985 -1.53903050172 0.314210925735
0.99 -1.53745367136 0.316516520332
0.995 -1.53586538248 0.318794388269
1.0 -1.53426577165 0.321045334104
1.005 -1.5326549715 0.323270145477
1.01 -1.53103311083 0.32546959328
1.015 -1.52940031471 0.327644432115
1.02 -1.52775670456 0.329795400747
1.025 -1.52610239827 0.331923222523
1.03 -1.52443750937 0.334028602601
1.035 -1.52276214788 0.336112231026
1.04 -1.52107642087 0.338174784744
1.045 -1.51938043211 0.340216926569
1.05 -1.51767428216 0.342239305596
1.055 -1.51595806851 0.344242557618
1.06 -1.51423188559 0.346227305533
1.065 -1.51249582463 0.348194158721
1.07 -1.51074997296 0.350143711091
1.075 -1.50899441553 0.35207654609
1.08 -1.50722923446 0.353993235387
1.085 -1.5054545091 0.355894339039
1.09 -1.50367031604 0.357780405843
1.095 -1.50187672916 0.359651973503
1.1 -1.50007381946 0.361509567852
1.105 -1.49826165546 0.363353704767
1.11 -1.4964403032 0.36518489017
1.115 -1.4946098263 0.367003620184
1.12 -1.49277028596 0.368810381456
1.125 -1.49092174107 0.370605651382
1.13 -1.48906424764 0.372389896276
1.135 -1.48719785948 0.374163573862
1.14 -1.48532262832 0.375927133819
1.145 -1.48343860368 0.37768101747
1.15 -1.48154583293 0.379425658066
1.155 -1.47964436139 0.381161481062
1.16 -1.47773423199 0.38288890308
1.165 -1.47581548553 0.384608332834
1.17 -1.47388816096 0.386320172447
1.175 -1.47195229528 0.388024817009
1.18 -1.47000792356 0.389722654824
1.185 -1.468055079 0.391414067663
1.19 -1.4660937928 0.393099430231
1.195 -1.46412409405 0.39477910995
1.2 -1.46214601027 0.396453469
1.205 -1.46015956718 0.398122863703
1.21 -1.45816478879 0.399787644729
1.215 -1.4561616974 0.401448157314
1.22 -1.45415031353 0.403104740913
1.225 -1.45213065588 0.404757729209
1.23 -1.4501027415 0.406407450728
1.235 -1.44806658593 0.408054229663
1.24 -1.44602220313 0.409698385519
1.245 -1.44396960551 0.411340233324
1.25 -1.44190880392 0.412980083662
1.255 -1.4398398074 0.414618241704
1.26 -1.4377626236 0.416255009022
1.265 -1.43567725874 0.417890683428
1.27 -1.43358371759 0.419525558925
1.275 -1.43148200343 0.421159925848
1.28 -1.42937211816 0.422794070999
1.285 -1.42725406225 0.424428277783
1.29 -1.42512783473 0.42606282623
1.295 -1.42299343318 0.427697992863
1.3 -1.42085085382 0.429334051293
1.305 -1.41870009153 0.430971272136
1.31 -1.41654113977 0.432609923081
1.315 -1.41437399068 0.434250268978
1.32 -1.41219863499 0.435892571904
1.325 -1.4100150621 0.437537091241
1.33 -1.40782326027 0.439184084803
1.335 -1.40562321678 0.440833809456
1.34 -1.40341491736 0.442486518721
1.345 -1.40119834644 0.444142464066
1.35 -1.39897348721 0.445801895022
1.355 -1.3967403216 0.447465059277
1.36 -1.39449883028 0.449132202761
1.365 -1.39224899269 0.450803569737
1.37 -1.38999078712 0.452479403533
1.375 -1.38772419073 0.454159946265
1.38 -1.38544917937 0.455845438417
1.385 -1.3831657277 0.45753611929
1.39 -1.38087380916 0.459232227091
1.395 -1.37857339603 0.460933999028
1.4 -1.37626445939 0.462641671388
1.405 -1.37394696911 0.464355479646
1.41 -1.37162089396 0.466075658886
1.415 -1.36928620152 0.467802443519
1.42 -1.36694285817 0.46953606734
1.425 -1.36459082912 0.471276763712
1.43 -1.36223007844 0.473024765651
1.435 -1.359860569 0.474780305905
1.44 -1.35748226251 0.476543617038
1.445 -1.35509511952 0.478314931558
1.45 -1.35269909946 0.48009448228
1.455 -1.35029416057 0.481882501986
1.46 -1.34788025993 0.483679223603
1.465 -1.34545735345 0.485484880326
1.47 -1.34302539585 0.487299705706
1.475 -1.34058434072 0.489123933724
1.48 -1.33813414046 0.490957798873
1.485 -1.33567474628 0.492801536304
1.49 -1.33320610824 0.494655382048
1.495 -1.33072817522 0.496519572792
1.5 -1.32824089489 0.49839434607
1.505 -1.32574421375 0.500279940361
1.51 -1.32323807708 0.502176595162
1.515 -1.32072242899 0.50408455107
1.52 -1.31819721235 0.506004049857
1.525 -1.31566236885 0.507935334738
1.53 -1.31311783896 0.50987865047
1.535 -1.31056356192 0.511834243046
1.54 -1.30799947571 0.513802359976
1.545 -1.3054255171 0.515783250376
1.55 -1.30284162159 0.517777165039
1.555 -1.30024772343 0.519784356517
1.56 -1.29764375558 0.521805079195
1.565 -1.29502964975 0.52383958937
1.57 -1.29240533633 0.525888145325
1.575 -1.28977074445 0.5279510079
1.58 -1.28712580193 0.530028440491
1.585 -1.28447043526 0.532120708334
1.59 -1.28180456961 0.53422807906
1.595 -1.27912812877 0.536350822771
1.6 -1.27644103522 0.538489212133
1.605 -1.27374321002 0.540643522454
1.61 -1.2710345729 0.542814031771
1.615 -1.26831504216 0.545001020934
1.62 -1.26558453469 0.547204773692
1.625 -1.26284296595 0.549425577253
1.63 -1.26009024994 0.551663722174
1.635 -1.25732629924 0.553919501875
1.64 -1.25455102493 0.556193213103
1.645 -1.25176433659 0.558485156028
1.65 -1.24896614233 0.560795634331
1.655 -1.24615634869 0.563124955306
1.66 -1.2433348607 0.56547342995
1.665 -1.24050158181 0.567841373059
1.67 -1.2376564139 0.570229103328
1.675 -1.23479925721 0.572636944026
1.68 -1.23193001033 0.575065222731
1.685 -1.22904857025 0.57751427093
1.69 -1.22615483228 0.579984424499
1.695 -1.22324869006 0.582476023805
1.7 -1.22033003549 0.584989413819
1.705 -1.21739875877 0.587524944229
1.71 -1.21445474831 0.590082969545
1.715 -1.21149789077 0.592663849216
1.72 -1.20852807098 0.595267947745
1.725 -1.2055451719 0.597895635479
1.73 -1.20254907459 0.600547288196
1.735 -1.19953965828 0.603223286806
1.74 -1.19651680027 0.605924017841
1.745 -1.19348037593 0.608649873585
1.75 -1.19043025865 0.611401252203
1.755 -1.18736631982 0.614178557872
1.76 -1.1842884288 0.616982200913
1.765 -1.18119645291 0.619812597929
1.77 -1.17809025735 0.622670171952
1.775 -1.17496970509 0.625555353388
1.78 -1.17183465695 0.628468579411
1.785 -1.16868497161 0.631410293773
1.79 -1.16552050548 0.634380947329
1.795 -1.16234111275 0.637380998185
1.8 -1.15914664527 0.640410911862
1.805 -1.15593695258 0.643471161455
1.81 -1.15271188181 0.646562227792
1.815 -1.14947127772 0.649684599601
1.82 -1.14621498258 0.652838773699
1.825 -1.14294283603 0.65602525617
1.83 -1.13965467517 0.659244561483
1.835 -1.13635033457 0.662497212426
1.84 -1.13302964618 0.665783740688
1.845 -1.12969243929 0.669104687046
1.85 -1.12633854043 0.672460601558
1.855 -1.1229677734 0.675852043764
1.86 -1.11957995919 0.679279582882
1.865 -1.11617491592 0.682743798012
1.87 -1.11275245882 0.686245278388
1.875 -1.10931239991 0.68978462483
1.88 -1.10585454825 0.693362448529
1.885 -1.10237870991 0.696979371135
1.89 -1.09888468781 0.700636025416
1.895 -1.09537228169 0.704333055486
1.9 -1.09184128808 0.708071117049
1.905 -1.08829150018 0.711850877642
1.91 -1.08472270786 0.715673016881
1.915 -1.08113469757 0.719538226715
1.92 -1.07752725229 0.723447211765
1.925 -1.07390015115 0.727400691115
1.93 -1.07025316976 0.731399396661
1.935 -1.06658608012 0.735444073426
1.94 -1.06289865049 0.73953548029
1.945 -1.0591906453 0.743674390288
1.95 -1.0554618251 0.747861590907
1.955 -1.0517119465 0.752097884389
1.96 -1.04794076205 0.75638408804
1.965 -1.04414802023 0.760721034544
1.97 -1.04033346531 0.765109572425
1.975 -1.03649683691 0.769550568217
1.98 -1.03263787043 0.774044904304
1.985 -1.02875629691 0.778593479519
1.99 -1.02485184288 0.783197209971
1.995 -1.02092423026 0.787857029414
2.0 -1.01697317626 0.792573889617
2.005 -1.01299839333 0.797348760743
2.01 -1.00899958904 0.802182631737
2.015 -1.004976466 0.80707651071
2.02 -1.00092872173 0.812031425569
2.025 -0.996856048086 0.817048426568
2.03 -0.992758131834 0.822128583607
2.035 -0.988634654473 0.827272987187
2.04 -0.984485292003 0.832482749336
2.045 -0.98030971483 0.837759004065
2.05 -0.976107587657 0.843102907829
2.055 -0.97187856938 0.848515639999
2.06 -0.967622312973 0.853998403344
2.065 -0.963338465386 0.859552424511
2.07 -0.959026667342 0.865178954853
2.075 -0.954686552655 0.870879273268
2.08 -0.950317749003 0.876654683076
2.085 -0.945919877607 0.882506513367
2.09 -0.941492552993 0.888436120009
2.095 -0.937035382864 0.894444886211
2.1 -0.932547967965 0.900534223097
2.105 -0.928029901953 0.906705570286
2.11 -0.92348077126 0.912960396489
2.115 -0.918900154955 0.919300200101
2.12 -0.914287624547 0.925726510018
2.125 -0.909642742885 0.932240889486
2.13 -0.904965065633 0.938844931259
2.135 -0.90025414041 0.945540260643
2.14 -0.895509506648 0.952328536118
2.145 -0.890730695436 0.959211450027
2.15 -0.885917229347 0.966190729286
2.155 -0.881068622281 0.973268136092
2.16 -0.876184379289 0.980445468642
2.165 -0.871263996407 0.987724561872
2.17 -0.866306960313 0.995107288552
2.175 -0.86131274746 1.00259556156
2.18 -0.856280825139 1.01019133191
2.185 -0.851210650899 1.01789659044
2.19 -0.846101672245 1.02571336882
2.195 -0.840953326436 1.03364374039
2.2 -0.835765040278 1.04168982099
2.205 -0.830536229913 1.04985376985
2.21 -0.825266300604 1.05813779044
2.215 -0.819954646518 1.06654413135
2.22 -0.814600650499 1.0750750872
2.225 -0.809203683749 1.08373299917
2.23 -0.803763105271 1.09252025449
2.235 -0.798278262254 1.1014392901
2.24 -0.79274848961 1.11049259264
2.245 -0.787173109681 1.11968269923
2.25 -0.781551431978 1.12901219841
2.255 -0.775882752921 1.13848373114
2.26 -0.770166355564 1.14809999177
2.265 -0.764401509323 1.15786372901
2.27 -0.758587469691 1.167777747
2.275 -0.752723477955 1.1778449063
2.28 -0.746808760969 1.18806812411
2.285 -0.740842531406 1.19845036828
2.29 -0.734823987133 1.20899466263
2.295 -0.72875230977 1.21970410247
2.3 -0.722626665617 1.23058183927
2.305 -0.716446205451 1.24163108016
2.31 -0.710210063525 1.25285509852
2.315 -0.703917357628 1.2642572295
2.32 -0.697567188724 1.27584087079
2.325 -0.691158640635 1.28760948412
2.33 -0.68469077972 1.29956659567
2.335 -0.678162654534 1.31171579675
2.34 -0.671573295521 1.32406074432
2.345 -0.664921714669 1.33660516153
2.35 -0.658206905168 1.3493528383
2.355 -0.651427841108 1.36230763147
2.36 -0.644583477135 1.37547346519
2.365 -0.637672748089 1.3888543314
2.37 -0.630694568681 1.40245428974
2.375 -0.623647833172 1.41627746748
2.38 -0.616531415001 1.43032805987
2.385 -0.609344166458 1.44461032989
2.39 -0.60208491837 1.45912860747
2.395 -0.594752479733 1.47388728974
2.4 -0.587345637379 1.48889084039
2.405 -0.579863155683 1.50414378834
2.41 -0.572303776205 1.51965072746
2.415 -0.564666217354 1.53541631561
2.42 -0.55694917412 1.55144527276
2.425 -0.549151317741 1.56774237977
2.43 -0.541271295375 1.5843124772
2.435 -0.533307729847 1.60116046273
2.44 -0.52525921938 1.61829128868
2.445 -0.517124337266 1.63570996054
2.45 -0.508901631655 1.65342153337
2.455 -0.500589625393 1.67143110758
2.46 -0.492186815627 1.68974382782
2.465 -0.483691673634 1.70836487875
2.47 -0.475102644594 1.72729948115
2.475 -0.466418147616 1.74655288458
2.48 -0.45763657567 1.76613036115
2.485 -0.448756295156 1.78603720432
2.49 -0.439775645955 1.80627872081
2.495 -0.430692941374 1.8268602238
2.5 -0.421506468215 1.84778702517
2.505 -0.412214486763 1.86906442763
2.51 -0.402815230795 1.89069771636
2.515 -0.393306907715 1.91269214947
2.52 -0.383687698715 1.93505294785
2.525 -0.373955759068 1.95778528365
2.53 -0.364109218311 1.98089426908
2.535 -0.354146180544 2.00438494388
2.54 -0.344064724818 2.02826226176
2.545 -0.333862905629 2.05253107544
2.55 -0.323538753791 2.07719611802
2.555 -0.313090276643 2.10226198972
2.56 -0.302515458816 2.12773313928
2.565 -0.291812263038 2.15361384464
2.57 -0.280978631145 2.17990819138
2.575 -0.2700124854 2.20662004792
2.58 -0.258911729089 2.23375304667
2.585 -0.247674247904 2.26131055773
2.59 -0.236297911285 2.28929566254
2.595 -0.224780574197 2.31771112384
2.6 -0.213120078938 2.34655935464
2.605 -0.201314256403 2.37584239013
2.61 -0.189360928247 2.4055618527
2.615 -0.177257908979 2.4357189166
2.62 -0.165003008769 2.46631426853
2.625 -0.152594035772 2.49734806878
2.63 -0.140028798501 2.52881991084
2.635 -0.127305108913 2.5607287768
2.64 -0.114420785556 2.59307299129
2.645 -0.101373657691 2.62585017363
2.65 -0.0881615682212 2.65905718665
2.655 -0.0747823774815 2.69269008343
2.66 -0.0612339675047 2.72674405184
2.665 -0.0475142463853 2.76121335626
2.67 -0.0336211535823 2.79609128156
2.675 -0.0195526656589 2.83137007533
2.68 -0.00530680001597 2.86704087151
2.685 0.00911837879166 2.90309362712
2.69 0.0237247530351 2.939517052
2.695 0.0385141454362 2.97629853738
2.7 0.0534883119077 3.01342410684
2.705 0.0686489348142 3.0508783231
2.71 0.0839976154861 3.08864420968
2.715 0.0995358661919 3.12670317727
2.72 0.115265102223 3.16503495097
2.725 0.131186633633 3.20361749704
2.73 0.147301655371 3.24242692915
2.735 0.163611238139 3.28143743169
2.74 0.180116318549 3.32062118085
2.745 0.196817689261 3.35994830523
2.75 0.213715988044 3.39938678412
2.755 0.230811686699 3.43890237566
2.76 0.248105080011 3.47845855205
2.765 0.26559627516 3.51801643058
2.77 0.283285178505 3.55753471343
2.775 0.301171483615 3.59696962683
2.78 0.319254659155 3.63627489398
2.785 0.337533936275 3.67540170573
2.79 0.356008294994 3.71429865555
2.795 0.374676451168 3.75291172878
2.8 0.393536845394 3.79118430864
2.805 0.412587628719 3.82905716669
2.81 0.431826648844 3.86646847019
2.815 0.451251437617 3.9033538157
2.82 0.470859199809 3.93964629893
2.825 0.490646798777 3.97527655117
2.83 0.510610744224 4.01017282254
2.835 0.530747181532 4.04426108947
2.84 0.551051882372 4.07746518599
2.845 0.571520231151 4.10970693166
2.85 0.592147215978 4.1409063034
2.855 0.612927421675 4.17098162368
2.86 0.633855021492 4.1998497764
2.865 0.65492376895 4.22742645028
2.87 0.676126992908 4.25362640416
2.875 0.697457595912 4.27836372702
2.88 0.718908049638 4.30155218108
2.885 0.740470393816 4.32310554905
2.89 0.762136237616 4.34293798258
2.895 0.783896763588 4.36096433056
2.9 0.805742730909 4.37710062703
2.905 0.827664482617 4.39126451094
2.91 0.849651954592 4.40337561392
2.915 0.871694686852 4.41335598828
2.92 0.893781837392 4.42113067133
2.925 0.915902197539 4.42662809242
2.93 0.938044209555 4.42978051236
2.935 0.960195988388 4.43052463062
2.94 0.982345344226 4.42880199247
2.945 1.00447980771 4.42455932122
2.95 1.02658665762 4.41774910058
2.955 1.04865295014 4.40832999334
2.96 1.07066555113 4.39626727899
2.965 1.09261116982 4.38153316712
2.97 1.11447639475 4.36410711896
2.975 1.13624773161 4.34397623555
2.98 1.15791163936 4.32113544105
2.985 1.17945457321 4.29558777796
2.99 1.20086302296 4.26734450098
2.995 1.2221235562 4.23642522498
3.0 1.24322286021 4.20285799032
3.005 1.26414778157 4.16667921643
3.01 1.28488537249 4.12793369989
3.015 1.30542292711 4.08667443762
3.02 1.3257480268 4.04296247917
3.025 1.34584857695 3.99686667603
3.03 1.36571284548 3.94846337676
3.035 1.38532950212 3.89783608096
3.04 1.40468764826 3.84507503971
3.045 1.42377685523 3.79027677839
3.05 1.44258718975 3.73354363774
3.055 1.46110924438 3.67498320287
3.06 1.4793341621 3.61470774766
3.065 1.49725365628 3.55283366525
3.07 1.51486003302 3.48948078378
3.075 1.53214620334 3.42477183085
3.08 1.54910569866 3.35883169333
3.085 1.56573267877 3.29178684759
3.09 1.58202193813 3.2237646958
3.095 1.59796890964 3.15489290052
3.1 1.61356966373 3.08529886093
3.105 1.62882090562 3.01510900205
3.11 1.64371996967 2.94444831536
3.115 1.65826480984 2.87343974576
3.12 1.6724539889 2.80220371071
3.125 1.68628666481 2.73085765714
3.13 1.69976257324 2.65951557082
3.135 1.71288201208 2.58828766197
3.14 1.72564581834 2.51727995518
3.145 1.73805534926 2.44659402501
3.15 1.75011245799 2.37632672678
3.155 1.76181946886 2.30656997103
3.16 1.7731791548 2.23741056859
3.165 1.7841947077 2.16893008575
3.17 1.79486971645 2.101204753
3.175 1.80520813553 2.03430542284
3.18 1.81521425902 1.96829754864
3.185 1.82489269888 1.90324117897
3.19 1.83424835042 1.83919105306
3.195 1.84328637069 1.77619663209
3.2 1.85201215218 1.71430220727
3.205 1.86043129357 1.65354707321
3.21 1.86854958024 1.59396559215
3.215 1.8763729567 1.53558742003
3.22 1.88390750287 1.47843769312
3.225 1.89115941534 1.42253714382
3.23 1.89813498369 1.36790235788
3.235 1.90484057006 1.31454597354
3.24 1.9112825897 1.26247691007
3.245 1.917467494 1.2117005529
3.25 1.92340175326 1.16221898198
3.255 1.92909184021 1.11403119769
3.26 1.93454421522 1.06713332868
3.265 1.93976531261 1.02151885736
3.27 1.9447615279 0.977178810029
3.275 1.94953920612 0.934101982158
3.28 1.95410463098 0.892275118156
3.285 1.95846401536 0.851683117177
3.29 1.96262349225 0.812309207682
3.295 1.96658910708 0.774135129211
3.3 1.9703668105 0.737141298249
3.305 1.97396245227 0.701306968398
3.31 1.97738177617 0.666610386929
3.315 1.98063041444 0.633028926903
3.32 1.98371388473 0.600539230175
3.325 1.98663758615 0.569117330265
3.33 1.9894067966 0.53873876913
3.335 1.99202667106 0.509378707205
3.34 1.99450223905 0.481012024254
3.345 1.99683840444 0.453613411029
3.35 1.99903994403 0.427157457294
3.355 2.00111150741 0.401618729271
3.36 2.00305761746 0.376971839211
3.365 2.00488266987 0.353191515675
3.37 2.00659093479 0.330252655712
3.375 2.00818655721 0.308130382898
3.38 2.00967355834 0.286800092957
3.385 2.0110558374 0.266237493068
3.39 2.01233717261 0.246418646003
3.395 2.01352122376 0.22731999416
3.4 2.0146115341 0.208918389726
3.405 2.01561153184 0.191191125892
3.41 2.01652453274 0.174115952626
3.415 2.01735374228 0.15767109524
3.42 2.01810225895 0.141835261853
3.425 2.01877307564 0.126587663357
3.43 2.01936908237 0.111908020002
3.435 2.01989306951 0.0977765623247
3.44 2.02034772964 0.0841740412407
3.445 2.02073566032 0.071081728638
3.45 2.02105936693 0.0584814150296
3.455 2.02132126504 0.0463554112552
3.46 2.02152368296 0.0346865449278
3.465 2.02166886459 0.0234581547006
3.47 2.02175897171 0.012654087043
3.475 2.02179608657 0.0022586895444
3.48 2.02178221445 -0.00774319724254
3.485 2.02171928602 -0.0173662461443
3.49 2.02160915973 -0.0266246522495
3.495 2.02145362434 -0.0355321432789
3.5 2.02125440105 -0.0441019874259
3.505 2.02101314585 -0.0523470037854
3.51 2.02073145177 -0.0602795736996
3.515 2.02041085099 -0.0679116495656
3.52 2.02005281692 -0.0752547655802
3.525 2.01965876636 -0.0823200497138
3.53 2.01923006149 -0.0891182347647
3.535 2.01876801178 -0.0956596685083
3.54 2.01827387598 -0.101954325298
3.545 2.01774886373 -0.108011815054
3.55 2.01719413757 -0.113841395832
3.555 2.01661081464 -0.119451984924
3.56 2.01599996834 -0.12485216888
3.565 2.01536262983 -0.130050212388
3.57 2.0146997898 -0.135054070993
3.575 2.01401239995 -0.139871400856
3.58 2.01330137438 -0.144509567593
3.585 2.01256759106 -0.148975656236
3.59 2.01181189323 -0.153276481655
3.595 2.01103509074 -0.157418597555
3.6 2.01023796127 -0.161408305015
3.605 2.00942125162 -0.165251661868
3.61 2.00858567887 -0.168954491328
3.615 2.00773193159 -0.17252239034
3.62 2.00686067087 -0.175960737714
3.625 2.00597253148 -0.179274702222
3.63 2.00506812285 -0.182469250346
3.635 2.00414803004 -0.185549153486
3.64 2.00321281474 -0.188518995306
3.645 2.00226301618 -0.191383178928
3.65 2.001299152 -0.194145933663
3.655 2.00032171911 -0.196811321499
3.66 1.99933119455 -0.199383243572
3.665 1.9983280362 -0.20186544634
3.67 1.99731268361 -0.204261527422
3.675 1.99628555868 -0.20657494125
3.68 1.9952470664 -0.208809004915
3.685 1.99419759552 -0.21096690348
3.69 1.99313751918 -0.21305169518
3.695 1.99206719551 -0.215066315586
3.7 1.99098696826 -0.217013583148
3.705 1.9898971674 -0.218896203912
3.71 1.98879810962 -0.220716775898
3.715 1.98769009889 -0.222477793134
3.72 1.98657342696 -0.224181649376
3.725 1.98544837382 -0.225830642888
3.73 1.98431520826 -0.227426979984
3.735 1.98317418824 -0.228972778715
3.74 1.98202556132 -0.230470072114
3.745 1.9808695651 -0.231920811817
3.75 1.97970642764 -0.233326871378
3.755 1.97853636782 -0.234690049354
3.76 1.97735959572 -0.236012072297
3.765 1.97617631292 -0.237294597602
3.77 1.9749867129 -0.238539216382
3.775 1.97379098136 -0.23974745612
3.78 1.97258929651 -0.240920783238
3.785 1.97138182936 -0.242060605498
3.79 1.97016874403 -0.243168274422
3.795 1.96895019801 -0.244245087602
3.8 1.96772634247 -0.245292290872
3.805 1.96649732245 -0.246311080382
3.81 1.9652632771 -0.247302604505
3.815 1.96402433999 -0.248267965939
3.82 1.96278063925 -0.249208223525
3.825 1.96153229788 -0.250124394031
3.83 1.96027943382 -0.251017453736
3.835 1.95902216028 -0.251888340147
3.84 1.95776058586 -0.252737953638
3.845 1.95649481474 -0.253567158931
3.85 1.95522494689 -0.254376786511
3.855 1.95395107816 -0.255167633885
3.86 1.95267330054 -0.25594046714
3.865 1.95139170224 -0.25669602217
3.87 1.95010636788 -0.257435005918
3.875 1.94881737864 -0.258158097512
3.88 1.9475248123 -0.258865949119
3.885 1.94622874349 -0.259559187411
3.89 1.94492924376 -0.260238414521
3.895 1.94362638171 -0.260904209028
3.9 1.94232022312 -0.261557126901
3.905 1.94101083101 -0.262197702215
3.91 1.9396982658 -0.26282644828
3.915 1.9383825854 -0.263443858456
3.92 1.93706384529 -0.264050406952
3.925 1.93574209866 -0.264646549602
3.93 1.93441739641 -0.265232724388
3.935 1.93308978732 -0.265809352392
3.94 1.9317593181 -0.266376838473
3.945 1.9304260335 -0.266935571903
3.95 1.92908997634 -0.267485927002
3.955 1.92775118759 -0.268028263567
3.96 1.92640970649 -0.268562927614
3.965 1.92506557054 -0.269090251956
3.97 1.92371881565 -0.269610556709
3.975 1.92236947615 -0.270124149815
3.98 1.92101758484 -0.270631327401
3.985 1.91966317309 -0.271132374351
3.99 1.91830627085 -0.271627564798
3.995 1.91694690675 -0.272117162533
4.0 1.91558510811 -0.272601421428
4.005 1.91422090102 -0.273080585728
4.01 1.91285431035 -0.27355489049
4.015 1.91148535983 -0.274024562016
4.02 1.91011407208 -0.274489818171
4.025 1.90874046866 -0.274950868745
4.03 1.90736457007 -0.275407915641
4.035 1.90598639585 -0.275861153321
4.04 1.90460596457 -0.276310769072
4.045 1.90322329388 -0.2767569433
4.05 1.90183840057 -0.277199849811
4.055 1.90045130055 -0.277639656002
4.06 1.8990620089 -0.278076523115
4.065 1.89767053992 -0.278510606603
4.07 1.89627690717 -0.278942056315
4.075 1.89488112346 -0.279371016733
4.08 1.89348320089 -0.279797627201
4.085 1.89208315087 -0.280222021928
4.09 1.89068098415 -0.280644330253
4.095 1.88927671084 -0.281064677035
4.1 1.88787034045 -0.28148318272
4.105 1.88646188189 -0.281899963511
4.11 1.88505134351 -0.282315131534
4.115 1.8836387331 -0.282728795026
4.12 1.88222405792 -0.283141058464
4.125 1.88080732473 -0.283552022683
4.13 1.87938853977 -0.283961785018
4.135 1.87796770879 -0.284370439431
4.14 1.87654483711 -0.284778076626
4.145 1.87511992959 -0.285184784489
4.15 1.87369299068 -0.285590647961
4.155 1.87226402441 -0.285995749021
4.16 1.87083303438 -0.286400166896
4.165 1.8694000238 -0.286803978152
4.17 1.8679649955 -0.287207256797
4.175 1.86652795199 -0.287610074676
4.18 1.86508889541 -0.288012501283
4.185 1.86364782754 -0.288414603785
4.19 1.86220474984 -0.288816447184
4.195 1.86075966343 -0.289218094389
4.2 1.85931256913 -0.289619606302
4.205 1.85786346749 -0.290021042156
4.21 1.85641235874 -0.290422459307
4.215 1.85495924285 -0.290823913292
4.22 1.85350411949 -0.291225457948
4.225 1.85204698806 -0.29162714547
4.23 1.85058784772 -0.292029026485
4.235 1.84912669738 -0.292431150318
4.24 1.84766353573 -0.2928335648
4.245 1.84619836118 -0.293236316351
4.25 1.84473117195 -0.293639450055
4.255 1.84326196599 -0.294043009714
4.26 1.84179074107 -0.294447037918
4.265 1.84031749477 -0.29485157628
4.27 1.83884222443 -0.295256665198
4.275 1.8373649272 -0.295662343947
4.28 1.83588560003 -0.296068650752
4.285 1.83440423969 -0.296475622814
4.29 1.83292084274 -0.296883296345
4.295 1.83143540556 -0.297291706592
4.3 1.82994792439 -0.297700888162
4.305 1.82845839533 -0.298110875012
4.31 1.82696681425 -0.298521700058
4.315 1.8254731769 -0.29893339544
4.32 1.82397747882 -0.299345992543
4.325 1.82247971545 -0.299759522028
4.33 1.82097988202 -0.300174013846
4.335 1.81947797365 -0.300589497307
4.34 1.81797398532 -0.301006001357
4.345 1.81646791187 -0.301423554223
4.35 1.81495974798 -0.301842183518
4.355 1.8134494882 -0.302261916302
4.36 1.81193712695 -0.302682779095
4.365 1.81042265851 -0.303104797903
4.37 1.80890607702 -0.303527998228
4.375 1.80738737651 -0.303952405233
4.38 1.8058665509 -0.304378043745
4.385 1.80434359398 -0.304804938054
4.39 1.8028184994 -0.305233112052
4.395 1.80129126071 -0.305662589243
4.4 1.79976187133 -0.306093392759
4.405 1.79823032456 -0.306525545373
4.41 1.79669661359 -0.306959069535
4.415 1.79516073153 -0.307393987555
4.42 1.79362267135 -0.307830321373
4.425 1.79208242591 -0.30826809262
4.43 1.79053998799 -0.308707322663
4.435 1.78899535023 -0.309148032611
4.44 1.78744850517 -0.309590243329
4.445 1.78589944526 -0.310033975446
4.45 1.78434816284 -0.310479249436
4.455 1.78279465015 -0.310926085619
4.46 1.78123889934 -0.311374504072
4.465 1.77968090245 -0.311824524693
4.47 1.7781206514 -0.312276167214
4.475 1.77655813805 -0.312729451204
4.48 1.77499335414 -0.313184396081
4.485 1.77342629131 -0.313641021207
4.49 1.77185694109 -0.314099345629
4.495 1.77028529497 -0.314559388597
4.5 1.76871134431 -0.315021169073
4.505 1.76713508036 -0.315484705928
4.51 1.7655564943 -0.315950017944
4.515 1.7639755772 -0.316417123824
4.52 1.76239232004 -0.316886042191
4.525 1.76080671372 -0.317356791659
4.53 1.75921874905 -0.317829390821
4.535 1.75762841672 -0.318303858164
4.54 1.75603570735 -0.318780212129
4.545 1.75444061146 -0.319258471116
4.55 1.75284311948 -0.319738653491
4.555 1.75124322174 -0.32022077759
4.56 1.74964090847 -0.320704861727
4.565 1.74803616984 -0.321190924201
4.57 1.7464289959 -0.321678983416
4.575 1.74481937662 -0.322169057775
4.58 1.74320730189 -0.322661165648
4.585 1.7415927615 -0.323155325421
4.59 1.73997574513 -0.323651555509
4.595 1.7383562424 -0.324149874361
4.6 1.73673424281 -0.324650300464
4.605 1.73510973579 -0.325152852356
4.61 1.73348271067 -0.325657548615
4.615 1.73185315667 -0.326164407785
4.62 1.73022106292 -0.326673448502
4.625 1.72858641847 -0.327184689488
4.63 1.72694921226 -0.327698149535
4.635 1.72530943316 -0.328213847511
4.64 1.72366706993 -0.328731802365
4.645 1.72202211126 -0.329252033134
4.65 1.72037454572 -0.329774558949
4.655 1.71872436179 -0.330299399009
4.66 1.71707154784 -0.330826572475
4.665 1.71541609214 -0.331356098687
4.67 1.71375798288 -0.331887997106
4.675 1.71209720815 -0.332422287299
4.68 1.71043375594 -0.332958988946
4.685 1.70876761416 -0.333498121845
4.69 1.70709877059 -0.334039705913
4.695 1.70542721295 -0.334583761196
4.7 1.70375292883 -0.335130307838
4.705 1.70207590569 -0.33567936605
4.71 1.70039613094 -0.33623095623
4.715 1.69871359185 -0.336785098919
4.72 1.69702827562 -0.337341814798
4.725 1.69534016933 -0.337901124696
4.73 1.69364925996 -0.338463049591
4.735 1.69195553439 -0.339027610617
4.74 1.6902589794 -0.339594829068
4.745 1.68855958163 -0.340164726359
4.75 1.68685732763 -0.340737324048
4.755 1.68515220384 -0.341312643891
4.76 1.68344419659 -0.341890707815
4.765 1.6817332921 -0.342471537921
4.77 1.68001947651 -0.343055156488
4.775 1.6783027358 -0.343641585975
4.78 1.67658305588 -0.34423084903
4.785 1.67486042253 -0.344822968487
4.79 1.67313482138 -0.345417967338
4.795 1.67140623796 -0.346015868775
4.8 1.66967465769 -0.346616696208
4.805 1.66794006589 -0.34722047325
4.81 1.66620244775 -0.347827223721
4.815 1.66446178835 -0.34843697165
4.82 1.66271807264 -0.349049741283
4.825 1.66097128547 -0.349665557082
4.83 1.65922141155 -0.350284443732
4.835 1.65746843547 -0.350906426145
4.84 1.65571234173 -0.351531529461
4.845 1.65395311466 -0.352159779055
4.85 1.65219073852 -0.352791200537
4.855 1.6504251973 -0.353425819725
4.86 1.6486564749 -0.354063662684
4.865 1.64688455515 -0.354704755742
4.87 1.64510942172 -0.355349125479
4.875 1.64333105817 -0.355996798728
4.88 1.6415494479 -0.356647802581
4.885 1.63976457421 -0.357302164392
4.89 1.63797642025 -0.357959911778
4.895 1.63618496903 -0.358621072629
4.9 1.63439020342 -0.359285675104
4.905 1.63259210616 -0.359953747641
4.91 1.63079065985 -0.360625318958
4.915 1.62898584696 -0.361300418055
4.92 1.62717764971 -0.36197907431
4.925 1.6253660502 -0.362661317391
4.93 1.6235510304 -0.36334717722
4.935 1.62173257216 -0.364036684022
4.94 1.61991065717 -0.36472986833
4.945 1.61808526698 -0.365426760987
4.95 1.61625638295 -0.366127393154
4.955 1.61442398633 -0.366831796312
4.96 1.6125880582 -0.367540002265
4.965 1.61074857948 -0.368252043143
4.97 1.60890553092 -0.368967951412
4.975 1.60705889314 -0.369687759869
4.98 1.60520864658 -0.370411501654
4.985 1.60335477143 -0.371139210418
4.99 1.60149724771 -0.371870920186
4.995 1.59963605532 -0.372606665231
5.0 1.59777117401 -0.373346480196
5.005 1.59590258333 -0.37409040009
5.01 1.59403026268 -0.374838460302
5.015 1.59215419127 -0.375590696595
5.02 1.59027434815 -0.37634714512
5.025 1.58839071218 -0.377107842416
5.03 1.58650326203 -0.377872825413
5.035 1.58461197621 -0.37864213144
5.04 1.58271683303 -0.379415798227
5.045 1.58081781064 -0.38019386391
5.05 1.57891488687 -0.38097636727
5.055 1.57700803937 -0.381763347572
5.06 1.57509724564 -0.382554844335
5.065 1.57318248301 -0.383350897519
5.07 1.57126372859 -0.38415154753
5.075 1.5693409593 -0.384956835221
5.08 1.56741415186 -0.385766801906
5.085 1.56548328278 -0.386581489354
5.09 1.56354832836 -0.387400939804
5.095 1.56160926471 -0.388225195964
5.1 1.55966606771 -0.389054301019
5.105 1.55771871305 -0.389888298636
5.11 1.55576717618 -0.390727232968
5.115 1.55381143225 -0.391571148964
5.12 1.55185145614 -0.392420092212
5.125 1.54988722259 -0.393274108552
5.13 1.54791870612 -0.394133244352
5.135 1.54594588102 -0.394997546516
5.14 1.54396872135 -0.395867062493
5.145 1.54198720092 -0.396741840278
5.15 1.54000129331 -0.397621928422
5.155 1.53801097188 -0.398507376037
5.16 1.53601620972 -0.399398232803
5.165 1.5340169797 -0.400294548972
5.17 1.53201325443 -0.401196375378
5.175 1.53000500627 -0.402103763439
5.18 1.52799220726 -0.403016765422
5.185 1.52597482912 -0.403935434401
5.19 1.52395284337 -0.404859823848
5.195 1.52192622127 -0.405789987888
5.2 1.51989493381 -0.406725981306
5.205 1.51785895169 -0.407667859555
5.21 1.51581824535 -0.408615678769
5.215 1.51377278493 -0.409569495768
5.22 1.5117225403 -0.410529368068
5.225 1.50966748104 -0.411495353892
5.23 1.50760757642 -0.412467512178
5.235 1.50554279542 -0.413445902586
5.24 1.50347310673 -0.414430585507
5.245 1.50139847876 -0.415421622072
5.25 1.49931887957 -0.416419074163
5.255 1.49723427695 -0.41742300442
5.26 1.49514463838 -0.418433476249
5.265 1.49304993099 -0.419450553832
5.27 1.49095012163 -0.420474302191
5.275 1.48884517671 -0.421504787503
5.28 1.48673506235 -0.422542076589
5.285 1.48461974437 -0.42358623706
5.29 1.48249918824 -0.424637337387
5.295 1.4803733591 -0.425695446904
5.3 1.47824222174 -0.426760635827
5.305 1.4761057406 -0.427832975258
5.31 1.47396387976 -0.428912537203
5.315 1.47181660295 -0.429999394589
5.32 1.46966387347 -0.431093621532
5.325 1.46750565424 -0.432195293044
5.33 1.46534190785 -0.433304485018
5.335 1.46317259652 -0.434421274335
5.34 1.46099768206 -0.435545738869
5.345 1.45881712592 -0.436677957505
5.35 1.45663088915 -0.43781801015
5.355 1.45443893238 -0.438965977743
5.36 1.45224121588 -0.440121942272
5.365 1.45003769942 -0.441285987049
5.37 1.44782834233 -0.442458196565
5.375 1.44561310356 -0.443638656251
5.38 1.44339194166 -0.444827452669
5.385 1.44116481473 -0.446024673532
5.39 1.43893168043 -0.447230407717
5.395 1.43669249599 -0.448444745276
5.4 1.43444721819 -0.44966777746
5.405 1.43219580337 -0.450899596723
5.41 1.42993820729 -0.452140297089
5.415 1.42767438533 -0.453389973625
5.42 1.4254042923 -0.454648723049
5.425 1.4231278826 -0.455916643097
5.43 1.42084511012 -0.457193832839
5.435 1.41855592829 -0.458480392698
5.44 1.41626029001 -0.459776424466
5.445 1.41395814771 -0.461082031316
5.45 1.41164945329 -0.462397317827
5.455 1.40933415809 -0.463722390109
5.46 1.4070122128 -0.465057356243
5.465 1.40468356767 -0.466402325473
5.47 1.4023481724 -0.467757408512
5.475 1.40000597614 -0.469122717621
5.48 1.3976569275 -0.470498366636
5.485 1.3953009745 -0.471884470988
5.49 1.39293806458 -0.473281147735
5.495 1.39056814461 -0.474688515579
5.5 1.38819116087 -0.476106694901
5.505 1.38580705903 -0.47753580778
5.51 1.38341578414 -0.478975978051
5.515 1.38101728054 -0.480427331748
5.52 1.37861149197 -0.481889996571
5.525 1.37619836155 -0.48336410196
5.53 1.37377783176 -0.48484977924
5.535 1.37134984438 -0.48634716166
5.54 1.36891434057 -0.487856384427
5.545 1.36647126077 -0.489377584737
5.55 1.36402054473 -0.490910901818
5.555 1.36156213151 -0.492456476961
5.56 1.35909595944 -0.494014453559
5.565 1.35662196613 -0.495584977144
5.57 1.35414008851 -0.497168195266
5.575 1.35165026274 -0.498764257639
5.58 1.34915242423 -0.500373316325
5.585 1.34664650762 -0.501995525659
5.59 1.34413244675 -0.503631042295
5.595 1.34161017469 -0.50528002524
5.6 1.33907962372 -0.506942635898
5.605 1.33654072528 -0.508619038112
5.61 1.33399341001 -0.510309398202
5.615 1.3314376077 -0.51201388501
5.62 1.32887324729 -0.513732669944
5.625 1.32630025687 -0.515465927124
5.63 1.32371856358 -0.517213833516
5.635 1.32112809374 -0.518976568636
5.64 1.31852877273 -0.520754314757
5.645 1.31592052506 -0.522547256971
5.65 1.31330327426 -0.524355583234
5.655 1.31067694296 -0.526179484416
5.66 1.3080414528 -0.528019154352
5.665 1.30539672446 -0.529874789892
5.67 1.30274267764 -0.531746590953
5.675 1.30007923103 -0.533634760574
5.68 1.29740630229 -0.535539505057
5.685 1.29472380793 -0.537461034427
5.69 1.29203166349 -0.539399561736
5.695 1.28932978341 -0.541355303361
5.7 1.2866180811 -0.543328479123
5.705 1.28389646882 -0.545319312354
5.71 1.28116485773 -0.547328029953
5.715 1.27842315785 -0.549354862452
5.72 1.27567127804 -0.551400044082
5.725 1.27290912597 -0.553463812834
5.73 1.27013660816 -0.555546410527
5.735 1.26735362988 -0.557648082908
5.74 1.26456009503 -0.55976908032
5.745 1.26175590631 -0.561909657
5.75 1.25894096517 -0.56407007116
5.755 1.25611517178 -0.566250585251
5.76 1.25327842496 -0.568451466038
5.765 1.25043062222 -0.570672984684
5.77 1.2475716597 -0.572915416824
5.775 1.24470143215 -0.575179042652
5.78 1.24181983292 -0.577464146996
5.785 1.23892675393 -0.579771019407
5.79 1.23602208566 -0.58209995424
5.795 1.23310571699 -0.584451251378
5.8 1.23017753523 -0.586825215948
5.805 1.22723742627 -0.589222157761
5.81 1.22428527444 -0.591642391874
5.815 1.22132096247 -0.594086238687
5.82 1.21834437151 -0.596554024039
5.825 1.21535538105 -0.599046079316
5.83 1.21235386893 -0.60156274155
5.835 1.20933971129 -0.604104353522
5.84 1.20631278256 -0.60667126387
5.845 1.20327295544 -0.609263827197
5.85 1.20022010073 -0.61188240462
5.855 1.19715408728 -0.614527364343
5.86 1.19407478221 -0.617199080205
5.865 1.19098205079 -0.619897932526
5.87 1.18787575639 -0.622624308273
5.875 1.1847557604 -0.625378601188
5.88 1.18162192227 -0.628161211915
5.885 1.17847409942 -0.630972548133
5.89 1.17531214723 -0.633813024687
5.895 1.17213591901 -0.636683063726
5.9 1.16894526594 -0.639583094836
5.905 1.16574003703 -0.642513555428
5.91 1.16252007877 -0.645474892133
5.915 1.15928523559 -0.648467558728
5.92 1.15603534967 -0.651492016924
5.925 1.15277026091 -0.654548736746
5.93 1.14948980679 -0.657638196692
5.935 1.14619382244 -0.660760883904
5.94 1.1428821405 -0.66391729433
5.945 1.13955459117 -0.667107932896
5.95 1.13621100208 -0.67033331368
5.955 1.13285119831 -0.673593960088
5.96 1.12947500231 -0.6768904051
5.965 1.12608223348 -0.680223193255
5.97 1.12267270856 -0.683592878662
5.975 1.11924624166 -0.687000025045
5.98 1.11580264404 -0.690445206571
5.985 1.11234172408 -0.693929008063
5.99 1.10886328721 -0.697452025212
5.995 1.10536713588 -0.70101486479
6.0 1.10185306951 -0.704618144872
6.005 1.0983208844 -0.708262495055
6.01 1.09477037372 -0.711948556685
6.015 1.09120132742 -0.715676983085
6.02 1.08761353195 -0.719448441116
6.025 1.08400677019 -0.723263610993
6.03 1.08038082187 -0.727123184839
6.035 1.07673546319 -0.731027868006
6.04 1.07307046682 -0.73497837935
6.045 1.06938560177 -0.738975451521
6.05 1.06568063339 -0.743019831244
6.055 1.06195532326 -0.747112279617
6.06 1.05820942911 -0.751253572408
6.065 1.05444270476 -0.755444500551
6.07 1.0506548999 -0.759685870735
6.075 1.04684576025 -0.763978504979
6.08 1.04301502742 -0.768323241264
6.085 1.03916243877 -0.772720933899
6.09 1.03528772739 -0.777172453849
6.095 1.03139062196 -0.781678689081
6.1 1.02747084676 -0.786240544909
6.105 1.02352812147 -0.790858944349
6.11 1.01956216113 -0.795534828767
6.115 1.01557267563 -0.800269159974
6.12 1.01155937021 -0.805062917854
6.125 1.00752194525 -0.80991710145
6.13 1.00346009609 -0.814832729664
6.135 0.999373512938 -0.819810841678
6.14 0.99526188078 -0.824852497379
6.145 0.99112487927 -0.829958777791
6.15 0.986962182637 -0.835130785514
6.155 0.982773459563 -0.840369645224
6.16 0.978558372702 -0.845676505616
6.165 0.974316578981 -0.85105253826
6.17 0.970047729556 -0.856498937849
6.175 0.965751469557 -0.862016923206
6.18 0.961427437979 -0.867607737798
6.185 0.957075267559 -0.873272650246
6.19 0.952694584653 -0.879012954856
6.195 0.94828500912 -0.88482997215
6.2 0.943846154188 -0.890725049408
6.205 0.939377626007 -0.896699562455
6.21 0.934879023605 -0.902754915863
6.215 0.930349939202 -0.908892541897
6.22 0.925789957792 -0.915113902118
6.225 0.92119865701 -0.921420487992
6.23 0.916575606983 -0.927813821519
6.235 0.911920370181 -0.934295455866
6.24 0.907232501273 -0.940866976011
6.245 0.902511546971 -0.947529999395
6.25 0.897757045666 -0.954286177196
6.255 0.892968526953 -0.961137195919
6.26 0.888145512297 -0.9680847757
6.265 0.883287514516 -0.97513067204
6.27 0.87839403758 -0.982276676602
6.275 0.873464576434 -0.989524617961
6.28 0.868498616823 -0.99687636235
6.285 0.863495635106 -1.00433381443
6.29 0.858455098078 -1.01189891807
6.295 0.853376462682 -1.01957365726
6.3 0.848259175238 -1.02736005775
6.305 0.843102672167 -1.03526018657
6.31 0.837906379562 -1.04327615314
6.315 0.832669712881 -1.05141011029
6.32 0.827392076735 -1.05966425512
6.325 0.822072864667 -1.06804082985
6.33 0.816711458943 -1.07654212274
6.335 0.811307230321 -1.08517046894
6.34 0.805859537811 -1.0939282514
6.345 0.800367727834 -1.10281790086
6.35 0.79483113464 -1.11184189777
6.355 0.78924908017 -1.12100277335
6.36 0.783620873598 -1.13030311025
6.365 0.777945811076 -1.13974554346
6.37 0.772223175476 -1.14933276131
6.375 0.76645223613 -1.1590675064
6.38 0.760632248566 -1.16895257664
6.385 0.754762454239 -1.17899082616
6.39 0.748842079977 -1.18918516382
6.395 0.742870337742 -1.19953855444
6.4 0.736846424716 -1.21005402335
6.405 0.730769522796 -1.22073465528
6.41 0.72463879829 -1.2315835953
6.415 0.718453401612 -1.24260404977
6.42 0.712212466971 -1.25379928724
6.425 0.705915112086 -1.26517263881
6.43 0.699560438063 -1.27672749474
6.435 0.693147528802 -1.28846731126
6.44 0.686675450724 -1.30039561032
6.445 0.680143252476 -1.31251597958
6.45 0.673549964604 -1.32483207332
6.455 0.666894599215 -1.33734761316
6.46 0.660176149637 -1.35006638888
6.465 0.653393590092 -1.36299225573
6.47 0.64654587538 -1.37612912648
6.475 0.63963194051 -1.38948099145
6.48 0.632650700383 -1.40305190902
6.485 0.625601049461 -1.41684600302
6.49 0.618481861407 -1.4308674667
6.495 0.611291988747 -1.44512056099
6.5 0.604030262536 -1.45960961443
6.505 0.596695492016 -1.47433902273
6.51 0.589286464285 -1.48931324844
6.515 0.581801943958 -1.50453682034
6.52 0.574240672849 -1.52001433198
6.525 0.566601369643 -1.53575044114
6.53 0.558882729577 -1.55174986848
6.535 0.551083424128 -1.56801739615
6.54 0.543202100717 -1.584557866
6.545 0.535237382409 -1.60137617767
6.55 0.527187867624 -1.61847728656
6.555 0.519052129878 -1.63586620112
6.56 0.510828717519 -1.65354798014
6.565 0.502516153471 -1.67152772984
6.57 0.494112935032 -1.68981059996
6.575 0.485617533636 -1.70840178044
6.58 0.477028394681 -1.72730649685
6.585 0.468343937364 -1.74653000568
6.59 0.459562554524 -1.76607758947
6.595 0.450682612609 -1.78595455002
6.6 0.441702451462 -1.806166204
6.605 0.43262038426 -1.82671787625
6.61 0.423434697459 -1.84761489304
6.615 0.414143651031 -1.86886257114
6.62 0.404745478564 -1.89046620868
6.625 0.395238387048 -1.91243107999
6.63 0.385620557158 -1.93476242373
6.635 0.375890143458 -1.95746543201
6.64 0.36604527482 -1.98054523742
6.645 0.356084054598 -2.00400690143
6.65 0.346004561028 -2.02785540068
6.655 0.335804847702 -2.05209561212
6.66 0.325482944116 -2.07673229746
6.665 0.315036856309 -2.10177008662
6.67 0.304464567493 -2.12721345938
6.675 0.293764038851 -2.15306672651
6.68 0.282933210407 -2.17933400933
6.685 0.271970002324 -2.20601921559
6.69 0.260872315784 -2.23312601783
6.695 0.249638034137 -2.26065782905
6.7 0.23826502429 -2.28861777602
6.705 0.2267511383 -2.31700867053
6.71 0.21509421533 -2.34583297754
6.715 0.203292082951 -2.37509278667
6.72 0.191342559218 -2.40478977789
6.725 0.179243454775 -2.43492518615
6.73 0.166992575528 -2.46549976264
6.735 0.154587724996 -2.49651373578
6.74 0.142026706772 -2.5279667706
6.745 0.12930732753 -2.55985792442
6.75 0.116427400219 -2.59218560092
6.755 0.103384747898 -2.62494750223
6.76 0.0901772067996 -2.65814057786
6.765 0.0768026303001 -2.69176097176
6.77 0.0632588930773 -2.72580396677
6.775 0.049543895902 -2.76026393084
6.78 0.0356555703449 -2.79513425691
6.785 0.0215918832956 -2.83040729502
6.79 0.00735084250292 -2.86607428941
6.795 -0.00706949781293 -2.90212531044
6.8 -0.0216710309519 -2.93854918546
6.805 -0.0364555904244 -2.9753334498
6.81 -0.0514249439787 -3.01246425526
6.815 -0.0665807864953 -3.0499262942
6.82 -0.0819247322748 -3.08770272637
6.825 -0.0974583075166 -3.12577510584
6.83 -0.113182942849 -3.16412331218
6.835 -0.129099963477 -3.20272545351
6.84 -0.145210580592 -3.24155779029
6.845 -0.161515881968 -3.28059465319
6.85 -0.178016822191 -3.31980840267
6.855 -0.19471421235 -3.35916933324
6.86 -0.211608709289 -3.39864557622
6.865 -0.228700804585 -3.43820303451
6.87 -0.245990814959 -3.47780535621
6.875 -0.26347886929 -3.51741382947
6.88 -0.281164896209 -3.55698730405
6.885 -0.299048612091 -3.5964821396
6.89 -0.317129510003 -3.63585223657
6.895 -0.335406845854 -3.67504893862
6.9 -0.353879625363 -3.71402099546
6.905 -0.372546592122 -3.75271454739
6.91 -0.39140621347 -3.79107309893
6.915 -0.410456667095 -3.82903751087
6.92 -0.429695829855 -3.8665460873
6.925 -0.449121262892 -3.90353454069
6.93 -0.468730198433 -3.93993602778
6.935 -0.488519530448 -3.97568126707
6.94 -0.508485799617 -4.01069857044
6.945 -0.528625181087 -4.04491393352
6.95 -0.548933476897 -4.07825122009
6.955 -0.569406102088 -4.11063224795
6.96 -0.590038074286 -4.14197694489
6.965 -0.610824009742 -4.17220359822
6.97 -0.631758111012 -4.20122901612
6.975 -0.652834159452 -4.22896875779
6.98 -0.674045515296 -4.25533744536
6.985 -0.69538510853 -4.28024901253
6.99 -0.716845435431 -4.30361701298
6.995 -0.738418563801 -4.32535498393
7.0 -0.760096128198 -4.34537679034
7.005 -0.781869331705 -4.36359700845
7.01 -0.803728956853 -4.37993132155
7.015 -0.825665366755 -4.3942969601
7.02 -0.847668513132 -4.40661314835
7.025 -0.869727953253 -4.41680150392
7.03 -0.89183285831 -4.42478656351
7.035 -0.913972028493 -4.43049626983
7.04 -0.936133915741 -4.43386234
7.045 -0.958306640483 -4.43482085276
7.05 -0.980478014093 -4.43331274743
7.055 -1.00263556654 -4.42928414788
7.06 -1.02476657322 -4.42268689299
7.065 -1.04685808362 -4.41347897715
7.07 -1.06889695255 -4.40162496334
7.075 -1.09086987521 -4.38709639501
7.08 -1.11276342225 -4.36987203016
7.085 -1.13456407827 -4.34993826735
7.09 -1.15625827833 -4.32728935096
7.095 -1.1778324488 -4.30192761096
7.1 -1.19927304926 -4.27386366087
7.105 -1.22056661144 -4.24311644167
7.11 -1.24169978526 -4.20971337157
7.115 -1.26265937661 -4.17369027716
7.12 -1.28343239269 -4.13509137503
7.125 -1.30400608285 -4.09396915168
7.13 -1.32436797731 -4.05038416071
7.135 -1.34450593168 -4.00440481811
7.14 -1.36440815956 -3.95610708645
7.145 -1.38406327486 -3.90557412674
7.15 -1.40346032356 -3.85289590681
7.155 -1.42258881689 -3.79816874102
7.16 -1.44143876454 -3.74149478301
7.165 -1.46000069774 -3.68298153504
7.17 -1.47826569981 -3.62274121161
7.175 -1.49622542429 -3.56089021579
7.18 -1.51387211615 -3.49754847155
7.185 -1.53119862825 -3.43283879144
7.19 -1.54819843213 -3.36688629325
7.195 -1.56486563042 -3.29981764886
7.2 -1.58119496112 -3.23176056435
7.205 -1.597181802 -3.16284304411
7.21 -1.61282217062 -3.09319282553
7.215 -1.62811272112 -3.02293679405
7.22 -1.64305073843 -2.95220033871
7.225 -1.65763413043 -2.88110691786
7.23 -1.67186141521 -2.8097774404
7.235 -1.68573170907 -2.73832986886
7.24 -1.69924470945 -2.66687875721
7.245 -1.71240067658 -2.59553483887
7.25 -1.72520041568 -2.524404729
7.255 -1.73764525199 -2.45359055722
7.26 -1.74973701163 -2.38318975069
7.265 -1.76147799436 -2.31329479248
7.27 -1.77287094971 -2.24399304693
7.275 -1.78391905207 -2.17536663364
7.28 -1.79462587138 -2.10749232687
7.285 -1.80499535098 -2.04044149125
7.29 -1.81503177422 -1.97428008684
7.295 -1.82473973898 -1.90906867705
7.3 -1.83412413886 -1.84486242773
7.305 -1.8431901257 -1.78171126021
7.31 -1.85194308652 -1.71965992876
7.315 -1.86038862342 -1.65874807703
7.32 -1.86853252379 -1.59901045108
7.325 -1.87638073592 -1.54047704699
7.33 -1.8839393453 -1.48317331081
7.335 -1.89121455433 -1.4271202922
7.34 -1.89821266103 -1.37233484746
7.345 -1.90494003713 -1.31882987296
7.35 -1.91140310941 -1.26661448954
7.355 -1.91760834102 -1.21569429399
7.36 -1.92356221498 -1.1660715395
7.365 -1.92927121762 -1.11774538608
7.37 -1.93474182373 -1.07071209956
7.375 -1.93998048276 -1.02496527015
7.38 -1.94499360579 -0.980496031631
7.385 -1.94978755382 -0.937293248202
7.39 -1.95436862704 -0.895343736299
7.395 -1.9587430548 -0.854632436132
7.4 -1.96291698709 -0.815142612795
7.405 -1.96689648622 -0.776856024831
7.41 -1.97068751995 -0.739753095917
7.415 -1.97429595524 -0.7038130787
7.42 -1.97772755247 -0.669014201139
7.425 -1.98098796121 -0.635333816799
7.43 -1.98408271544 -0.602748534437
7.435 -1.98701723109 -0.571234349176
7.44 -1.98979680282 -0.540766758944
7.445 -1.99242660109 -0.511320871632
7.45 -1.99491167191 -0.482871508912
7.455 -1.99725693441 -0.455393301692
7.46 -1.99946718054 -0.428860774728
7.465 -2.00154707534 -0.403248423604
7.47 -2.00350115566 -0.378530793258
7.475 -2.00533383174 -0.354682536508
7.48 -2.00704938767 -0.331678475189
7.485 -2.00865198158 -0.309493659378
7.49 -2.01014564813 -0.288103404508
7.495 -2.01153429902 -0.267483342549
7.5 -2.01282172485 -0.247609457676
7.505 -2.01401159753 -0.228458112741
7.51 -2.01510747131 -0.210006088904
7.515 -2.01611278567 -0.192230601149
7.52 -2.01703086731 -0.175109321949
7.525 -2.01786493184 -0.1586204078
7.53 -2.01861808757 -0.142742494502
7.535 -2.01929333786 -0.127454709587
7.54 -2.01989358341 -0.112736684245
7.545 -2.02042162295 -0.0985685868587
7.55 -2.02088015681 -0.0849311115537
7.555 -2.02127178891 -0.0718054887022
7.56 -2.0215990328 -0.0591734415583
7.565 -2.02186431382 -0.0470171914163
7.57 -2.02206996871 -0.0353194916848
7.575 -2.02221824642 -0.0240636458627
7.58 -2.02231131466 -0.0132334531048
7.585 -2.02235126328 -0.00281319121554
7.59 -2.02234010409 0.00721235698453
7.595 -2.02227977318 0.0168579103639
7.6 -2.02217213464 0.0261377137031
7.605 -2.02201898265 0.0350655433343
7.61 -2.02182204359 0.0436547141088
7.615 -2.02158297844 0.051918090537
7.62 -2.02130338494 0.0598680965966
7.625 -2.02098479976 0.0675167260764
7.63 -2.02062870066 0.0748755537898
7.635 -2.02023650858 0.0819557464511
7.64 -2.01980958956 0.0887680722542
7.645 -2.01934925679 0.0953229135854
7.65 -2.01885677258 0.101630279103
7.655 -2.01833335017 0.107699814918
7.66 -2.01778015529 0.113540807889
7.665 -2.01719830809 0.119162203164
7.67 -2.0165888849 0.124572616598
7.675 -2.01595291977 0.129780344232
7.68 -2.01529140608 0.1347933653
7.685 -2.01460529801 0.139619359077
7.69 -2.01389551209 0.144265715914
7.695 -2.01316292856 0.148739545968
7.7 -2.01240839291 0.153047684262
7.705 -2.01163271708 0.157196704381
7.71 -2.01083668071 0.16119292802
7.715 -2.01002103246 0.165042433263
7.72 -2.00918649129 0.168751060501
7.725 -2.00833374747 0.172324423598
7.73 -2.00746346372 0.175767918176
7.735 -2.00657627625 0.179086729215
7.74 -2.00567279603 0.182285837644
7.745 -2.00475360956 0.185370029028
7.75 -2.00381927981 0.188343900813
7.755 -2.00287034719 0.19121186923
7.76 -2.00190733063 0.193978175853
7.765 -2.00093072821 0.196646894463
7.77 -1.999941018 0.199221937384
7.775 -1.99893865885 0.201707061676
7.78 -1.99792409156 0.2041058756
7.785 -1.99689773905 0.206421843574
7.79 -1.99586000714 0.208658291806
7.795 -1.9948112852 0.210818413594
7.8 -1.99375194678 0.21290527434
7.805 -1.99268235046 0.21492181716
7.81 -1.99160284149 0.216870870296
7.815 -1.99051375061 0.218755147252
7.82 -1.98941539509 0.220577252388
7.825 -1.9883080793 0.222339685234
7.83 -1.98719209518 0.224044844345
7.835 -1.98606772306 0.225695032963
7.84 -1.98493523298 0.227292466311
7.845 -1.98379488344 0.228839267909
7.85 -1.98264692242 0.230337475559
7.855 -1.98149158779 0.2317890447
7.86 -1.98032910765 0.233195851373
7.865 -1.97915970118 0.234559698015
7.87 -1.97798357944 0.235882318809
7.875 -1.97680094442 0.237165375204
7.88 -1.97561198987 0.238410461578
7.885 -1.97441690162 0.239619107753
7.89 -1.97321585784 0.240792781263
7.895 -1.97200902987 0.241932893344
7.9 -1.97079658258 0.243040801634
7.905 -1.96957867373 0.244117806557
7.91 -1.96835545464 0.245165156155
7.915 -1.96712707042 0.246184047976
7.92 -1.96589366018 0.247175630827
7.925 -1.9646553578 0.248141010698
7.93 -1.96341229196 0.249081250859
7.935 -1.96216458578 0.249997370044
7.94 -1.96091235737 0.250890346083
7.945 -1.95965571994 0.251761117347
7.95 -1.95839478202 0.252610584174
7.955 -1.95712964813 0.253439614304
7.96 -1.95586041855 0.254249041308
7.965 -1.9545871893 0.255039664215
7.97 -1.95331005241 0.255812250113
7.975 -1.95202909611 0.256567535262
7.98 -1.95074440493 0.257306226315
7.985 -1.94945606031 0.25802900504
7.99 -1.94816414031 0.258736525889
7.995 -1.94686871964 0.259429416546
8.0 -1.94556986988 0.260108279758
8.005 -1.94426765961 0.260773694192
8.01 -1.94296215455 0.261426215533
8.015 -1.94165341799 0.262066380315
8.02 -1.9403415105 0.262694703281
8.025 -1.93902649004 0.263311678445
8.03 -1.93770841211 0.263917780341
8.035 -1.93638732986 0.264513464685
8.04 -1.93506329417 0.265099169392
8.045 -1.93373635404 0.265675317532
8.05 -1.93240655628 0.266242314851
8.055 -1.93107394564 0.26680055102
8.06 -1.92973856497 0.267350400484
8.065 -1.92840045521 0.267892222977
8.07 -1.92705965558 0.268426364479
8.075 -1.92571620377 0.268953159349
8.08 -1.92437013572 0.269472928234
8.085 -1.9230214858 0.269985979297
8.09 -1.92167028681 0.270492608793
8.095 -1.92031657008 0.270993101464
8.1 -1.91896036558 0.271487731452
8.105 -1.91760170206 0.271976763707
8.11 -1.91624060688 0.272460452377
8.115 -1.91487710614 0.272939041896
8.12 -1.91351122471 0.273412767373
8.125 -1.9121429863 0.273881854899
8.13 -1.91077241353 0.27434652242
8.135 -1.90939952807 0.274806980537
8.14 -1.90802435044 0.275263431388
8.145 -1.90664690019 0.27571606953
8.15 -1.90526719589 0.276165082212
8.155 -1.90388525518 0.276610649616
8.16 -1.90250109485 0.277052945676
8.165 -1.90111473088 0.277492138404
8.17 -1.8997261784 0.277928389216
8.175 -1.8983354517 0.278361853597
8.18 -1.89694256434 0.278792681299
8.185 -1.89554752909 0.279221016531
8.19 -1.89415035809 0.279646998721
8.195 -1.8927510628 0.280070762484
8.2 -1.89134965398 0.280492437322
8.205 -1.88994614175 0.280912148083
8.21 -1.88854053563 0.281330015115
8.215 -1.88713284452 0.281746154424
8.22 -1.88572307678 0.282160678335
8.225 -1.88431124024 0.28257369528
8.23 -1.88289734218 0.282985309723
8.235 -1.88148138936 0.283395622471
8.24 -1.88006338802 0.283804730798
8.245 -1.87864334393 0.284212728587
8.25 -1.87722126244 0.284619706975
8.255 -1.87579714846 0.285025753905
8.26 -1.87437100643 0.285430954181
8.265 -1.87294284036 0.285835389708
8.27 -1.87151265387 0.286239139583
8.275 -1.87008045016 0.286642280169
8.28 -1.86864623205 0.287044885224
8.285 -1.86721000207 0.287447026892
8.29 -1.86577176242 0.287848774819
8.295 -1.86433151488 0.288250196159
8.3 -1.86288926093 0.288651355895
8.305 -1.86144500171 0.289052316906
8.31 -1.85999873804 0.289453140033
8.315 -1.85855047043 0.289853884165
8.32 -1.85710019918 0.290254606836
8.325 -1.85564792427 0.290655363723
8.33 -1.8541936454 0.291056208661
8.335 -1.85273736198 0.291457193842
8.34 -1.85127907319 0.291858369865
8.345 -1.84981877794 0.292259785786
8.35 -1.84835647487 0.292661489184
8.355 -1.84689216247 0.293063526672
8.36 -1.84542583896 0.293465943449
8.365 -1.84395750235 0.293868783315
8.37 -1.8424871504 0.294272088833
8.375 -1.84101478067 0.294675901371
8.38 -1.83954039052 0.295080261133
8.385 -1.8380639771 0.29548520722
8.39 -1.83658553739 0.295890778016
8.395 -1.83510506819 0.296297010846
8.4 -1.83362256611 0.296703941988
8.405 -1.83213802756 0.297111606798
8.41 -1.83065144878 0.297520039745
8.415 -1.82916282584 0.297929274434
8.42 -1.82767215464 0.298339343649
8.425 -1.82617943094 0.298750279597
8.43 -1.82468465034 0.299162113703
8.435 -1.82318780826 0.299574876623
8.44 -1.8216889 0.299988598323
8.445 -1.82018792067 0.300403308106
8.45 -1.81868486525 0.300819034634
8.455 -1.81717972859 0.301235805953
8.46 -1.8156725054 0.301653649722
8.465 -1.81416319025 0.302072593014
8.47 -1.81265177759 0.302492662328
8.475 -1.81113826172 0.302913883657
8.48 -1.80962263681 0.303336282512
8.485 -1.80810489691 0.303759883931
8.49 -1.80658503593 0.304184712512
8.495 -1.80506304769 0.304610792579
8.5 -1.80353892588 0.305038148022
8.505 -1.80201266407 0.30546680231
8.51 -1.80048425569 0.305896778545
8.515 -1.79895369408 0.306328099476
8.52 -1.79742097246 0.306760787512
8.525 -1.79588608392 0.307194864732
8.53 -1.79434902147 0.307630352933
8.535 -1.792809778 0.308067273824
8.54 -1.7912683463 0.308505648748
8.545 -1.78972471905 0.308945498768
8.55 -1.78817888883 0.30938684471
8.555 -1.78663084809 0.309829707168
8.56 -1.78508058921 0.310274106515
8.565 -1.78352810443 0.310720062912
8.57 -1.78197338594 0.311167596369
8.575 -1.7804164258 0.311616726811
8.58 -1.77885721597 0.312067473924
8.585 -1.77729574833 0.312519857235
8.59 -1.77573201464 0.312973896123
8.595 -1.77416600659 0.313429609827
8.6 -1.77259771573 0.313887017454
8.605 -1.77102713356 0.314346137984
8.61 -1.76945425146 0.314806990352
8.615 -1.76787906073 0.31526959343
8.62 -1.76630155258 0.31573396595
8.625 -1.7647217181 0.316200126565
8.63 -1.76313954831 0.316668093851
8.635 -1.76155503413 0.317137886319
8.64 -1.75996816639 0.317609522415
8.645 -1.75837893581 0.318083020531
8.65 -1.75678733304 0.318558399083
8.655 -1.75519334865 0.319035676444
8.66 -1.75359697308 0.319514870936
8.665 -1.75199819671 0.31999600086
8.67 -1.75039700982 0.320479084502
8.675 -1.74879340258 0.320964140135
8.68 -1.7471873651 0.321451186029
8.685 -1.74557888737 0.321940240457
8.69 -1.74396795931 0.32243132175
8.695 -1.74235457074 0.322924448232
8.7 -1.74073871139 0.323419638243
8.705 -1.7391203709 0.323916910147
8.71 -1.7374995388 0.324416282341
8.715 -1.73587620455 0.324917773254
8.72 -1.73425035751 0.325421401357
8.725 -1.73262198695 0.325927185203
8.73 -1.73099108203 0.326435143336
8.735 -1.72935763185 0.326945294458
8.74 -1.7277216254 0.327457657271
8.745 -1.72608305156 0.327972250548
8.75 -1.72444189915 0.328489093134
8.755 -1.72279815685 0.329008203947
8.76 -1.7211518133 0.329529601986
8.765 -1.71950285699 0.330053306363
8.77 -1.71785127636 0.330579336297
8.775 -1.71619705973 0.33110771107
8.78 -1.71454019533 0.331638450059
8.785 -1.71288067128 0.33217157274
8.79 -1.71121847562 0.332707098691
8.795 -1.70955359629 0.333245047596
8.8 -1.70788602111 0.33378543925
8.805 -1.70621573782 0.334328293559
8.81 -1.70454273405 0.334873630549
8.815 -1.70286699734 0.335421470373
8.82 -1.70118851512 0.33597183342
8.825 -1.69950727473 0.336524740156
8.83 -1.6978232634 0.337080211167
8.835 -1.69613646824 0.337638267181
8.84 -1.6944468763 0.338198929073
8.845 -1.69275447448 0.338762217867
8.85 -1.6910592496 0.33932815474
8.855 -1.68936118837 0.339896761031
8.86 -1.68766027741 0.340468058238
8.865 -1.6859565032 0.341042068025
8.87 -1.68424985213 0.341618812213
8.875 -1.68254031045 0.342198312782
8.88 -1.68082786431 0.342780591905
8.885 -1.67911249977 0.343365671933
8.89 -1.67739420277 0.343953575403
8.895 -1.67567295914 0.34454432504
8.9 -1.67394875459 0.345137943759
8.905 -1.67222157473 0.345734454669
8.91 -1.67049140505 0.346333881081
8.915 -1.66875823092 0.346936246507
8.92 -1.6670220376 0.347541574663
8.925 -1.66528281018 0.348149889434
8.93 -1.66354053366 0.348761214933
8.935 -1.66179519293 0.349375575502
8.94 -1.66004677274 0.349992995697
8.945 -1.65829525774 0.3506135003
8.95 -1.65654063245 0.351237114318
8.955 -1.65478288125 0.351863862988
8.96 -1.65302198843 0.352493771782
8.965 -1.65125793813 0.353126866406
8.97 -1.64949071435 0.35376317281
8.975 -1.64772030098 0.354402717198
8.98 -1.64594668173 0.355045526034
8.985 -1.6441698402 0.355691626025
8.99 -1.64238975987 0.356341044132
8.995 -1.64060642408 0.356993807577
9.0 -1.63881981605 0.357649943848
9.005 -1.63702991884 0.3583094807
9.01 -1.63523671538 0.358972446163
9.015 -1.63344018848 0.359638868539
9.02 -1.63164032078 0.360308776412
9.025 -1.62983709481 0.360982198653
9.03 -1.62803049287 0.361659164473
9.035 -1.62622049717 0.362339703355
9.04 -1.62440708976 0.363023845068
9.045 -1.62259025256 0.363711619683
9.05 -1.62076996733 0.364403057579
9.055 -1.61894621568 0.365098189444
9.06 -1.61711897907 0.365797046281
9.065 -1.6152882388 0.36649965941
9.07 -1.61345397603 0.367206060476
9.075 -1.61161617174 0.367916281448
9.08 -1.60977480676 0.368630354672
9.085 -1.60792986169 0.369348312893
9.09 -1.60608131703 0.370070189134
9.095 -1.60422915311 0.370796016768
9.1 -1.60237335009 0.37152582952
9.105 -1.60051388795 0.372259661476
9.11 -1.59865074653 0.37299754708
9.115 -1.59678390548 0.373739521147
9.12 -1.59491334427 0.37448561886
9.125 -1.59303904221 0.37523587578
9.13 -1.59116097844 0.375990327851
9.135 -1.58927913184 0.376749011533
9.14 -1.58739348115 0.377511963659
9.145 -1.58550400493 0.378279221413
9.15 -1.58361068156 0.379050822387
9.155 -1.58171348924 0.379826804587
9.16 -1.57981240595 0.380607206437
9.165 -1.57790740952 0.381392066784
9.17 -1.57599847757 0.382181424903
9.175 -1.57408558751 0.382975320502
9.18 -1.57216871659 0.383773793727
9.185 -1.5702478418 0.38457688521
9.19 -1.56832293992 0.385384636203
9.195 -1.56639398752 0.386197088306
9.2 -1.564460961 0.387014283572
9.205 -1.56252383653 0.387836264533
9.21 -1.56058259009 0.388663074199
9.215 -1.55863719743 0.389494756072
9.22 -1.55668763408 0.390331354147
9.225 -1.55473387537 0.391172912919
9.23 -1.55277589639 0.392019477388
9.235 -1.55081367204 0.392871093065
9.24 -1.5488471769 0.393727806129
9.245 -1.54687638533 0.394589663375
9.25 -1.54490127149 0.395456712006
9.255 -1.54292180931 0.396328999776
9.26 -1.54093797246 0.397206574997
9.265 -1.5389497344 0.398089486547
9.27 -1.53695706832 0.398977783874
9.275 -1.53495994719 0.399871517005
9.28 -1.53295834373 0.400770736551
9.285 -1.53095223038 0.401675493715
9.29 -1.52894157935 0.402585840322
9.295 -1.5269263625 0.403501829088
9.3 -1.52490655146 0.404423513245
9.305 -1.52288211762 0.405350946588
9.31 -1.52085303209 0.406284183564
9.315 -1.51881926573 0.40722327927
9.32 -1.51678078911 0.40816828947
9.325 -1.51473757253 0.409119270596
9.33 -1.512689586 0.410076279759
9.335 -1.51063679927 0.411039374756
9.34 -1.50857918179 0.412008614079
9.345 -1.50651670263 0.412984057229
9.35 -1.50444933067 0.413965764082
9.355 -1.50237703434 0.414953795762
9.36 -1.50029978186 0.415948213814
9.365 -1.49821754116 0.416949080547
9.37 -1.49613027985 0.417956459043
9.375 -1.49403796521 0.418970413167
9.38 -1.49194056422 0.419991007576
9.385 -1.48983804355 0.421018307727
9.39 -1.48773036952 0.422052379884
9.395 -1.48561750814 0.423093291134
9.4 -1.48349942499 0.42414110976
9.405 -1.48137608528 0.425195904917
9.41 -1.47924745397 0.426257746431
9.415 -1.47711349564 0.42732670502
9.42 -1.47497417453 0.428402852308
9.425 -1.47282945452 0.429486260832
9.43 -1.47067929914 0.430577004063
9.435 -1.46852367153 0.431675156412
9.44 -1.46636253449 0.43278079325
9.445 -1.46419585041 0.433893990918
9.45 -1.46202358132 0.435014826742
9.455 -1.45984568888 0.436143379048
9.46 -1.45766213431 0.437279727198
9.465 -1.45547287838 0.43842395194
9.47 -1.45327788149 0.439576134955
9.475 -1.45107710363 0.440736358911
9.48 -1.44887050439 0.44190470758
9.485 -1.44665804294 0.443081265857
9.49 -1.44443967801 0.44426611978
9.495 -1.4422153679 0.445459356547
9.5 -1.43998507048 0.446661064533
9.505 -1.43774874315 0.447871333317
9.51 -1.43550634288 0.449090253693
9.515 -1.43325782616 0.450317917696
9.52 -1.43100314904 0.451554418622
9.525 -1.42874226709 0.45279985102
9.53 -1.42647513544 0.454054310604
9.535 -1.42420170872 0.455317894489
9.54 -1.42192194106 0.456590701142
9.545 -1.4196357861 0.457872830388
9.55 -1.41734319698 0.459164383429
9.555 -1.41504412631 0.460465462866
9.56 -1.41273852622 0.461776172722
9.565 -1.41042634827 0.463096618463
9.57 -1.40810754354 0.464426907024
9.575 -1.40578206253 0.465767146829
9.58 -1.40344985523 0.467117447814
9.585 -1.40111087106 0.468477921454
9.59 -1.39876505887 0.469848680875
9.595 -1.3964123669 0.471229840993
9.6 -1.39405274286 0.472621518173
9.605 -1.39168613387 0.474023830427
9.61 -1.38931248645 0.475436897443
9.615 -1.38693174652 0.476860840621
9.62 -1.38454385941 0.478295783094
9.625 -1.3821487698 0.479741849761
9.63 -1.37974642178 0.48119916731
9.635 -1.37733675878 0.48266786425
9.64 -1.37491972359 0.484148070942
9.645 -1.37249525835 0.48563991962
9.65 -1.37006330456 0.487143544431
9.655 -1.36762380295 0.488659081733
9.66 -1.36517669355 0.490186670058
9.665 -1.36272191575 0.49172644969
9.67 -1.36025940823 0.493278562976
9.675 -1.35778910897 0.494843154364
9.68 -1.35531095521 0.496420370437
9.685 -1.35282488347 0.49801035995
9.69 -1.35033082951 0.499613273861
9.695 -1.34782872835 0.501229265373
9.7 -1.34531851422 0.502858489966
9.705 -1.3428001206 0.504501105438
9.71 -1.34027348015 0.506157271939
9.715 -1.33773852477 0.50782715202
9.72 -1.33519518538 0.509510911188
9.725 -1.3326433921 0.511208717404
9.73 -1.33008307427 0.512920740935
9.735 -1.32751416037 0.514647154644
9.74 -1.32493657802 0.516388134035
9.745 -1.32235025394 0.5181438573
9.75 -1.31975511397 0.51991450536
9.755 -1.31715108305 0.521700261913
9.76 -1.31453808517 0.523501313485
9.765 -1.31191604343 0.525317849471
9.77 -1.30928487994 0.527150062184
9.775 -1.30664451588 0.528998146909
9.78 -1.30399487144 0.530862302017
9.785 -1.3013358656 0.532742729798
9.79 -1.29866741646 0.534639635342
9.795 -1.29598944109 0.536553226766
9.8 -1.29330185555 0.538483715473
9.805 -1.2906045748 0.540431316219
9.81 -1.28789751275 0.54239624716
9.815 -1.28518058222 0.54437872992
9.82 -1.2824536949 0.54637898965
9.825 -1.27971676136 0.548397255084
9.83 -1.27696969102 0.550433758606
9.835 -1.27421239217 0.55248873631
9.84 -1.27144477188 0.554562428066
9.845 -1.268666736 0.556655077821
9.85 -1.26587818891 0.558766934505
9.855 -1.26307903391 0.560898250368
9.86 -1.26026917306 0.563049281656
9.865 -1.25744850713 0.565220288809
9.87 -1.25461693559 0.567411536543
9.875 -1.25177435658 0.569623293922
9.88 -1.24892066688 0.571855834435
9.885 -1.24605576191 0.574109436081
9.89 -1.2431795357 0.576384381442
9.895 -1.24029188086 0.578680957767
9.9 -1.23739268858 0.580999457056
9.905 -1.23448184858 0.583340176141
9.91 -1.23155924897 0.585703417398
9.915 -1.22862477612 0.588089489355
9.92 -1.22567831507 0.590498704663
9.925 -1.2227197493 0.592931381226
9.93 -1.2197489607 0.595387842337
9.935 -1.21676582954 0.597868416787
9.94 -1.21377023443 0.600373438962
9.945 -1.21076205231 0.602903248944
9.95 -1.20774115842 0.60545819262
9.955 -1.20470742627 0.608038621785
9.96 -1.20166072761 0.610644894247
9.965 -1.19860093241 0.61327737394
9.97 -1.19552790882 0.61593643103
9.975 -1.19244152292 0.618622443105
9.98 -1.1893416388 0.621335794875
9.985 -1.18622811876 0.624076876929
9.99 -1.18310082316 0.62684608674
9.995 -1.17995961035 0.629643828807
