0.0 0.0 1.0
0.005 0.00510814932954 1.04356887998
0.01 0.0104388350629 1.08902627391
0.015 0.0160016898009 1.13645012979
0.02 0.0218067472094 1.18592098804
0.025 0.0278644493829 1.23752190618
0.03 0.0341856591277 1.29133839425
0.035 0.0407816742174 1.34745832833
0.04 0.0476642344743 1.40597185964
0.045 0.0548455379858 1.46697121784
0.05 0.0623382488874 1.53055049911
0.055 0.0701555040304 1.5968054803
0.06 0.0783109252967 1.66583317043
0.065 0.0868186206185 1.73773152587
0.07 0.0956931892334 1.81259893974
0.075 0.104949722273 1.89053368433
0.08 0.114603800536 1.97163324694
0.085 0.124671489075 2.05599357932
0.09 0.135169326271 2.14370808346
0.095 0.14611430945 2.23486664884
0.1 0.157523873958 2.32955437561
0.105 0.169415865717 2.42785016076
0.11 0.181808507004 2.52982510604
0.115 0.194720351718 2.63554061323
0.12 0.208170230742 2.7450462472
0.125 0.222177190404 2.85837751725
0.13 0.236760413363 2.97555311926
0.135 0.251939127451 3.09657199292
0.14 0.267732498488 3.22141003243
0.145 0.284159506608 3.35001648084
0.15 0.301238809119 3.48231009246
0.155 0.318988562868 3.618174548
0.16 0.33742625011 3.75745411709
0.165 0.356568465131 3.89994863709
0.17 0.376430680816 4.04540842818
0.175 0.397026986457 4.19352890149
0.18 0.41836979929 4.34394511601
0.185 0.440469549814 4.49622643591
0.19 0.463334340226 4.6498711862
0.195 0.486969576342 4.80430186614
0.2 0.511377578332 4.95886081691
0.205 0.536557168211 5.11280660178
0.21 0.562503248803 5.26531196962
0.215 0.589206369404 5.4154628079
0.22 0.616652292015 5.56225901563
0.225 0.644821569722 5.70461783512
0.23 0.673689147125 5.84137950371
0.235 0.703223994687 5.97131589564
0.24 0.733388794635 6.09314237962
0.245 0.764139696028 6.20553313336
0.25 0.795426155168 6.30713997835
0.255 0.827190876976 6.39661467122
0.26 0.859369877129 6.47263450017
0.265 0.891892680252 6.53393070839
0.27 0.924682666158 6.57931898593
0.275 0.957657569839 6.6077312821
0.28 0.990730143156 6.61824778241
0.285 1.02380897503 6.61012771036
0.29 1.0567994577 6.58283746116
0.295 1.08960488364 6.53607482762
0.3 1.12212765298 6.46978794961
0.305 1.1542705601 6.3841874927
0.31 1.18593812051 6.27975132045
0.315 1.2170379016 6.15722102772
0.32 1.24748181603 6.01759018131
0.325 1.27718733292 5.86208416612
0.33 1.30607857299 5.6921332394
0.335 1.33408725228 5.50933915721
0.34 1.36115344584 5.31543709179
0.345 1.38722615288 5.11225458869
0.35 1.41226365349 4.90166943181
0.355 1.43623365542 4.68556789534
0.36 1.45911323627 4.46580565495
0.365 1.48088859974 4.2441720663
0.37 1.50155466573 4.02235923344
0.375 1.52111451721 3.80193654112
0.38 1.53957873541 3.58433116637
0.385 1.55696465239 3.3708145046
0.39 1.57329555018 3.16249427775
0.395 1.58859983366 2.96031188601
0.4 1.6029102022 2.76504436662
0.405 1.61626284081 2.57731021717
0.41 1.62869664868 2.39757831749
0.415 1.64025251834 2.22617914203
0.42 1.65097267452 2.06331755039
0.425 1.66090008212 1.90908645908
0.43 1.67007791867 1.76348091627
0.435 1.67854912188 1.62641196397
0.44 1.68635600268 1.49772005716
0.445 1.6935399239 1.37718770173
0.45 1.70014104091 1.26455105284
0.455 1.70619809602 1.1595104992
0.46 1.71174826385 1.06174006986
0.465 1.71682704079 0.970895648153
0.47 1.72146817228 0.886622114304
0.475 1.72570361351 0.808559392294
0.48 1.72956351759 0.736347489913
0.485 1.73307624668 0.669630662669
0.49 1.73626840206 0.608060748996
0.495 1.73916486865 0.55129978749
0.5 1.74178887142 0.49902201821
0.505 1.7441620404 0.450915336995
0.51 1.74630448059 0.406682302236
0.515 1.74823484873 0.366040746983
0.52 1.7499704291 0.32872408722
0.525 1.75152721227 0.294481361264
0.53 1.75291997287 0.263077063044
0.535 1.75416234574 0.23429082765
0.54 1.75526690115 0.207916960263
0.545 1.7562452161 0.183763914987
0.55 1.7571079443 0.161653660199
0.555 1.75786488151 0.141421042614
0.56 1.75852502858 0.122913094652
0.565 1.75909665056 0.105988345651
0.57 1.75958733239 0.0905161326222
0.575 1.76000403136 0.0763759106978
0.58 1.76035312587 0.0634565971444
0.585 1.76064046127 0.0516559179119
0.59 1.76087139222 0.0408797980645
0.595 1.76105082233 0.0310417671486
0.6 1.76118324064 0.0220624024565
0.605 1.76127275561 0.0138688008168
0.61 1.76132312646 0.00639408006731
0.615 1.76133779204 -0.000423084575664
0.62 1.76131989759 -0.0066388986376
0.625 1.76127231923 -0.012304854431
0.63 1.76119768664 -0.0174681075855
0.635 1.76109840384 -0.0221718197904
0.64 1.76097666843 -0.0264555060841
0.645 1.76083448873 -0.0303553128015
0.65 1.7606737001 -0.0339042997176
0.655 1.76049598043 -0.0371327191866
0.66 1.76030286167 -0.040068213038
0.665 1.76009574424 -0.0427360608717
0.67 1.75987590818 -0.0451593773618
0.675 1.75964452276 -0.047359285553
0.68 1.75940265587 -0.0493550840954
0.685 1.75915128295 -0.0511644046089
0.69 1.75889129576 -0.0528033668923
0.695 1.75862350865 -0.054286693019
0.7 1.75834866582 -0.0556278369864
0.705 1.75806744683 -0.0568390848823
0.71 1.75778047283 -0.0579316646646
0.715 1.75748831097 -0.0589158278665
0.72 1.75719147965 -0.0598009431494
0.725 1.75689045237 -0.0605955663629
0.73 1.7565856618 -0.0613075139417
0.735 1.75627750318 -0.0619439244959
0.74 1.75596633767 -0.0625113197377
0.745 1.75565249527 -0.0630156569484
0.75 1.75533627726 -0.0634623735944
0.755 1.7550179593 -0.0638564434244
0.76 1.75469779304 -0.0642024054806
0.765 1.75437600853 -0.0645044083815
0.77 1.75405281597 -0.0647662416967
0.775 1.75372840734 -0.0649913653001
0.78 1.75340295826 -0.0651829437725
0.785 1.75307662904 -0.0653438648861
0.79 1.75274956632 -0.0654767695187
0.795 1.75242190405 -0.0655840700087
0.8 1.75209376463 -0.0656679698959
0.805 1.75176526002 -0.0657304844071
0.81 1.75143649239 -0.0657734529844
0.815 1.75110755527 -0.0657985585805
0.82 1.75077853404 -0.0658073383577
0.825 1.75044950678 -0.0658011976046
0.83 1.75012054487 -0.0657814214934
0.835 1.74979171343 -0.0657491823799
0.84 1.74946307206 -0.0657055540247
0.845 1.74913467526 -0.0656515184851
0.85 1.74880657273 -0.0655879718975
0.855 1.74847881001 -0.0655157354282
0.86 1.74815142863 -0.0654355593193
0.865 1.74782446652 -0.065348128678
0.87 1.7474979584 -0.0652540717672
0.875 1.74717193592 -0.0651539621386
0.88 1.746846428 -0.0650483240877
0.885 1.74652146109 -0.0649376385794
0.89 1.7461970593 -0.0648223446556
0.895 1.74587324465 -0.0647028441998
0.9 1.74555003726 -0.0645795054555
0.905 1.74522745545 -0.0644526646468
0.91 1.74490551594 -0.0643226299966
0.915 1.74458423401 -0.0641896837912
0.92 1.74426362353 -0.0640540839349
0.925 1.74394369719 -0.063916067101
0.93 1.74362446653 -0.0637758499023
0.935 1.74330594203 -0.0636336304527
0.94 1.74298813326 -0.0634895906727
0.945 1.74267104889 -0.0633438969756
0.95 1.7423546968 -0.0631967017525
0.955 1.74203908414 -0.0630481450013
0.96 1.74172421741 -0.0628983548623
0.965 1.74141010246 -0.0627474489052
0.97 1.74109674462 -0.0625955351264
0.975 1.74078414866 -0.0624427121544
0.98 1.74047231887 -0.0622890703833
0.985 1.74016125915 -0.0621346933225
0.99 1.73985097299 -0.0619796575881
0.995 1.73954146352 -0.0618240337519
1.0 1.73923273349 -0.0616678859608
1.005 1.73892478538 -0.0615112735708
1.01 1.7386176214 -0.0613542516797
1.015 1.73831124346 -0.0611968702028
1.02 1.73800565322 -0.0610391750021
1.025 1.73770085215 -0.0608812088612
1.03 1.73739684152 -0.0607230110012
1.035 1.73709362237 -0.0605646171779
1.04 1.7367911956 -0.0604060608896
1.045 1.73648956197 -0.0602473731249
1.05 1.73618872204 -0.0600885819167
1.055 1.73588867627 -0.0599297135717
1.06 1.73558942499 -0.0597707925713
1.065 1.73529096839 -0.0596118410217
1.07 1.73499330656 -0.0594528797026
1.075 1.73469643953 -0.0592939281955
1.08 1.73440036721 -0.0591350048781
1.085 1.73410508942 -0.0589761259262
1.09 1.73381060586 -0.0588173066728
1.095 1.73351691622 -0.0586585616639
1.1 1.73322402011 -0.0584999045853
1.105 1.73293191704 -0.0583413477155
1.11 1.73264060646 -0.0581829026912
1.115 1.73235008781 -0.0580245805942
1.12 1.73206036044 -0.0578663919195
1.125 1.73177142366 -0.0577083461668
1.13 1.73148327673 -0.0575504523791
1.135 1.73119591886 -0.0573927192299
1.14 1.73090934926 -0.0572351549899
1.145 1.73062356703 -0.0570777671697
1.15 1.73033857129 -0.0569205629365
1.155 1.73005436109 -0.056763549196
1.16 1.72977093548 -0.0566067327765
1.165 1.72948829343 -0.0564501192046
1.17 1.72920643394 -0.056293714894
1.175 1.72892535593 -0.0561375254434
1.18 1.72864505832 -0.0559815563102
1.185 1.72836553999 -0.0558258125918
1.19 1.7280867998 -0.0556702992653
1.195 1.72780883659 -0.0555150212068
1.2 1.72753164917 -0.0553599831334
1.205 1.72725523635 -0.0552051896032
1.21 1.72697959688 -0.0550506449696
1.215 1.72670472951 -0.0548963534031
1.22 1.72643063297 -0.0547423189338
1.225 1.72615730594 -0.0545885454251
1.23 1.72588474712 -0.054435036574
1.235 1.72561295515 -0.0542817961162
1.24 1.72534192871 -0.0541288280152
1.245 1.72507166642 -0.0539761358643
1.25 1.7248021669 -0.0538237231396
1.255 1.72453342872 -0.0536715932099
1.26 1.72426545047 -0.0535197494029
1.265 1.72399823072 -0.0533681952733
1.27 1.72373176801 -0.0532169341531
1.275 1.72346606086 -0.0530659692753
1.28 1.7232011078 -0.0529153038062
1.285 1.7229369077 -0.0527649420722
1.29 1.72267345802 -0.0526148840853
1.295 1.72241075799 -0.0524651352793
1.3 1.722148806 -0.0523156984993
1.305 1.72188760043 -0.0521665765903
1.31 1.72162713969 -0.0520177723979
1.315 1.72136742214 -0.0518692888633
1.32 1.72110844614 -0.0517211289328
1.325 1.72085021008 -0.0515732954973
1.33 1.72059271233 -0.0514257914474
1.335 1.72033595128 -0.0512786196739
1.34 1.72007992531 -0.0511317830675
1.345 1.71982463274 -0.0509852844765
1.35 1.71957007175 -0.0508391265885
1.355 1.71931624061 -0.0506933122093
1.36 1.71906313763 -0.0505478441613
1.365 1.71881076111 -0.050402725267
1.37 1.71855910937 -0.050257958349
1.375 1.71830818069 -0.0501135462275
1.38 1.71805797321 -0.0499694914881
1.385 1.71780848501 -0.0498257967187
1.39 1.71755971432 -0.0496824646332
1.395 1.71731165935 -0.0495394979453
1.4 1.71706431831 -0.0493968993689
1.405 1.71681768943 -0.0492546716176
1.41 1.71657177085 -0.0491128173623
1.415 1.71632656053 -0.0489713391271
1.42 1.71608205659 -0.0488302395481
1.425 1.71583825714 -0.0486895212753
1.43 1.71559516032 -0.0485491869588
1.435 1.71535276425 -0.0484092392487
1.44 1.71511106707 -0.0482696807936
1.445 1.7148700667 -0.0481305141374
1.45 1.7146297611 -0.047991741831
1.455 1.7143901483 -0.0478533664772
1.46 1.71415122637 -0.0477153906787
1.465 1.71391299332 -0.0475778170381
1.47 1.71367544722 -0.0474406481581
1.475 1.71343858603 -0.0473038865996
1.48 1.71320240756 -0.0471675348158
1.485 1.71296690974 -0.0470315953509
1.49 1.71273209055 -0.0468960707568
1.495 1.71249794794 -0.0467609635852
1.5 1.71226447986 -0.0466262763881
1.505 1.71203168428 -0.0464920117127
1.51 1.71179955894 -0.0463581719896
1.515 1.71156810166 -0.0462247596815
1.52 1.71133731031 -0.0460917772918
1.525 1.71110718278 -0.0459592273244
1.53 1.71087771693 -0.0458271122829
1.535 1.71064891066 -0.045695434671
1.54 1.71042076174 -0.0455641969428
1.545 1.71019326783 -0.0454334014735
1.55 1.70996642672 -0.0453030507186
1.555 1.70974023622 -0.0451731471366
1.56 1.70951469411 -0.0450436931863
1.565 1.7092897982 -0.0449146913261
1.57 1.70906554628 -0.0447861440055
1.575 1.70884193591 -0.0446580535575
1.58 1.70861896478 -0.0445304223647
1.585 1.7083966306 -0.0444032528398
1.59 1.7081749311 -0.0442765473952
1.595 1.70795386399 -0.0441503084434
1.6 1.70773342699 -0.044024538397
1.605 1.70751361772 -0.0438992396009
1.61 1.70729443368 -0.0437744143392
1.615 1.70707587252 -0.0436500649757
1.62 1.70685793188 -0.0435261938752
1.625 1.7066406094 -0.0434028034024
1.63 1.70642390274 -0.0432798959221
1.635 1.70620780949 -0.0431574737826
1.64 1.7059923271 -0.0430355392082
1.645 1.70577745308 -0.0429140944917
1.65 1.70556318502 -0.042793141949
1.655 1.70534952048 -0.0426726838958
1.66 1.70513645701 -0.0425527226479
1.665 1.7049239922 -0.042433260521
1.67 1.70471212348 -0.042314299742
1.675 1.70450084823 -0.0421958425025
1.68 1.70429016395 -0.042077891068
1.685 1.70408006814 -0.0419604477038
1.69 1.70387055827 -0.0418435146751
1.695 1.70366163186 -0.0417270942472
1.7 1.70345328635 -0.0416111886588
1.705 1.70324551902 -0.0414958000201
1.71 1.70303832727 -0.0413809305282
1.715 1.70283170852 -0.0412665823965
1.72 1.7026256602 -0.0411527578388
1.725 1.70242017972 -0.0410394590685
1.73 1.70221526451 -0.0409266882993
1.735 1.70201091186 -0.0408144476508
1.74 1.70180711902 -0.0407027391947
1.745 1.70160388333 -0.0405915650891
1.75 1.70140120214 -0.040480927492
1.755 1.7011990728 -0.0403708285617
1.76 1.70099749266 -0.0402612704564
1.765 1.70079645905 -0.0401522553194
1.77 1.70059596912 -0.040043785149
1.775 1.70039602011 -0.0399358620149
1.78 1.7001966093 -0.0398284880188
1.785 1.69999773396 -0.0397216652628
1.79 1.69979939139 -0.0396153958488
1.795 1.69960157885 -0.0395096818787
1.8 1.69940429355 -0.0394045253868
1.805 1.69920753256 -0.0392999283102
1.81 1.69901129311 -0.0391958926899
1.815 1.69881557239 -0.0390924205704
1.82 1.69862036762 -0.0389895139961
1.825 1.69842567601 -0.0388871750114
1.83 1.69823149477 -0.0387854056553
1.835 1.69803782093 -0.0386842078207
1.84 1.69784465158 -0.0385835834401
1.845 1.69765198387 -0.0384835344994
1.85 1.69745981493 -0.0383840629844
1.855 1.69726814192 -0.038285170881
1.86 1.69707696199 -0.0381868601751
1.865 1.69688627223 -0.0380891328223
1.87 1.69669606961 -0.0379919906199
1.875 1.69650635117 -0.037895435469
1.88 1.69631711399 -0.0377994692933
1.885 1.69612835516 -0.0377040940164
1.89 1.69594007174 -0.0376093115619
1.895 1.69575226083 -0.0375151238535
1.9 1.69556491943 -0.0374215327401
1.905 1.69537804442 -0.0373285399637
1.91 1.69519163282 -0.037236147382
1.915 1.69500568165 -0.0371443568562
1.92 1.69482018792 -0.0370531702477
1.925 1.69463514865 -0.0369625894176
1.93 1.69445056085 -0.0368726162261
1.935 1.69426642141 -0.0367832523953
1.94 1.69408272719 -0.0366944996457
1.945 1.69389947517 -0.0366063597754
1.95 1.69371666228 -0.0365188345827
1.955 1.69353428548 -0.0364319258657
1.96 1.69335234174 -0.0363456354227
1.965 1.69317082798 -0.0362599650346
1.97 1.69298974099 -0.0361749163125
1.975 1.69280907762 -0.0360904909529
1.98 1.69262883478 -0.0360066906904
1.985 1.69244900936 -0.0359235172595
1.99 1.69226959825 -0.0358409723945
1.995 1.69209059836 -0.0357590578301
2.0 1.69191200653 -0.0356777752617
2.005 1.69173381948 -0.0355971262182
2.01 1.69155603404 -0.0355171123474
2.015 1.69137864705 -0.0354377353175
2.02 1.69120165533 -0.0353589967964
2.025 1.69102505573 -0.0352808984521
2.03 1.69084884508 -0.0352034419526
2.035 1.69067302016 -0.035126628898
2.04 1.69049757764 -0.0350504607561
2.045 1.6903225143 -0.034974939122
2.05 1.69014782692 -0.0349000655976
2.055 1.68997351228 -0.0348258417847
2.06 1.68979956715 -0.0347522692852
2.065 1.68962598833 -0.0346793497012
2.07 1.68945277251 -0.0346070845282
2.075 1.68927991631 -0.0345354751878
2.08 1.68910741648 -0.034464523215
2.085 1.68893526973 -0.0343942301457
2.09 1.6887634728 -0.0343245975154
2.095 1.68859202241 -0.0342556268599
2.1 1.68842091529 -0.0341873197137
2.105 1.68825014806 -0.0341196774608
2.11 1.68807971731 -0.0340527014876
2.115 1.68790961974 -0.0339863932635
2.12 1.68773985201 -0.0339207542579
2.125 1.6875704108 -0.0338557859404
2.13 1.6874012928 -0.0337914897803
2.135 1.68723249466 -0.0337278672426
2.14 1.68706401295 -0.0336649196231
2.145 1.68689584424 -0.0336026482531
2.15 1.68672798516 -0.0335410545339
2.155 1.68656043232 -0.033480139867
2.16 1.68639318237 -0.0334199056539
2.165 1.68622623192 -0.0333603532959
2.17 1.68605957759 -0.033301484185
2.175 1.68589321589 -0.0332432995368
2.18 1.68572714336 -0.0331858006301
2.185 1.68556135656 -0.0331289887992
2.19 1.68539585209 -0.0330728653785
2.195 1.68523062652 -0.0330174317024
2.2 1.68506567643 -0.0329626891051
2.205 1.68490099839 -0.0329086389046
2.21 1.68473658884 -0.0328552822398
2.215 1.6845724443 -0.0328026203357
2.22 1.6844085613 -0.0327506544599
2.225 1.68424493637 -0.0326993858802
2.23 1.68408156605 -0.0326488158645
2.235 1.68391844687 -0.0325989456805
2.24 1.68375557535 -0.0325497765708
2.245 1.6835929479 -0.0325013095995
2.25 1.68343056098 -0.0324535459365
2.255 1.68326841109 -0.0324064867835
2.26 1.68310649472 -0.0323601333423
2.265 1.68294480835 -0.0323144868147
2.27 1.6827833485 -0.0322695484026
2.275 1.68262211162 -0.0322253192808
2.28 1.68246109409 -0.0321818004447
2.285 1.68230029233 -0.0321389929977
2.29 1.6821397028 -0.0320968980748
2.295 1.68197932196 -0.0320555168109
2.3 1.68181914624 -0.0320148503411
2.305 1.6816591721 -0.0319748998003
2.31 1.68149939599 -0.0319356662962
2.315 1.68133981421 -0.0318971507611
2.32 1.68118042319 -0.031859354235
2.325 1.68102121932 -0.0318222777875
2.33 1.68086219902 -0.0317859224882
2.335 1.6807033587 -0.0317502894068
2.34 1.68054469477 -0.0317153796128
2.345 1.68038620364 -0.0316811941481
2.35 1.68022788159 -0.0316477338824
2.355 1.680069725 -0.0316149997932
2.36 1.67991173024 -0.0315829928859
2.365 1.67975389368 -0.0315517141658
2.37 1.6795962117 -0.0315211646385
2.375 1.67943868068 -0.0314913453093
2.38 1.67928129698 -0.0314622571549
2.385 1.67912405687 -0.0314339009826
2.39 1.67896695667 -0.0314062777079
2.395 1.67880999273 -0.0313793882733
2.4 1.67865316139 -0.0313532336211
2.405 1.67849645899 -0.0313278146938
2.41 1.67833988188 -0.0313031324338
2.415 1.67818342639 -0.0312791877612
2.42 1.67802708875 -0.031255981424
2.425 1.67787086527 -0.0312335142684
2.43 1.67771475225 -0.0312117871737
2.435 1.67755874601 -0.0311908010195
2.44 1.67740284284 -0.0311705566852
2.445 1.67724703908 -0.0311510550501
2.45 1.677091331 -0.0311322969776
2.455 1.67693571485 -0.0311142831637
2.46 1.67678018687 -0.0310970143877
2.465 1.67662474335 -0.0310804914683
2.47 1.67646938057 -0.0310647152236
2.475 1.6763140948 -0.0310496864723
2.48 1.67615888234 -0.0310354060326
2.485 1.67600373945 -0.0310218747119
2.49 1.67584866233 -0.0310090931563
2.495 1.67569364721 -0.0309970620799
2.5 1.67553869035 -0.0309857822419
2.505 1.67538378801 -0.0309752544012
2.51 1.67522893642 -0.030965479317
2.515 1.67507413185 -0.0309564577485
2.52 1.67491937054 -0.0309481904474
2.525 1.67476464867 -0.0309406780117
2.53 1.67460996245 -0.0309339210912
2.535 1.67445530811 -0.0309279203875
2.54 1.67430068186 -0.030922676602
2.545 1.67414607995 -0.0309181904363
2.55 1.67399149859 -0.0309144625918
2.555 1.67383693401 -0.0309114937681
2.56 1.67368238237 -0.0309092845267
2.565 1.67352783986 -0.0309078354441
2.57 1.67337330267 -0.0309071471651
2.575 1.67321876701 -0.0309072203345
2.58 1.67306422908 -0.030908055597
2.585 1.67290968509 -0.0309096535973
2.59 1.67275513122 -0.0309120149803
2.595 1.67260056365 -0.0309151402795
2.6 1.67244597852 -0.0309190300017
2.605 1.67229137201 -0.0309236847372
2.61 1.6721367403 -0.0309291050764
2.615 1.67198207958 -0.0309352916098
2.62 1.67182738602 -0.0309422449276
2.625 1.6716726558 -0.0309499656204
2.63 1.67151788507 -0.0309584541961
2.635 1.67136306996 -0.0309677110953
2.64 1.67120820662 -0.0309777368554
2.645 1.67105329123 -0.0309885320146
2.65 1.67089831992 -0.0310000971111
2.655 1.67074328888 -0.0310124326831
2.66 1.67058819426 -0.0310255392688
2.665 1.67043303219 -0.0310394173471
2.67 1.67027779879 -0.0310540673011
2.675 1.67012249019 -0.0310694896147
2.68 1.66996710253 -0.0310856847762
2.685 1.66981163196 -0.0311026532738
2.69 1.66965607463 -0.0311203955957
2.695 1.66950042666 -0.0311389122302
2.7 1.6693446842 -0.0311582036314
2.705 1.66918884333 -0.0311782701309
2.71 1.66903290017 -0.0311991121554
2.715 1.66887685085 -0.0312207301445
2.72 1.6687206915 -0.0312431245381
2.725 1.66856441824 -0.0312662957757
2.73 1.66840802719 -0.0312902442971
2.735 1.66825151448 -0.031314970526
2.74 1.66809487619 -0.0313404747593
2.745 1.66793810842 -0.0313667573657
2.75 1.66778120727 -0.0313938187391
2.755 1.66762416887 -0.0314216592734
2.76 1.66746698931 -0.0314502793626
2.765 1.66730966472 -0.0314796794006
2.77 1.6671521912 -0.0315098597761
2.775 1.66699456482 -0.0315408207624
2.78 1.66683678168 -0.0315725626699
2.785 1.66667883786 -0.0316050858496
2.79 1.66652072946 -0.0316383906519
2.795 1.66636245259 -0.0316724774278
2.8 1.66620400333 -0.0317073465278
2.805 1.6660453778 -0.0317429983023
2.81 1.66588657205 -0.0317794330096
2.815 1.66572758215 -0.0318166509026
2.82 1.6655684042 -0.0318546522913
2.825 1.66540903428 -0.031893437486
2.83 1.66524946847 -0.0319330067966
2.835 1.66508970285 -0.0319733605333
2.84 1.66492973353 -0.0320144990062
2.845 1.66476955656 -0.0320564224716
2.85 1.66460916799 -0.0320991311228
2.855 1.66444856392 -0.0321426252296
2.86 1.6642877404 -0.0321869050636
2.865 1.66412669351 -0.0322319708961
2.87 1.66396541934 -0.0322778229988
2.875 1.66380391394 -0.0323244616431
2.88 1.66364217341 -0.0323718870749
2.885 1.66348019377 -0.0324200994502
2.89 1.66331797109 -0.0324690989956
2.895 1.66315550144 -0.032518885947
2.9 1.66299278088 -0.0325694605404
2.905 1.66282980548 -0.0326208230116
2.91 1.66266657131 -0.0326729735967
2.915 1.66250307443 -0.0327259125226
2.92 1.66233931087 -0.0327796399249
2.925 1.66217527671 -0.0328341559854
2.93 1.66201096798 -0.0328894609074
2.935 1.66184638075 -0.0329455548941
2.94 1.66168151109 -0.0330024381488
2.945 1.66151635503 -0.0330601108746
2.95 1.66135090865 -0.0331185732737
2.955 1.66118516799 -0.0331778254736
2.96 1.66101912908 -0.0332378676116
2.965 1.66085278798 -0.0332986998611
2.97 1.66068614074 -0.0333603223955
2.975 1.66051918341 -0.0334227353883
2.98 1.66035191205 -0.0334859390128
2.985 1.66018432269 -0.0335499334426
2.99 1.6600164114 -0.0336147188113
2.995 1.65984817419 -0.0336802952099
3.0 1.65967960712 -0.0337466627837
3.005 1.65951070623 -0.0338138216788
3.01 1.65934146756 -0.0338817720412
3.015 1.65917188717 -0.0339505140171
3.02 1.65900196109 -0.0340200477526
3.025 1.65883168537 -0.0340903733787
3.03 1.65866105604 -0.0341614909629
3.035 1.65849006914 -0.0342334006195
3.04 1.65831872071 -0.0343061024706
3.045 1.65814700678 -0.0343795966383
3.05 1.6579749234 -0.0344538832445
3.055 1.65780246662 -0.0345289624114
3.06 1.65762963246 -0.0346048342578
3.065 1.65745641696 -0.0346814988451
3.07 1.65728281615 -0.0347589562561
3.075 1.65710882607 -0.0348372065918
3.08 1.65693444275 -0.0349162499535
3.085 1.65675966223 -0.0349960864422
3.09 1.65658448055 -0.0350767161591
3.095 1.65640889375 -0.0351581392053
3.1 1.65623289784 -0.0352403556466
3.105 1.65605648887 -0.0353233655364
3.11 1.65587966286 -0.0354071689581
3.115 1.65570241585 -0.0354917659948
3.12 1.65552474387 -0.03557715673
3.125 1.65534664295 -0.0356633412471
3.13 1.65516810913 -0.0357503196293
3.135 1.65498913843 -0.0358380919478
3.14 1.65480972689 -0.0359266582372
3.145 1.65462987053 -0.0360160185625
3.15 1.65444956537 -0.0361061729924
3.155 1.65426880746 -0.0361971215951
3.16 1.65408759283 -0.0362888644392
3.165 1.65390591749 -0.0363814015932
3.17 1.65372377749 -0.0364747331235
3.175 1.65354116884 -0.0365688590649
3.18 1.65335808757 -0.0366637794646
3.185 1.65317452972 -0.0367594943797
3.19 1.6529904913 -0.0368560038672
3.195 1.65280596835 -0.0369533079843
3.2 1.65262095689 -0.0370514067878
3.205 1.65243545295 -0.0371503003349
3.21 1.65224945256 -0.037249988668
3.215 1.65206295174 -0.0373504718214
3.22 1.65187594652 -0.037451749844
3.225 1.65168843291 -0.0375538227849
3.23 1.65150040696 -0.037656690693
3.235 1.65131186467 -0.0377603536172
3.24 1.65112280209 -0.0378648116066
3.245 1.65093321523 -0.0379700647067
3.25 1.65074310012 -0.038076112951
3.255 1.65055245278 -0.0381829563823
3.26 1.65036126922 -0.038290595045
3.265 1.65016954549 -0.0383990289833
3.27 1.6499772776 -0.0385082582414
3.275 1.64978446158 -0.0386182828638
3.28 1.64959109344 -0.0387291028945
3.285 1.64939716922 -0.0388407183742
3.29 1.64920268493 -0.0389531293445
3.295 1.6490076366 -0.0390663358483
3.3 1.64881202024 -0.0391803379285
3.305 1.64861583188 -0.0392951356282
3.31 1.64841906755 -0.0394107289903
3.315 1.64822172326 -0.0395271180577
3.32 1.64802379504 -0.0396443028762
3.325 1.6478252789 -0.0397622834962
3.33 1.64762617087 -0.039881059963
3.335 1.64742646697 -0.0400006323221
3.34 1.64722616321 -0.0401210006187
3.345 1.64702525562 -0.040242164898
3.35 1.64682374022 -0.0403641252053
3.355 1.64662161304 -0.0404868815875
3.36 1.64641887008 -0.0406104341083
3.365 1.64621550736 -0.040734782823
3.37 1.64601152091 -0.0408599277828
3.375 1.64580690674 -0.040985869039
3.38 1.64560166088 -0.0411126066429
3.385 1.64539577933 -0.0412401406455
3.39 1.64518925813 -0.0413684710981
3.395 1.64498209329 -0.0414975980695
3.4 1.64477428082 -0.041627521638
3.405 1.64456581673 -0.0417582418646
3.41 1.64435669705 -0.0418897588099
3.415 1.6441469178 -0.0420220725348
3.42 1.64393647498 -0.0421551831
3.425 1.64372536462 -0.0422890905663
3.43 1.64351358274 -0.042423795001
3.435 1.64330112533 -0.042559296509
3.44 1.64308798843 -0.0426955951708
3.445 1.64287416803 -0.0428326910605
3.45 1.64265966016 -0.0429705842524
3.455 1.64244446083 -0.0431092748208
3.46 1.64222856606 -0.0432487628399
3.465 1.64201197186 -0.043389048384
3.47 1.64179467424 -0.043530131565
3.475 1.6415766692 -0.0436720125018
3.48 1.64135795276 -0.043814691286
3.485 1.64113852093 -0.0439581680091
3.49 1.64091836972 -0.0441024427626
3.495 1.64069749514 -0.044247515638
3.5 1.6404758932 -0.044393386727
3.505 1.64025355992 -0.044540056135
3.51 1.6400304913 -0.0446875240241
3.515 1.63980668333 -0.044835790514
3.52 1.63958213203 -0.0449848557174
3.525 1.6393568334 -0.0451347197471
3.53 1.63913078346 -0.0452853827158
3.535 1.63890397821 -0.0454368447362
3.54 1.63867641365 -0.0455891059219
3.545 1.6384480858 -0.0457421664492
3.55 1.63821899063 -0.04589602649
3.555 1.63798912416 -0.046050686182
3.56 1.63775848239 -0.0462061456631
3.565 1.63752706132 -0.0463624050712
3.57 1.63729485696 -0.0465194645441
3.575 1.6370618653 -0.0466773242196
3.58 1.63682808235 -0.0468359842523
3.585 1.6365935041 -0.0469954448818
3.59 1.63635812653 -0.0471557062884
3.595 1.63612194565 -0.0473167686402
3.6 1.63588495745 -0.0474786321053
3.605 1.63564715793 -0.0476412968518
3.61 1.63540854309 -0.0478047630477
3.615 1.63516910892 -0.0479690308612
3.62 1.63492885142 -0.0481341005216
3.625 1.63468776655 -0.0482999722979
3.63 1.6344458503 -0.0484666463928
3.635 1.63420309868 -0.0486341230087
3.64 1.63395950766 -0.048802402348
3.645 1.63371507324 -0.0489714846132
3.65 1.63346979142 -0.0491413700066
3.655 1.63322365816 -0.0493120587395
3.66 1.63297666946 -0.0494835511355
3.665 1.63272882126 -0.0496558474662
3.67 1.63248010957 -0.0498289479728
3.675 1.63223053036 -0.0500028528965
3.68 1.63198007962 -0.0501775624785
3.685 1.63172875331 -0.0503530769599
3.69 1.63147654744 -0.050529396582
3.695 1.63122345797 -0.0507065216353
3.7 1.63096948084 -0.0508844525053
3.705 1.63071461203 -0.0510631894818
3.71 1.63045884751 -0.0512427328495
3.715 1.63020218325 -0.0514230828928
3.72 1.62994461523 -0.0516042398961
3.725 1.62968613942 -0.0517862041441
3.73 1.62942675178 -0.0519689759214
3.735 1.62916644827 -0.0521525556255
3.74 1.62890522482 -0.0523369436698
3.745 1.62864307739 -0.0525221403881
3.75 1.62838000195 -0.0527081461146
3.755 1.62811599446 -0.052894961183
3.76 1.62785105087 -0.0530825859274
3.765 1.62758516715 -0.0532710206817
3.77 1.62731833925 -0.0534602657927
3.775 1.62705056309 -0.053650321767
3.78 1.6267818346 -0.0538411890344
3.785 1.62651214974 -0.0540328679832
3.79 1.62624150444 -0.0542253590012
3.795 1.62596989465 -0.0544186624768
3.8 1.62569731632 -0.054612778798
3.805 1.6254237654 -0.0548077083529
3.81 1.62514923782 -0.0550034515803
3.815 1.62487372947 -0.055200009071
3.82 1.62459723627 -0.0553973812862
3.825 1.62431975416 -0.0555955686734
3.83 1.62404127907 -0.05579457168
3.835 1.62376180692 -0.0559943907535
3.84 1.62348133366 -0.0561950263414
3.845 1.6231998552 -0.0563964788911
3.85 1.62291736744 -0.0565987489737
3.855 1.62263386626 -0.0568018372275
3.86 1.62234934757 -0.0570057441649
3.865 1.62206380728 -0.057210470298
3.87 1.62177724131 -0.0574160161391
3.875 1.62148964557 -0.0576223822003
3.88 1.62120101596 -0.0578295689937
3.885 1.6209113484 -0.0580375770335
3.89 1.62062063874 -0.0582464070212
3.895 1.62032888285 -0.0584560596445
3.9 1.62003607662 -0.0586665354883
3.905 1.61974221593 -0.0588778351378
3.91 1.61944729667 -0.0590899591779
3.915 1.61915131475 -0.0593029081937
3.92 1.61885426604 -0.0595166827701
3.925 1.61855614643 -0.0597312835052
3.93 1.61825695174 -0.0599467112273
3.935 1.61795667781 -0.0601629666732
3.94 1.6176553205 -0.0603800505064
3.945 1.61735287569 -0.0605979633903
3.95 1.61704933924 -0.0608167059884
3.955 1.61674470701 -0.0610362789642
3.96 1.61643897488 -0.061256682981
3.965 1.61613213868 -0.0614779187382
3.97 1.61582419421 -0.0616999871873
3.975 1.61551513727 -0.0619228891237
3.98 1.61520496371 -0.0621466252957
3.985 1.61489366936 -0.0623711964516
3.99 1.61458125007 -0.0625966033397
3.995 1.61426770168 -0.0628228467084
4.0 1.61395302001 -0.0630499273061
4.005 1.61363720089 -0.0632778459556
4.01 1.61332024004 -0.0635066037281
4.015 1.61300213326 -0.0637362014883
4.02 1.61268287636 -0.0639666400761
4.025 1.61236246515 -0.0641979203312
4.03 1.61204089543 -0.0644300430933
4.035 1.61171816301 -0.0646630092022
4.04 1.6113942637 -0.0648968194976
4.045 1.61106919327 -0.0651314749048
4.05 1.61074294741 -0.0653669766266
4.055 1.61041552187 -0.0656033256332
4.06 1.61008691244 -0.0658405228673
4.065 1.60975711488 -0.0660785692715
4.07 1.60942612497 -0.0663174657885
4.075 1.60909393846 -0.0665572133609
4.08 1.60876055115 -0.0667978129315
4.085 1.60842595876 -0.0670392655357
4.09 1.60809015693 -0.0672815725032
4.095 1.60775314137 -0.0675247349153
4.1 1.60741490782 -0.0677687538244
4.105 1.60707545201 -0.068013630283
4.11 1.60673476968 -0.0682593653435
4.115 1.60639285655 -0.0685059600586
4.12 1.60604970836 -0.0687534154807
4.125 1.60570532079 -0.0690017327635
4.13 1.60535968943 -0.0692509133764
4.135 1.60501280995 -0.0695009585199
4.14 1.60466467804 -0.0697518693648
4.145 1.60431528939 -0.0700036470817
4.15 1.60396463968 -0.0702562928414
4.155 1.60361272459 -0.0705098078146
4.16 1.60325953983 -0.0707641931719
4.165 1.60290508103 -0.0710194501973
4.17 1.60254934369 -0.0712755805175
4.175 1.60219232346 -0.0715325854622
4.18 1.60183401596 -0.0717904663289
4.185 1.60147441683 -0.0720492244153
4.19 1.60111352172 -0.0723088610188
4.195 1.60075132625 -0.0725693774371
4.2 1.60038782607 -0.0728307749676
4.205 1.60002301679 -0.0730930549689
4.21 1.59965689386 -0.0733562192445
4.215 1.59928945281 -0.0736202693215
4.22 1.59892068924 -0.073885206641
4.225 1.59855059872 -0.0741510326442
4.23 1.59817917683 -0.0744177487722
4.235 1.59780641917 -0.0746853564662
4.24 1.5974323213 -0.0749538571675
4.245 1.59705687881 -0.0752232523372
4.25 1.59668008708 -0.0754935438964
4.255 1.59630194156 -0.0757647336035
4.26 1.59592243778 -0.0760368230525
4.265 1.59554157125 -0.0763098138374
4.27 1.59515933749 -0.0765837075522
4.275 1.59477573202 -0.0768585057906
4.28 1.59439075036 -0.0771342101468
4.285 1.59400438804 -0.0774108222157
4.29 1.5936166404 -0.0776883439958
4.295 1.59322750278 -0.0779667775226
4.3 1.59283697062 -0.0782461245547
4.305 1.59244503939 -0.0785263868503
4.31 1.59205170453 -0.0788075661677
4.315 1.59165696148 -0.0790896642653
4.32 1.59126080572 -0.0793726829015
4.325 1.59086323267 -0.0796566238346
4.33 1.59046423768 -0.079941489117
4.335 1.59006381593 -0.0802272811024
4.34 1.5896619628 -0.0805140017327
4.345 1.58925867366 -0.0808016529429
4.35 1.5888539439 -0.0810902366676
4.355 1.58844776887 -0.0813797548418
4.36 1.58804014398 -0.0816702094001
4.365 1.58763106457 -0.0819616022774
4.37 1.58722052601 -0.0822539354853
4.375 1.58680852335 -0.0825472116809
4.38 1.58639505184 -0.0828414331391
4.385 1.58598010675 -0.0831366019965
4.39 1.58556368338 -0.0834327203901
4.395 1.58514577701 -0.0837297904567
4.4 1.58472638294 -0.0840278143331
4.405 1.58430549646 -0.0843267941561
4.41 1.58388311286 -0.0846267320626
4.415 1.58345922721 -0.084927630654
4.42 1.58303383453 -0.0852294927196
4.425 1.58260693001 -0.0855323206114
4.43 1.58217850884 -0.0858361166813
4.435 1.58174856621 -0.0861408832812
4.44 1.58131709734 -0.0864466227629
4.445 1.58088409739 -0.0867533374782
4.45 1.58044956158 -0.0870610297789
4.455 1.58001348504 -0.0873697021619
4.46 1.57957586256 -0.0876793578346
4.465 1.57913668921 -0.0879899994841
4.47 1.57869596006 -0.0883016296943
4.475 1.57825367021 -0.0886142510493
4.48 1.57780981475 -0.088927866133
4.485 1.57736438878 -0.0892424775294
4.49 1.57691738737 -0.0895580878226
4.495 1.57646880563 -0.0898746996009
4.5 1.57601863832 -0.0901923161389
4.505 1.57556688023 -0.0905109406916
4.51 1.57511352634 -0.0908305760931
4.515 1.57465857162 -0.0911512251773
4.52 1.57420201105 -0.0914728907783
4.525 1.57374383962 -0.0917955757301
4.53 1.57328405228 -0.0921192828669
4.535 1.57282264403 -0.0924440150225
4.54 1.5723596098 -0.0927697751087
4.545 1.57189494411 -0.0930965669942
4.55 1.57142864168 -0.0934243940632
4.555 1.57096069736 -0.0937532594404
4.56 1.570491106 -0.0940831662508
4.565 1.57001986244 -0.0944141176191
4.57 1.56954696154 -0.0947461166701
4.575 1.56907239813 -0.0950791665286
4.58 1.56859616706 -0.0954132703193
4.585 1.56811826306 -0.0957484314222
4.59 1.56763868044 -0.0960846541459
4.595 1.56715741384 -0.0964219420316
4.6 1.56667445797 -0.0967602985148
4.605 1.56618980753 -0.0970997270311
4.61 1.56570345722 -0.0974402310158
4.615 1.56521540175 -0.0977818139045
4.62 1.56472563582 -0.0981244791325
4.625 1.56423415413 -0.0984682301356
4.63 1.56374095112 -0.0988130709217
4.635 1.56324602094 -0.0991590061024
4.64 1.56274935813 -0.0995060394662
4.645 1.56225095724 -0.0998541747862
4.65 1.56175081281 -0.100203415836
4.655 1.56124891938 -0.100553766387
4.66 1.5607452715 -0.100905230214
4.665 1.56023986372 -0.101257811089
4.67 1.55973269058 -0.101611512796
4.675 1.55922374613 -0.10196634016
4.68 1.55871302446 -0.102322297929
4.685 1.55820051995 -0.102679390247
4.69 1.55768622696 -0.103037621261
4.695 1.55717013988 -0.103396995113
4.7 1.55665225307 -0.10375751595
4.705 1.5561325609 -0.104119187915
4.71 1.55561105775 -0.104482015155
4.715 1.55508773794 -0.104846001933
4.72 1.55456259514 -0.105211153858
4.725 1.55403562339 -0.105577475825
4.73 1.55350681687 -0.105944972387
4.735 1.55297616976 -0.106313648095
4.74 1.55244367624 -0.106683507501
4.745 1.55190933049 -0.107054555158
4.75 1.5513731267 -0.107426795616
4.755 1.55083505904 -0.107800233428
4.76 1.55029512153 -0.108174873534
4.765 1.54975330754 -0.108550722182
4.77 1.54920961098 -0.10892778451
4.775 1.54866402584 -0.109306065513
4.78 1.54811654608 -0.109685570191
4.785 1.54756716567 -0.110066303541
4.79 1.54701587859 -0.11044827056
4.795 1.54646267882 -0.110831476245
4.8 1.54590756032 -0.111215925595
4.805 1.54535051667 -0.111601624474
4.81 1.54479154105 -0.111988579563
4.815 1.54423062719 -0.112376796368
4.82 1.54366776885 -0.112766280375
4.825 1.54310295977 -0.113157037072
4.83 1.54253619368 -0.113549071947
4.835 1.54196746434 -0.113942390487
4.84 1.54139676549 -0.114336998178
4.845 1.54082409087 -0.114732900528
4.85 1.54024943348 -0.115130104589
4.855 1.53967278644 -0.11552861723
4.86 1.53909414323 -0.115928444475
4.865 1.53851349734 -0.116329592353
4.87 1.53793084228 -0.116732066889
4.875 1.53734617153 -0.117135874111
4.88 1.53675947858 -0.117541020044
4.885 1.53617075693 -0.117947510715
4.89 1.53557999998 -0.118355352344
4.895 1.53498720023 -0.118764553114
4.9 1.53439235066 -0.119175120122
4.905 1.53379544449 -0.119587059988
4.91 1.53319647495 -0.120000379335
4.915 1.53259543524 -0.120415084781
4.92 1.53199231859 -0.12083118295
4.925 1.53138711821 -0.121248680461
4.93 1.53077982731 -0.121667583936
4.935 1.53017043889 -0.122087900536
4.94 1.52955894514 -0.122509639168
4.945 1.52894533889 -0.122932807326
4.95 1.52832961307 -0.123357412345
4.955 1.52771176055 -0.123783461557
4.96 1.52709177426 -0.124210962295
4.965 1.52646964709 -0.124639921893
4.97 1.52584537182 -0.125070347929
4.975 1.52521894052 -0.125502249338
4.98 1.52459034573 -0.125935634164
4.985 1.52395958009 -0.126370510245
4.99 1.52332663624 -0.126806885417
4.995 1.52269150683 -0.127244767518
5.0 1.52205418449 -0.127684164386
5.005 1.5214146618 -0.128125084037
5.01 1.5207729305 -0.128567536294
5.015 1.52012898278 -0.12901153006
5.02 1.51948281097 -0.129457073827
5.025 1.51883440744 -0.129904176083
5.03 1.51818376453 -0.130352845321
5.035 1.51753087461 -0.13080309003
5.04 1.5168757259 -0.131254928013
5.045 1.51621831993 -0.131708346987
5.05 1.51555864172 -0.132163372056
5.055 1.51489668355 -0.132620011886
5.06 1.51423243764 -0.133078275243
5.065 1.51356589619 -0.133538170992
5.07 1.51289705133 -0.133999708099
5.075 1.51222589516 -0.134462895646
5.08 1.51155241918 -0.134927744015
5.085 1.51087661486 -0.135394263701
5.09 1.51019847383 -0.135862464789
5.095 1.50951798767 -0.136332357536
5.1 1.50883514786 -0.136803952369
5.105 1.50814994582 -0.137277259885
5.11 1.50746237289 -0.137752290855
5.115 1.50677242033 -0.138229056215
5.12 1.50608007941 -0.138707566928
5.125 1.50538534159 -0.139187833523
5.13 1.50468819809 -0.139669867076
5.135 1.50398864004 -0.140153678864
5.14 1.5032866585 -0.140639280303
5.145 1.50258224447 -0.141126682945
5.15 1.50187538892 -0.141615898483
5.155 1.50116608271 -0.142106938746
5.16 1.50045431667 -0.142599815701
5.165 1.4997400816 -0.143094541222
5.17 1.49902336824 -0.143591127263
5.175 1.49830416725 -0.144089586052
5.18 1.49758246924 -0.144589929938
5.185 1.49685826475 -0.145092171395
5.19 1.49613154428 -0.145596323016
5.195 1.49540229825 -0.146102397522
5.2 1.49467051703 -0.146610407753
5.205 1.49393619092 -0.147120366771
5.21 1.49319931008 -0.147632288327
5.215 1.49245986464 -0.14814618599
5.22 1.49171784469 -0.148662073401
5.225 1.49097324026 -0.149179964352
5.23 1.49022604131 -0.149699872786
5.235 1.48947623774 -0.150221812801
5.24 1.48872381939 -0.150745798644
5.245 1.48796877603 -0.151271844715
5.25 1.48721109729 -0.151799965749
5.255 1.48645077268 -0.152330176741
5.26 1.4856877917 -0.152862492688
5.265 1.48492214382 -0.153396928758
5.27 1.48415381839 -0.15393350028
5.275 1.48338280474 -0.154472222752
5.28 1.48260909209 -0.155013111839
5.285 1.48183266962 -0.15555618337
5.29 1.4810535264 -0.156101453379
5.295 1.48027165127 -0.156648938375
5.3 1.4794870331 -0.157198654892
5.305 1.47869966068 -0.157750619587
5.31 1.47790952273 -0.158304849295
5.315 1.47711660792 -0.158861361036
5.32 1.47632090481 -0.159420172009
5.325 1.4755224019 -0.159981299595
5.33 1.47472108759 -0.160544761356
5.335 1.47391695019 -0.161110575206
5.34 1.47310997773 -0.161678759749
5.345 1.47230015833 -0.16224933341
5.35 1.47148747998 -0.162822314781
5.355 1.47067193062 -0.163397722665
5.36 1.46985349809 -0.163975576075
5.365 1.46903217015 -0.164555894232
5.37 1.46820793446 -0.165138696567
5.375 1.46738077862 -0.16572400272
5.38 1.46655069 -0.166311832863
5.385 1.46571765581 -0.166902207674
5.39 1.46488166326 -0.167495147708
5.395 1.46404269949 -0.168090673753
5.4 1.46320075154 -0.168688806834
5.405 1.46235580634 -0.169289568214
5.41 1.46150785075 -0.169892979391
5.415 1.4606568715 -0.170499062103
5.42 1.45980285526 -0.171107838331
5.425 1.45894578837 -0.171719330854
5.43 1.4580856571 -0.17233356268
5.435 1.45722244769 -0.17295055682
5.44 1.45635614629 -0.173570336553
5.445 1.45548673893 -0.174192925427
5.45 1.45461421155 -0.174818347257
5.455 1.45373854996 -0.175446626127
5.46 1.45285973988 -0.176077786391
5.465 1.4519777669 -0.176711852745
5.47 1.45109261623 -0.177348850959
5.475 1.45020427308 -0.177988806743
5.48 1.44931272262 -0.178631745939
5.485 1.44841794988 -0.179277694696
5.49 1.44751993977 -0.179926679469
5.495 1.44661867709 -0.180578727021
5.5 1.44571414652 -0.181233864424
5.505 1.44480633261 -0.181892119055
5.51 1.44389521972 -0.182553518837
5.515 1.44298079183 -0.183218092848
5.52 1.44206303297 -0.183885869912
5.525 1.44114192704 -0.184556879125
5.53 1.44021745786 -0.185231149934
5.535 1.43928960907 -0.185908712139
5.54 1.43835836418 -0.186589595892
5.545 1.4374237066 -0.187273831699
5.55 1.43648561957 -0.187961450414
5.555 1.43554408604 -0.188652483793
5.56 1.43459908861 -0.189346964601
5.565 1.43365060998 -0.190044925296
5.57 1.43269863266 -0.190746398727
5.575 1.43174313904 -0.19145141815
5.58 1.43078411136 -0.192160017223
5.585 1.42982153169 -0.19287223001
5.59 1.42885538198 -0.19358809098
5.595 1.42788564399 -0.194307635014
5.6 1.42691229904 -0.195030898458
5.605 1.42593532825 -0.19575791817
5.61 1.42495471276 -0.196488730888
5.615 1.42397043352 -0.197223373816
5.62 1.42298247133 -0.197961884626
5.625 1.42199080682 -0.198704301459
5.63 1.42099542044 -0.199450662922
5.635 1.41999629247 -0.200201008089
5.64 1.418993403 -0.200955376614
5.645 1.4179867315 -0.201713810142
5.65 1.4169762574 -0.202476350253
5.655 1.4159619601 -0.203243038681
5.66 1.41494381876 -0.204013917702
5.665 1.41392181238 -0.204789030134
5.67 1.41289591977 -0.205568419335
5.675 1.41186611951 -0.206352129209
5.68 1.41083239005 -0.207140204197
5.685 1.40979470947 -0.207932689687
5.69 1.40875305521 -0.208729633356
5.695 1.40770740478 -0.209531082342
5.7 1.40665773557 -0.210337084223
5.705 1.40560402472 -0.211147687203
5.71 1.40454624918 -0.21196294012
5.715 1.40348438567 -0.212782892441
5.72 1.40241841069 -0.213607594266
5.725 1.40134830053 -0.214437096324
5.73 1.40027403098 -0.215271450968
5.735 1.39919557719 -0.216110712694
5.74 1.39811291448 -0.21695493525
5.745 1.39702601795 -0.217804173073
5.75 1.39593486242 -0.21865848134
5.755 1.3948394225 -0.219517915965
5.76 1.39373967252 -0.220382533598
5.765 1.39263558659 -0.221252391631
5.77 1.39152713856 -0.222127548194
5.775 1.39041430157 -0.223008063878
5.78 1.38929704838 -0.22389400058
5.785 1.38817535173 -0.224785420032
5.79 1.38704918407 -0.225682384858
5.795 1.38591851757 -0.226584958584
5.8 1.38478332411 -0.22749320563
5.805 1.38364357527 -0.228407191314
5.81 1.38249924213 -0.22932698263
5.815 1.3813502952 -0.230252648331
5.82 1.38019670497 -0.231184257301
5.825 1.37903844157 -0.232121879416
5.83 1.37787547483 -0.233065585548
5.835 1.37670777427 -0.23401544757
5.84 1.37553530908 -0.234971538351
5.845 1.37435804793 -0.235933932576
5.85 1.37317595871 -0.236902707833
5.855 1.37198900932 -0.237877941424
5.86 1.3707971673 -0.238859711715
5.865 1.36960039984 -0.239848098231
5.87 1.36839867378 -0.240843181658
5.875 1.36719195561 -0.241845043835
5.88 1.3659802113 -0.242853768312
5.885 1.36476340587 -0.243869442283
5.89 1.36354150428 -0.244892152799
5.895 1.36231447119 -0.245921987991
5.9 1.36108227082 -0.246959037325
5.905 1.35984486702 -0.248003391606
5.91 1.3586022232 -0.249055142978
5.915 1.35735430232 -0.250114385248
5.92 1.35610106618 -0.251181216575
5.925 1.35484247645 -0.252255735359
5.93 1.35357849447 -0.25333804099
5.935 1.35230908116 -0.254428234403
5.94 1.35103419695 -0.255526418079
5.945 1.34975380184 -0.256632696048
5.95 1.34846785533 -0.257747174032
5.955 1.34717631565 -0.258869962752
5.96 1.34587914072 -0.26000117395
5.965 1.34457628817 -0.261140920097
5.97 1.34326771514 -0.262289315463
5.975 1.34195337824 -0.263446476118
5.98 1.34063323358 -0.26461251993
5.985 1.33930723674 -0.26578756659
5.99 1.33797534213 -0.266971740547
5.995 1.33663750343 -0.268165168913
6.0 1.33529367407 -0.269367979511
6.005 1.33394380689 -0.270580302335
6.01 1.33258785411 -0.27180226955
6.015 1.33122576733 -0.273034015584
6.02 1.32985749704 -0.274275679323
6.025 1.32848299312 -0.2755274017
6.03 1.32710220499 -0.276789325396
6.035 1.32571508139 -0.278061595502
6.04 1.32432157041 -0.279344359524
6.045 1.32292161941 -0.28063776776
6.05 1.32151517432 -0.281941976581
6.055 1.3201021806 -0.283257143808
6.06 1.31868258315 -0.284583429399
6.065 1.31725632611 -0.285920996087
6.07 1.31582335289 -0.287270009382
6.075 1.31438360599 -0.288630638405
6.08 1.31293702634 -0.290003059076
6.085 1.31148355446 -0.291387448424
6.09 1.31002313016 -0.292783986273
6.095 1.30855569242 -0.294192855624
6.1 1.30708117941 -0.295614242662
6.105 1.30559952812 -0.297048338397
6.11 1.30411067388 -0.298495341162
6.115 1.30261455164 -0.29995545023
6.12 1.30111109549 -0.301428868349
6.125 1.29960023859 -0.302915801922
6.13 1.2980819132 -0.304416461008
6.135 1.29655605003 -0.305931062294
6.14 1.29502257815 -0.3074598298
6.145 1.29348142622 -0.309002988681
6.15 1.29193252187 -0.31056076828
6.155 1.29037579168 -0.31213340216
6.16 1.28881116124 -0.313721128115
6.165 1.28723855422 -0.315324192383
6.17 1.28565789284 -0.316942847823
6.175 1.28406909854 -0.318577350035
6.18 1.28247209159 -0.320227959652
6.185 1.28086679104 -0.321894942458
6.19 1.279253114 -0.323578572931
6.195 1.27763097633 -0.325279130944
6.2 1.27600029282 -0.326996900884
6.205 1.27436097691 -0.328732172724
6.21 1.27271294068 -0.330485242592
6.215 1.27105609382 -0.332256417945
6.22 1.26939034487 -0.33404601095
6.225 1.26771560112 -0.335854339224
6.23 1.26603176839 -0.33768172676
6.235 1.2643387508 -0.339528505297
6.24 1.26263644984 -0.341395019333
6.245 1.26092476594 -0.343281617744
6.25 1.25920359799 -0.345188656151
6.255 1.25747284328 -0.347116497435
6.26 1.25573239732 -0.349065512636
6.265 1.25398215153 -0.35103609373
6.27 1.25222199798 -0.353028627424
6.275 1.25045182606 -0.355043513694
6.28 1.24867152342 -0.357081160378
6.285 1.2468809752 -0.359141987684
6.29 1.2450800639 -0.361226428979
6.295 1.2432686704 -0.363334924759
6.3 1.24144667338 -0.365467926228
6.305 1.2396139492 -0.367625895717
6.31 1.23777037187 -0.369809307067
6.315 1.23591581305 -0.372018645927
6.32 1.23405014183 -0.374254410351
6.325 1.23217322474 -0.376517111157
6.33 1.23028492565 -0.378807272325
6.335 1.22838510576 -0.381125431308
6.34 1.22647362381 -0.383472137768
6.345 1.22455033573 -0.385847955633
6.35 1.22261509454 -0.388253463543
6.355 1.22066775035 -0.390689254843
6.36 1.2187081503 -0.39315593795
6.365 1.21673613832 -0.395654138346
6.37 1.2147515551 -0.398184498777
6.375 1.21275423821 -0.400747677743
6.38 1.21074402193 -0.403344350953
6.385 1.2087207372 -0.40597521175
6.39 1.20668421137 -0.408640972467
6.395 1.20463426785 -0.411342367129
6.4 1.20257072659 -0.414080147968
6.405 1.20049340378 -0.416855087286
6.41 1.19840211178 -0.41966797813
6.415 1.19629665897 -0.422519635123
6.42 1.19417684917 -0.425410898789
6.425 1.19204248208 -0.428342632036
6.43 1.1898933532 -0.431315720921
6.435 1.18772925359 -0.434331076017
6.44 1.18554996981 -0.437389633056
6.445 1.18335528332 -0.440492357279
6.45 1.18114497053 -0.443640242963
6.455 1.17891880312 -0.446834310781
6.46 1.17667654768 -0.450075610534
6.465 1.17441796558 -0.453365221925
6.47 1.17214281261 -0.456704257477
6.475 1.1698508383 -0.46009386741
6.48 1.16754178682 -0.463535232648
6.485 1.16521539648 -0.467029568654
6.49 1.16287139954 -0.470578126614
6.495 1.16050952197 -0.474182195206
6.5 1.15812948238 -0.47784310927
6.505 1.15573099297 -0.481562241981
6.51 1.1533137592 -0.485341006932
6.515 1.15087747951 -0.489180860622
6.52 1.14842184515 -0.493083303684
6.525 1.14594653916 -0.497049888876
6.53 1.14345123647 -0.501082220345
6.535 1.14093560426 -0.505181950314
6.54 1.13839930139 -0.509350783442
6.545 1.13584197805 -0.513590479854
6.55 1.13326327508 -0.517902860372
6.555 1.1306628244 -0.522289802737
6.56 1.12804024857 -0.526753245213
6.565 1.12539516045 -0.531295189095
6.57 1.12272716201 -0.535917709274
6.575 1.12003584482 -0.540622949092
6.58 1.11732078992 -0.545413121571
6.585 1.1145815673 -0.550290513447
6.59 1.11181773497 -0.555257493076
6.595 1.10902883837 -0.560316515819
6.6 1.10621441104 -0.565470116949
6.605 1.1033739739 -0.570720918639
6.61 1.10050703456 -0.576071634892
6.615 1.09761308576 -0.581525086548
6.62 1.09469160645 -0.587084189956
6.625 1.09174206114 -0.592751963183
6.63 1.08876389927 -0.598531530792
6.635 1.08575655366 -0.604426138881
6.64 1.08271944029 -0.610439155787
6.645 1.07965195852 -0.616574069913
6.65 1.07655349008 -0.622834498846
6.655 1.07342339769 -0.629224201679
6.66 1.07026102526 -0.635747076577
6.665 1.06706569726 -0.642407166671
6.67 1.06383671736 -0.649208672226
6.675 1.06057336699 -0.656155964767
6.68 1.05727490612 -0.663253578499
6.685 1.05394057194 -0.670506222035
6.69 1.0505695768 -0.677918799046
6.695 1.04716110798 -0.685496409499
6.7 1.04371432749 -0.693244350833
6.705 1.04022837054 -0.701168132511
6.71 1.03670234283 -0.709273503515
6.715 1.03313532152 -0.717566441005
6.72 1.02952635392 -0.726053162575
6.725 1.02587445525 -0.734740149434
6.73 1.02217860635 -0.743634168824
6.735 1.01843775488 -0.752742260427
6.74 1.01465081322 -0.762071757291
6.745 1.01081665504 -0.771630321658
6.75 1.00693411465 -0.781425950991
6.755 1.00300198624 -0.791466984144
6.76 0.999019020858 -0.801762133076
6.765 0.994983925259 -0.81232049429
6.77 0.990895360488 -0.823151562257
6.775 0.986751937941 -0.834265272864
6.78 0.982552218366 -0.845672012229
6.785 0.978294710407 -0.857382630991
6.79 0.973977865948 -0.869408495818
6.795 0.969600079009 -0.881761499659
6.8 0.965159683882 -0.894454080722
6.805 0.960654949659 -0.90749928472
6.81 0.956084079085 -0.920910775073
6.815 0.95144520627 -0.934702856952
6.82 0.946736390153 -0.948890553101
6.825 0.941955613352 -0.963489613801
6.83 0.937100779387 -0.978516546866
6.835 0.932169705347 -0.993988704303
6.84 0.92716011959 -1.0099243062
6.845 0.922069657556 -1.02634248825
6.85 0.916895855977 -1.04326336955
6.855 0.911636149855 -1.06070808535
6.86 0.906287864176 -1.07869888806
6.865 0.90084821069 -1.09725918202
6.87 0.895314281266 -1.11641360298
6.875 0.889683040048 -1.13618811333
6.88 0.883951319968 -1.1566100406
6.885 0.878115811475 -1.17770821876
6.89 0.872173058501 -1.19951303323
6.895 0.866119448767 -1.22205654181
6.9 0.85995120386 -1.24537259861
6.905 0.853664374117 -1.26949691353
6.91 0.847254823155 -1.29446725216
6.915 0.84071822297 -1.32032349162
6.92 0.834050040444 -1.34710779457
6.925 0.827245523643 -1.37486478594
6.93 0.820299692196 -1.40364167343
6.935 0.813207322707 -1.43348843653
6.94 0.805962935474 -1.4644579986
6.945 0.798560776817 -1.49660646035
6.95 0.790994805896 -1.52999326933
6.955 0.783258673881 -1.56468149734
6.96 0.775345709187 -1.60073803308
6.965 0.76724889324 -1.63823390819
6.97 0.758960844141 -1.67724451128
6.975 0.750473788424 -1.71784997009
6.98 0.741779542876 -1.76013539175
6.985 0.732869481841 -1.80419130672
6.99 0.72373451674 -1.85011394116
6.995 0.714365058402 -1.8980057285
7.0 0.704750993801 -1.94797562061
7.005 0.694881642867 -2.00013967174
7.01 0.684745731837 -2.05462139661
7.015 0.674331344005 -2.11155242973
7.02 0.663625888945 -2.17107293951
7.025 0.652616046695 -2.23333236296
7.03 0.641287731924 -2.29848988629
7.035 0.629626031361 -2.36671524708
7.04 0.617615161946 -2.43818929089
7.045 0.605238403276 -2.51310480723
7.05 0.592478037521 -2.59166728523
7.055 0.579315288993 -2.67409563515
7.06 0.56573025088 -2.76062306427
7.065 0.551701814066 -2.85149785895
7.07 0.537207587479 -2.94698427251
7.075 0.52222381796 -3.04736330057
7.08 0.506725303458 -3.15293353978
7.085 0.490685303483 -3.26401189869
7.09 0.4740754456 -3.38093433802
7.095 0.456865628904 -3.50405639257
7.1 0.439023924701 -3.63375364969
7.105 0.420516475963 -3.7704219171
7.11 0.401307396134 -3.91447718398
7.115 0.38135866864 -4.06635519616
7.12 0.360630050093 -4.22651057355
7.125 0.339078981965 -4.39541515485
7.13 0.316660506581 -4.57355592888
7.135 0.293327199697 -4.76143177946
7.14 0.269029121361 -4.95954908628
7.145 0.243713794411 -5.16841588326
7.15 0.217326211666 -5.38853438691
7.155 0.189808887815 -5.62039132607
7.16 0.161101970457 -5.86444561092
7.165 0.131143407689 -6.12111340114
7.17 0.0998692198381 -6.39074892777
7.175 0.0672138516048 -6.67362210332
7.18 0.0331106671573 -6.96989074531
7.185 -0.00250741091776 -7.27956783115
7.19 -0.0397070838684 -7.60248291599
7.195 -0.0785536510566 -7.93823730202
7.2 -0.119109741203 -8.2861527916
7.205 -0.161433774557 -8.64521424899
7.21 -0.205578121832 -9.01400657612
7.215 -0.251586947627 -9.39064712051
7.22 -0.29949367595 -9.77271702639
7.225 -0.34931816456 -10.1571929659
7.23 -0.401063508409 -10.5403860885
7.235 -0.454712592449 -10.9178938489
7.24 -0.510224441442 -11.2845722849
7.245 -0.567530504667 -11.6345391733
7.25 -0.626531057205 -11.9612180086
7.255 -0.687091942182 -12.2574335028
7.26 -0.749041941479 -12.5155677652
7.265 -0.812171090886 -12.7277832645
7.27 -0.876230281157 -12.8863133793
7.275 -0.940932468384 -12.9838139002
7.28 -1.00595576329 -13.0137598396
7.285 -1.07094856915 -12.9708616854
7.29 -1.1355367744 -12.8514672341
7.295 -1.19933284052 -12.6539087629
7.3 -1.26194640024 -12.3787546549
7.305 -1.32299580089 -12.0289294502
7.31 -1.38211986229 -11.6096787923
7.315 -1.43898905851 -11.1283724945
7.32 -1.49331532979 -10.5941580948
7.325 -1.54485984854 -10.0174963465
7.33 -1.59343826215 -9.40962341669
7.335 -1.63892317022 -8.78199183186
7.34 -1.68124386096 -8.14574128098
7.345 -1.7203835674 -7.51124150317
7.35 -1.75637468154 -6.88773686029
7.355 -1.78929248069 -6.28310702947
7.36 -1.81924794947 -5.70374345867
7.365 -1.84638024885 -5.15453013908
7.37 -1.8708493135 -4.63890942382
7.375 -1.89282894339 -4.15901012637
7.38 -1.91250064196 -3.71581540863
7.385 -1.93004835338 -3.30934958741
7.39 -1.94565414289 -2.93886789845
7.395 -1.95949480703 -2.60303702668
7.4 -1.97173934843 -2.30009791194
7.405 -1.98254720885 -2.02800691126
7.41 -1.99206715097 -1.78455362487
7.415 -2.00043667056 -1.56745578009
7.42 -2.00778182993 -1.3744329712
7.425 -2.01421741292 -1.20326179262
7.43 -2.01984731428 -1.0518150734
7.435 -2.0247650887 -0.91808821
7.44 -2.02905461045 -0.800214892266
7.445 -2.03279078489 -0.696474961989
7.45 -2.03604028688 -0.605296067213
7.455 -2.03886229402 -0.525250962477
7.46 -2.04130919889 -0.455051709053
7.465 -2.04342728661 -0.393541853443
7.47 -2.04525737014 -0.339687398551
7.475 -2.04683537863 -0.292567176548
7.48 -2.04819289702 -0.251363091198
7.485 -2.0493576574 -0.215350508987
7.49 -2.05035398311 -0.183889046173
7.495 -2.05120318796 -0.156413893618
7.5 -2.05192393371 -0.132427742425
7.505 -2.0525325487 -0.111493359612
7.51 -2.05304331108 -0.0932268134501
7.515 -2.05346869973 -0.0772913531244
7.52 -2.05381961604 -0.0633918799192
7.525 -2.05410557979 -0.0512700102374
7.53 -2.05433490094 -0.0406996698039
7.535 -2.05451483187 -0.0314831686618
7.54 -2.05465170022 -0.0234477294902
7.545 -2.05475102539 -0.0164424202223
7.55 -2.05481762101 -0.0103354423268
7.555 -2.05485568467 -0.00501173865909
7.56 -2.05486887605 -0.000370901511117
7.565 -2.0548603854 0.00367466986698
7.57 -2.05483299369 0.00720139167528
7.575 -2.05478912482 0.0102759094331
7.58 -2.05473089116 0.0129563362757
7.585 -2.05466013358 0.0152933395216
7.59 -2.05457845628 0.0173310927118
7.595 -2.05448725705 0.0191081012573
7.6 -2.05438775375 0.0206579268761
7.605 -2.05428100751 0.022009822576
7.61 -2.05416794279 0.0231892838562
7.615 -2.05404936493 0.0242185293883
7.62 -2.05392597552 0.0251169226501
7.625 -2.05379838566 0.0259013379224
7.63 -2.0536671276 0.0265864783627
7.635 -2.05353266493 0.0271851582871
7.64 -2.05339540146 0.0277085458058
7.645 -2.05325568873 0.0281663701017
7.65 -2.05311383287 0.0285671110033
7.655 -2.05297010042 0.0289181579264
7.66 -2.05282472336 0.0292259494302
7.665 -2.05267790364 0.0294960975258
7.67 -2.05252981697 0.0297334917061
7.675 -2.05238061621 0.0299423933612
7.68 -2.05223043436 0.0301265172453
7.685 -2.05207938697 0.0302890975031
7.69 -2.05192757458 0.030432956339
7.695 -2.0517750845 0.0305605511476
7.7 -2.0516219926 0.0306740251753
7.705 -2.05146836468 0.030775245197
7.71 -2.05131425785 0.0308658387095
7.715 -2.05115972163 0.0309472241705
7.72 -2.05100479889 0.0310206379506
7.725 -2.05084952674 0.0310871580613
7.73 -2.05069393724 0.0311477234216
7.735 -2.05053805807 0.0312031532531
7.74 -2.05038191307 0.031254160999
7.745 -2.05022552279 0.0313013692199
7.75 -2.05006890481 0.0313453201793
7.755 -2.04991207423 0.0313864869084
7.76 -2.04975504389 0.0314252814739
7.765 -2.04959782476 0.0314620634702
7.77 -2.0494404261 0.0314971465348
7.775 -2.04928285569 0.0315308033948
7.78 -2.04912512004 0.0315632718151
7.785 -2.04896722457 0.0315947600456
7.79 -2.04880917374 0.0316254494746
7.795 -2.04865097111 0.0316554976472
7.8 -2.04849261957 0.0316850432474
7.805 -2.04833412131 0.031714205343
7.81 -2.04817547798 0.0317430891515
7.815 -2.04801669073 0.0317717854313
7.82 -2.0478577603 0.0318003742753
7.825 -2.04769868705 0.0318289249215
7.83 -2.04753947101 0.0318574980495
7.835 -2.04738011194 0.0318861463665
7.84 -2.04722060933 0.0319149158114
7.845 -2.0470609625 0.0319438473217
7.85 -2.04690117053 0.0319729753404
7.855 -2.04674123237 0.0320023305687
7.86 -2.04658114682 0.0320319397419
7.865 -2.04642091252 0.0320618258092
7.87 -2.04626052807 0.032092009364
7.875 -2.04609999191 0.0321225078976
7.88 -2.04593930243 0.0321533369255
7.885 -2.04577845797 0.0321845100846
7.89 -2.04561745675 0.0322160388873
7.895 -2.04545629697 0.0322479338005
7.9 -2.04529497679 0.0322802033606
7.905 -2.0451334943 0.0323128556459
7.91 -2.04497184758 0.032345897411
7.915 -2.04481003466 0.0323793344407
7.92 -2.04464805356 0.0324131720471
7.925 -2.04448590227 0.0324474148944
7.93 -2.04432357875 0.0324820668901
7.935 -2.04416108095 0.0325171312907
7.94 -2.04399840677 0.0325526107042
7.945 -2.04383555415 0.0325885078373
7.95 -2.043672521 0.0326248251293
7.955 -2.0435093052 0.0326615643534
7.96 -2.04334590464 0.0326987271332
7.965 -2.0431823172 0.0327363152348
7.97 -2.04301854076 0.032774329912
7.975 -2.0428545732 0.0328127726627
7.98 -2.04269041232 0.0328516431974
7.985 -2.04252605603 0.0328909434764
7.99 -2.04236150216 0.0329306738186
7.995 -2.04219674857 0.0329708347565
8.0 -2.04203179309 0.033011426797
8.005 -2.04186663357 0.0330524503808
8.01 -2.04170126786 0.0330939059441
8.015 -2.04153569378 0.0331357937232
8.02 -2.04136990918 0.0331781139581
8.025 -2.04120391191 0.0332208669625
8.03 -2.04103769979 0.0332640530454
8.035 -2.04087127066 0.033307672198
8.04 -2.04070462236 0.0333517243787
8.045 -2.04053775271 0.0333962096855
8.05 -2.04037063693 0.0334411282287
8.055 -2.04020333125 0.0334864799397
8.06 -2.04003579128 0.0335322647736
8.065 -2.03986801704 0.0335784827303
8.07 -2.03970000851 0.0336251338098
8.075 -2.03953176327 0.03367221792
8.08 -2.03936327916 0.0337197349787
8.085 -2.03919455616 0.0337676849859
8.09 -2.03902559428 0.0338160679415
8.095 -2.03885639076 0.0338648837272
8.1 -2.03868693939 0.0339141320765
8.105 -2.03851723994 0.0339638129795
8.11 -2.0383472924 0.034013926436
8.115 -2.03817711427 0.0340644735302
8.12 -2.03800664979 0.0341154508068
8.125 -2.03783593394 0.0341668604333
8.13 -2.03766496456 0.0342187022758
8.135 -2.0374937394 0.0342709761937
8.14 -2.03732225457 0.0343236819145
8.145 -2.03715050686 0.0343768192215
8.15 -2.03697849367 0.0344303879442
8.155 -2.03680621236 0.0344843879123
8.16 -2.03663366032 0.0345388189553
8.165 -2.03646083493 0.0345936809031
8.17 -2.03628773359 0.0346489735852
8.175 -2.03611435366 0.0347046968312
8.18 -2.03594069253 0.0347608504707
8.185 -2.03576674768 0.0348174343247
8.19 -2.03559251827 0.0348744480504
8.195 -2.03541800275 0.0349318913769
8.2 -2.03524319895 0.034989764089
8.205 -2.03506810473 0.0350480659714
8.21 -2.03489271794 0.0351067968087
8.215 -2.03471703642 0.0351659563858
8.22 -2.03454105803 0.0352255444874
8.225 -2.03436478061 0.0352855608981
8.23 -2.03418820202 0.0353460054028
8.235 -2.03401132011 0.0354068777846
8.24 -2.03383413277 0.0354681778
8.245 -2.03365663787 0.0355299052177
8.25 -2.03347883327 0.0355920598152
8.255 -2.03330071684 0.0356546413697
8.26 -2.03312228644 0.0357176496588
8.265 -2.03294353992 0.03578108446
8.27 -2.03276447514 0.0358449455506
8.275 -2.03258508998 0.035909232708
8.28 -2.03240538228 0.0359739457098
8.285 -2.03222502742 0.0360390507656
8.29 -2.03204475819 0.0361046241505
8.295 -2.0318641416 0.0361706207959
8.3 -2.03168317767 0.0362370407019
8.305 -2.03150186639 0.0363038838684
8.31 -2.03132020775 0.0363711502955
8.315 -2.03113820176 0.0364388399831
8.32 -2.03095584842 0.0365069529312
8.325 -2.03077314773 0.0365754891399
8.33 -2.03059009969 0.0366444486091
8.335 -2.03040670408 0.0367138313041
8.34 -2.03022295766 0.0367836367085
8.345 -2.03003885934 0.0368538646499
8.35 -2.02985440914 0.0369245151285
8.355 -2.02966960706 0.0369955881441
8.36 -2.02948444872 0.0370670830669
8.365 -2.02929892935 0.0371389992049
8.37 -2.02911304896 0.037211336558
8.375 -2.02892680753 0.037284095126
8.38 -2.02874022081 0.0373572772384
8.385 -2.0285532361 0.0374308750989
8.39 -2.02836588691 0.0375048936633
8.395 -2.02817817113 0.0375793326207
8.4 -2.02799008654 0.0376541916423
8.405 -2.02780162915 0.0377294701216
8.41 -2.02761279561 0.0378051675499
8.415 -2.02742358305 0.0378812834968
8.42 -2.0272339886 0.0379578175317
8.425 -2.0270440094 0.0380347692242
8.43 -2.02685364275 0.0381121381662
8.435 -2.0266628878 0.0381899241955
8.44 -2.02647174288 0.0382681270414
8.445 -2.0262802059 0.0383467463773
8.45 -2.02608827477 0.0384257818764
8.455 -2.02589594741 0.038505233212
8.46 -2.02570322173 0.0385851000736
8.465 -2.02551009568 0.0386653822784
8.47 -2.02531656718 0.0387460795771
8.475 -2.02512263417 0.0388271916968
8.48 -2.02492829456 0.0389087183649
8.485 -2.02473354628 0.0389906593084
8.49 -2.02453833206 0.0390730049332
8.495 -2.02434278547 0.0391557775894
8.5 -2.02414681485 0.0392389618239
8.505 -2.0239504202 0.0393225576366
8.51 -2.02375360153 0.0394065650276
8.515 -2.02355635884 0.0394909839968
8.52 -2.0233586914 0.0395758144085
8.525 -2.02316059591 0.0396610556379
8.53 -2.02296207194 0.0397467076075
8.535 -2.02276311952 0.0398327703171
8.54 -2.02256373839 0.0399192437276
8.545 -2.02236392254 0.0400061268218
8.55 -2.02216366934 0.0400934191521
8.555 -2.02196297877 0.0401811207184
8.56 -2.02176185084 0.0402692315209
8.565 -2.02156028205 0.0403577509007
8.57 -2.02135826709 0.040446677855
8.575 -2.0211558059 0.0405360123731
8.58 -2.02095289848 0.0406257544551
8.585 -2.02074954337 0.0407159038529
8.59 -2.02054573325 0.0408064593249
8.595 -2.02034146712 0.0408974207009
8.6 -2.02013674497 0.0409887879806
8.605 -2.01993156681 0.0410805611643
8.61 -2.01972593228 0.04117274018
8.615 -2.01951983398 0.0412653235402
8.62 -2.01931326895 0.0413583106533
8.625 -2.01910623721 0.0414517015191
8.63 -2.01889873874 0.0415454961378
8.635 -2.01869077356 0.0416396945093
8.64 -2.01848233664 0.0417342956226
8.645 -2.01827342236 0.0418292983396
8.65 -2.0180640307 0.0419247026594
8.655 -2.01785416168 0.042020508582
8.66 -2.01764381528 0.0421167161074
8.665 -2.01743298922 0.0422133247424
8.67 -2.01722167644 0.0423103329631
8.675 -2.01700987644 0.0424077406614
8.68 -2.01679758922 0.0425055478375
8.685 -2.01658481468 0.0426037544745
8.69 -2.01637154721 0.0427023595541
8.695 -2.01615778346 0.0428013624747
8.7 -2.01594352346 0.0429007632365
8.705 -2.01572876719 0.0430005618394
8.71 -2.01551351302 0.0431007579524
8.715 -2.01529775428 0.0432013502347
8.72 -2.01508149027 0.0433023385442
8.725 -2.014864721 0.043403722881
8.73 -2.01464744644 0.0435055032408
8.735 -2.01442966154 0.0436076785313
8.74 -2.01421136235 0.0437102479032
8.745 -2.01399254888 0.0438132113565
8.75 -2.01377322114 0.0439165688912
8.755 -2.01355337808 0.0440203202788
8.76 -2.01333301295 0.0441244640248
8.765 -2.01311212453 0.0442289998584
8.77 -2.01289071281 0.0443339277797
8.775 -2.01266877779 0.0444392477886
8.78 -2.01244631591 0.0445449590913
8.785 -2.01222332181 0.0446510604976
8.79 -2.01199979546 0.0447575519959
8.795 -2.01177573683 0.0448644335861
8.8 -2.01155114553 0.0449717051747
8.805 -2.01132601531 0.0450793653306
8.81 -2.01110034403 0.0451874135687
8.815 -2.01087413171 0.0452958498889
8.82 -2.01064737834 0.0454046742912
8.825 -2.01042008072 0.0455138860483
8.83 -2.01019223352 0.0456234839594
8.835 -2.00996383669 0.0457334680066
8.84 -2.00973489021 0.0458438381899
8.845 -2.00950539333 0.0459545943306
8.85 -2.00927533967 0.046065734949
8.855 -2.00904472781 0.0461772597155
8.86 -2.00881355777 0.0462891686299
8.865 -2.00858182953 0.0464014616923
8.87 -2.00834953903 0.0465141379254
8.875 -2.00811668195 0.0466271962862
8.88 -2.00788325828 0.0467406367744
8.885 -2.00764926802 0.0468544593899
8.89 -2.00741470939 0.0469686637055
8.895 -2.0071795764 0.0470832482941
8.9 -2.00694386858 0.0471982130412
8.905 -2.00670758593 0.0473135579468
8.91 -2.00647072799 0.0474292828993
8.915 -2.00623328884 0.0475453864546
8.92 -2.00599526666 0.0476618681696
8.925 -2.00575666145 0.0477787280444
8.93 -2.00551747321 0.0478959660789
8.935 -2.00527769786 0.0480135812436
8.94 -2.00503733144 0.0481315725475
8.945 -2.00479637397 0.0482499399907
8.95 -2.00455482545 0.0483686835731
8.955 -2.00431268321 0.0484878026354
8.96 -2.00406994219 0.0486072959145
8.965 -2.00382660226 0.0487271633794
8.97 -2.00358266342 0.04884740503
8.975 -2.00333812409 0.0489680204683
8.98 -2.00309297857 0.0490890082425
8.985 -2.00284722631 0.0492103682194
8.99 -2.00260086733 0.0493321003991
8.995 -2.00235390086 0.0494542045822
9.0 -2.0021063211 0.0495766792692
9.005 -2.00185812686 0.0496995241516
9.01 -2.00160931815 0.0498227392293
9.015 -2.00135989465 0.0499463244235
9.02 -2.00110985098 0.050070278326
9.025 -2.00085918514 0.0501946004178
9.03 -2.00060789713 0.0503192906989
9.035 -2.00035598691 0.0504443491557
9.04 -2.00010344986 0.0505697745722
9.045 -1.999850283 0.0506955661588
9.05 -1.99959648633 0.0508217239155
9.055 -1.99934205985 0.0509482478422
9.06 -1.99908700012 0.0510751370206
9.065 -1.99883130297 0.051202390339
9.07 -1.9985749684 0.0513300077949
9.075 -1.99831799642 0.0514579893885
9.08 -1.9980603847 0.0515863344945
9.085 -1.99780212817 0.0517150417411
9.09 -1.99754322665 0.0518441110795
9.095 -1.99728368014 0.0519735425097
9.1 -1.99702348723 0.052103335646
9.105 -1.99676264237 0.0522334889731
9.11 -1.99650114499 0.0523640023369
9.115 -1.9962389951 0.0524948757374
9.12 -1.99597619195 0.0526261089714
9.125 -1.99571272996 0.0527577004974
9.13 -1.99544860797 0.0528896499957
9.135 -1.99518382597 0.0530219574664
9.14 -1.99491838369 0.0531546228339
9.145 -1.99465227595 0.0532876446512
9.15 -1.99438550076 0.0534210223652
9.155 -1.99411805811 0.0535547559759
9.16 -1.99384994798 0.0536888454736
9.165 -1.99358116601 0.0538232896356
9.17 -1.99331170919 0.0539580876112
9.175 -1.9930415775 0.0540932394004
9.18 -1.99277077096 0.0542287450033
9.185 -1.99249928643 0.0543646035304
9.19 -1.99222711969 0.0545008137873
9.195 -1.99195427073 0.0546373757678
9.2 -1.99168073955 0.0547742894719
9.205 -1.99140652412 0.0549115543195
9.21 -1.99113161938 0.05504916886
9.215 -1.99085602508 0.0551871330243
9.22 -1.99057974123 0.0553254468124
9.225 -1.99030276667 0.0554641098895
9.23 -1.99002509597 0.0556031206856
9.235 -1.98974672843 0.0557424790008
9.24 -1.98946766406 0.055882184835
9.245 -1.98918790231 0.056022238032
9.25 -1.98890743786 0.056162637038
9.255 -1.98862626932 0.0563033814535
9.26 -1.9883443967 0.0564444712787
9.265 -1.98806181986 0.0565859064711
9.27 -1.98777853404 0.0567276856339
9.275 -1.98749453693 0.0568698080894
9.28 -1.98720982854 0.0570122738375
9.285 -1.98692440886 0.057155082878
9.29 -1.9866382742 0.0572982341199
9.295 -1.9863514211 0.0574417265349
9.3 -1.98606384955 0.0575855601228
9.305 -1.98577555956 0.0577297348839
9.31 -1.98548654866 0.0578742500868
9.315 -1.9851968123 0.0580191043714
9.32 -1.98490635037 0.0581642977071
9.325 -1.98461516287 0.0583098300937
9.33 -1.98432324836 0.0584557010961
9.335 -1.98403060165 0.0586019091604
9.34 -1.98373722229 0.0587484541485
9.345 -1.98344311029 0.0588953360603
9.35 -1.98314826492 0.0590425546812
9.355 -1.98285268093 0.0591901084208
9.36 -1.98255635726 0.0593379969564
9.365 -1.9822592939 0.0594862202882
9.37 -1.98196149062 0.0596347783448
9.375 -1.98166294258 0.0597836696539
9.38 -1.98136364785 0.0599328936314
9.385 -1.98106360644 0.060082450277
9.39 -1.98076281833 0.0602323395867
9.395 -1.98046127963 0.0603825603691
9.4 -1.9801589873 0.060533111689
9.405 -1.97985594132 0.0606839935464
9.41 -1.9795521417 0.0608352059414
9.415 -1.97924758585 0.0609867480731
9.42 -1.9789422695 0.0611386186322
9.425 -1.9786361926 0.0612908175998
9.43 -1.97832935514 0.0614433449761
9.435 -1.97802175559 0.0615962002813
9.44 -1.97771338898 0.061749381983
9.445 -1.97740425494 0.0619028899665
9.45 -1.97709435349 0.0620567242316
9.455 -1.97678368385 0.062210884543
9.46 -1.97647224091 0.0623653693068
9.465 -1.97616002372 0.062520178225
9.47 -1.97584703228 0.0626753112975
9.475 -1.97553326633 0.0628307684471
9.48 -1.97521872115 0.0629865481941
9.485 -1.97490339493 0.0631426499721
9.49 -1.97458728767 0.0632990737809
9.495 -1.97427039935 0.0634558196156
9.5 -1.97395272617 0.0636128862814
9.505 -1.9736342652 0.063770272859
9.51 -1.97331501644 0.0639279793484
9.515 -1.9729949799 0.0640860057496
9.52 -1.97267415307 0.0642443512749
9.525 -1.97235253182 0.0644030146146
9.53 -1.97203011607 0.064561995749
9.535 -1.97170690582 0.0647212946778
9.54 -1.97138289965 0.0648809109461
9.545 -1.97105809272 0.0650408430222
9.55 -1.97073248463 0.0652010907818
9.555 -1.97040607539 0.065361654225
9.56 -1.97007886432 0.0655225331378
9.565 -1.96975084648 0.0656837259471
9.57 -1.96942202086 0.0658452323353
9.575 -1.96909238747 0.0660070523025
9.58 -1.96876194611 0.066169185788
9.585 -1.9684306923 0.0663316313585
9.59 -1.96809862414 0.0664943884077
9.595 -1.96776574162 0.0666574569357
9.6 -1.96743204474 0.0668208369416
9.605 -1.96709753006 0.066984527319
9.61 -1.96676219448 0.0671485270835
9.615 -1.96642603801 0.0673128362348
9.62 -1.96608906066 0.0674774547732
9.625 -1.96575126023 0.0676423819995
9.63 -1.96541263253 0.0678076165637
9.635 -1.96507317745 0.0679731584318
9.64 -1.96473289498 0.0681390076038
9.645 -1.96439178394 0.0683051637002
9.65 -1.96404983958 0.0684716251865
9.655 -1.96370706138 0.0686383919006
9.66 -1.96336344933 0.0688054638424
9.665 -1.96301900297 0.0689728408548
9.67 -1.96267371755 0.0691405214135
9.675 -1.96232759188 0.0693085051343
9.68 -1.96198062596 0.0694767920172
9.685 -1.9616328197 0.0696453820306
9.69 -1.96128416898 0.0698142738498
9.695 -1.96093467165 0.0699834667766
9.7 -1.9605843277 0.0701529608107
9.705 -1.96023313713 0.0703227559523
9.71 -1.95988109704 0.070492851264
9.715 -1.95952820401 0.0706632456399
9.72 -1.95917445804 0.0708339390782
9.725 -1.95881985912 0.0710049315789
9.73 -1.95846440554 0.0711762225863
9.735 -1.95810809294 0.0713478106928
9.74 -1.9577509211 0.0715196958292
9.745 -1.95739289004 0.0716918779956
9.75 -1.95703399889 0.0718643569176
9.755 -1.95667424298 0.0720371310817
9.76 -1.95631362159 0.0722102002567
9.765 -1.95595213473 0.0723835644425
9.77 -1.95558978211 0.0725572235484
9.775 -1.95522655932 0.072731176149
9.78 -1.95486246486 0.0729054217536
9.785 -1.95449749871 0.0730799603623
9.79 -1.95413166086 0.0732547919687
9.795 -1.95376494777 0.0734299154299
9.8 -1.95339735684 0.0736053299033
9.805 -1.95302888806 0.0737810353889
9.81 -1.95265954144 0.0739570318866
9.815 -1.95228931472 0.0741333186665
9.82 -1.95191820409 0.0743098945016
9.825 -1.9515462095 0.0744867593724
9.83 -1.95117333094 0.0746639132791
9.835 -1.95079956718 0.0748413558231
9.84 -1.95042491377 0.0750190855706
9.845 -1.95004937032 0.0751971023928
9.85 -1.94967293682 0.0753754062897
9.855 -1.94929561275 0.0755539970936
9.86 -1.94891739363 0.0757328733603
9.865 -1.94853827843 0.0759120347577
9.87 -1.94815826713 0.0760914812858
9.875 -1.94777735964 0.0762712129085
9.88 -1.94739555202 0.0764512283625
9.885 -1.94701284231 0.0766315270209
9.89 -1.94662923052 0.0768121088838
9.895 -1.94624471665 0.0769929739512
9.9 -1.94585929787 0.0771741213218
9.905 -1.94547297106 0.0773555499905
9.91 -1.9450857362 0.0775372599564
9.915 -1.94469759331 0.0777192512197
9.92 -1.9443085407 0.0779015232477
9.925 -1.94391857432 0.0780840747434
9.93 -1.94352769398 0.0782669056484
9.935 -1.94313589968 0.0784500159626
9.94 -1.9427431906 0.0786334054237
9.945 -1.94234956233 0.0788170726325
9.95 -1.94195501423 0.0790010173826
9.955 -1.9415595463 0.079185239674
9.96 -1.94116315825 0.0793697394168
9.965 -1.94076584591 0.0795545152918
9.97 -1.94036760791 0.0797395668629
9.975 -1.93996844424 0.0799248941302
9.98 -1.93956835487 0.0801104970853
9.985 -1.93916733642 0.0802963746598
9.99 -1.93876538651 0.0804825261063
9.995 -1.93836250514 0.080668951425
