0.0 -2.0 0.0
0.005 -1.99997501529 0.00999245413399
0.01 -1.99990010616 0.0199696835368
0.015 -1.99977534251 0.029931488039
0.02 -1.99960080818 0.039877630542
0.025 -1.99937658794 0.0498078749372
0.03 -1.99910275708 0.0597220274672
0.035 -1.9987793957 0.0696198827348
0.04 -1.9984065862 0.0795012358475
0.045 -1.99798441168 0.0893658870765
0.05 -1.99751295607 0.0992136396095
0.055 -1.99699230424 0.109044300083
0.06 -1.99642254213 0.118857679094
0.065 -1.99580375665 0.128653590933
0.07 -1.99513603549 0.138431852707
0.075 -1.99441946755 0.148192285988
0.08 -1.99365414226 0.157934714797
0.085 -1.99284014992 0.16765896653
0.09 -1.99197758214 0.177364873485
0.095 -1.99106653145 0.187052271493
0.1 -1.9901070904 0.196720997338
0.105 -1.98909935269 0.206370892088
0.11 -1.98804341295 0.216001800431
0.115 -1.98693936649 0.225613570168
0.12 -1.98578730927 0.235206052201
0.125 -1.98458733816 0.244779100858
0.13 -1.9833395508 0.254332573769
0.135 -1.9820440452 0.263866331123
0.14 -1.98070092038 0.273380236754
0.145 -1.97931027597 0.28287415751
0.15 -1.97787221215 0.292347963055
0.155 -1.97638682959 0.301801525746
0.16 -1.97485422984 0.311234721449
0.165 -1.97327451511 0.320647429067
0.17 -1.97164778822 0.330039530501
0.175 -1.96997415262 0.339410910614
0.18 -1.96825371233 0.348761457195
0.185 -1.96648657194 0.358091060927
0.19 -1.96467283652 0.367399615038
0.195 -1.96281261147 0.376687014888
0.2 -1.96090600282 0.385953159043
0.205 -1.95895311705 0.395197948745
0.21 -1.95695406111 0.40442128785
0.215 -1.95490894235 0.413623082778
0.22 -1.95281786853 0.422803242478
0.225 -1.95068094777 0.431961678381
0.23 -1.94849828878 0.441098304575
0.235 -1.94627000136 0.450213038361
0.24 -1.94399619524 0.459305798994
0.245 -1.94167698049 0.468376508083
0.25 -1.93931246752 0.477425089619
0.255 -1.93690276714 0.486451469942
0.26 -1.93444799049 0.495455577708
0.265 -1.93194824904 0.504437343853
0.27 -1.92940365461 0.513396701547
0.275 -1.92681431956 0.522333586117
0.28 -1.92418035645 0.531247935087
0.285 -1.92150187811 0.540139688122
0.29 -1.91877899765 0.549008786988
0.295 -1.91601182847 0.557855175516
0.3 -1.91320048423 0.566678799566
0.305 -1.91034507883 0.575479606992
0.31 -1.90744572643 0.584257547597
0.315 -1.90450254161 0.593012572993
0.32 -1.9015156391 0.601744636709
0.325 -1.89848513381 0.610453694139
0.33 -1.89541114087 0.619139702482
0.335 -1.89229377563 0.627802620703
0.34 -1.88913315359 0.6364424095
0.345 -1.88592939047 0.645059031268
0.35 -1.88268260213 0.653652450058
0.355 -1.87939290477 0.662222631496
0.36 -1.87606041471 0.670769542799
0.365 -1.87268524839 0.679293152746
0.37 -1.86926752237 0.687793431624
0.375 -1.86580735336 0.69627035119
0.38 -1.86230485822 0.70472388464
0.385 -1.85876015388 0.713154006566
0.39 -1.85517335742 0.721560692925
0.395 -1.85154458625 0.729943921018
0.4 -1.84787395789 0.738303669438
0.405 -1.84416158979 0.746639918019
0.41 -1.84040759951 0.754952647813
0.415 -1.83661210468 0.763241841052
0.42 -1.832775223 0.771507481115
0.425 -1.82889707221 0.779749552485
0.43 -1.82497777012 0.787968040719
0.435 -1.82101743459 0.796162932409
0.44 -1.81701618349 0.804334215145
0.445 -1.81297413474 0.812481877478
0.45 -1.80889140626 0.820605908885
0.455 -1.80476811607 0.828706299755
0.46 -1.80060438309 0.836783041567
0.465 -1.7964003258 0.844836126503
0.47 -1.79215606252 0.852865547486
0.475 -1.78787171158 0.860871298194
0.48 -1.78354739135 0.868853373023
0.485 -1.77918322016 0.876811767053
0.49 -1.77477931638 0.884746476013
0.495 -1.77033579837 0.892657496242
0.5 -1.76585278446 0.900544824657
0.505 -1.76133039298 0.908408458711
0.51 -1.75676874222 0.916248396365
0.515 -1.75216795044 0.924064636045
0.52 -1.74752813615 0.931857176779
0.525 -1.74284941859 0.939626018476
0.53 -1.73813191632 0.947371161029
0.535 -1.73337574785 0.955092604644
0.54 -1.72858103168 0.962790349847
0.545 -1.72374788627 0.970464397447
0.55 -1.71887643007 0.978114748504
0.555 -1.71396678149 0.985741404291
0.56 -1.70901905893 0.993344366263
0.565 -1.70403338073 1.00092363602
0.57 -1.6990098652 1.00847921527
0.575 -1.6939486306 1.01601110581
0.58 -1.68884979516 1.02351930947
0.585 -1.68371347756 1.03100382857
0.59 -1.67853979679 1.03846466572
0.595 -1.67332887129 1.04590182302
0.6 -1.66808081944 1.05331530252
0.605 -1.66279575964 1.06070510617
0.61 -1.65747381021 1.06807123579
0.615 -1.65211508951 1.07541369307
0.62 -1.6467197158 1.08273247951
0.625 -1.64128780737 1.09002759637
0.63 -1.63581948243 1.09729904469
0.635 -1.63031485919 1.10454682521
0.64 -1.62477405579 1.11177093834
0.645 -1.61919719038 1.11897138421
0.65 -1.61358438181 1.12614816341
0.655 -1.60793574872 1.13330127592
0.66 -1.60225140947 1.14043072101
0.665 -1.5965314824 1.14753649751
0.67 -1.59077608584 1.15461860378
0.675 -1.58498533812 1.16167703772
0.68 -1.57915935757 1.16871179666
0.685 -1.57329826251 1.17572287743
0.69 -1.56740217125 1.18271027624
0.695 -1.56147120209 1.18967398871
0.7 -1.55550547333 1.19661400982
0.705 -1.54950510326 1.20353033386
0.71 -1.54347021097 1.21042295552
0.715 -1.53740091396 1.21729186662
0.72 -1.53129733198 1.22413706125
0.725 -1.52515958362 1.23095853117
0.73 -1.51898778749 1.23775626735
0.735 -1.51278206225 1.24453025999
0.74 -1.50654252663 1.25128049847
0.745 -1.50026929935 1.2580069713
0.75 -1.49396249921 1.26470966616
0.755 -1.48762224505 1.27138856977
0.76 -1.48124865573 1.27804366796
0.765 -1.47484185019 1.28467494556
0.77 -1.46840194739 1.29128238645
0.775 -1.46192906662 1.29786597387
0.78 -1.4554233277 1.30442569082
0.785 -1.44888485006 1.31096151847
0.79 -1.44231375319 1.31747343695
0.795 -1.43571015669 1.32396142531
0.8 -1.42907418023 1.3304254615
0.805 -1.42240594363 1.33686552238
0.81 -1.41570556679 1.34328158367
0.815 -1.40897316974 1.34967361991
0.82 -1.40220887264 1.35604160451
0.825 -1.39541279576 1.36238550964
0.83 -1.38858505953 1.36870530627
0.835 -1.38172578451 1.37500096413
0.84 -1.37483509141 1.3812724517
0.845 -1.3679131011 1.38751973617
0.85 -1.36095993466 1.39374278359
0.855 -1.3539757134 1.39994155899
0.86 -1.34696055875 1.40611602581
0.865 -1.33991459234 1.41226614611
0.87 -1.33283793599 1.41839188064
0.875 -1.32573071174 1.42449318875
0.88 -1.31859304183 1.43057002844
0.885 -1.31142504875 1.43662235629
0.89 -1.30422685523 1.44265012749
0.895 -1.29699858424 1.4486532958
0.9 -1.289740359 1.45463181353
0.905 -1.28245230302 1.46058563155
0.91 -1.27513454007 1.46651469926
0.915 -1.26778719423 1.47241896458
0.92 -1.26041038988 1.47829837393
0.925 -1.25300425132 1.48415287186
0.93 -1.2455689026 1.48998240079
0.935 -1.23810446868 1.49578690217
0.94 -1.23061107483 1.50156631594
0.945 -1.22308884664 1.50732058038
0.95 -1.21553791003 1.51304963221
0.955 -1.20795839121 1.51875340647
0.96 -1.20035041676 1.52443183658
0.965 -1.19271411359 1.5300848543
0.97 -1.18504960896 1.53571238971
0.975 -1.1773570305 1.5413143712
0.98 -1.16963650622 1.54689072548
0.985 -1.1618881645 1.55244137754
0.99 -1.15411213412 1.55796625065
0.995 -1.14630854425 1.56346526634
1.0 -1.13847752435 1.56893834435
1.005 -1.13061920403 1.57438540255
1.01 -1.12273371359 1.57980635715
1.015 -1.11482118377 1.58520112256
1.02 -1.10688174572 1.59056961141
1.025 -1.09891553105 1.59591173452
1.03 -1.09092267182 1.60122740089
1.035 -1.08290330055 1.6065165177
1.04 -1.07485755023 1.61177899027
1.045 -1.06678555434 1.61701472208
1.05 -1.05868744685 1.62222361478
1.055 -1.05056336223 1.62740556812
1.06 -1.04241343546 1.63256047998
1.065 -1.03423780204 1.63768824637
1.07 -1.02603659801 1.6427887614
1.075 -1.01780995986 1.64786191738
1.08 -1.00955802452 1.65290760486
1.085 -1.00128092961 1.65792571235
1.09 -0.992978813299 1.66291612642
1.095 -0.984651814347 1.66787873171
1.1 -0.976300072088 1.67281341097
1.105 -0.967923726452 1.67772004498
1.11 -0.959522917974 1.68259851263
1.115 -0.9510977878 1.68744869084
1.12 -0.9426484777 1.69227045459
1.125 -0.93417513008 1.69706367693
1.13 -0.92567788799 1.70182822893
1.135 -0.917156895133 1.70656397972
1.14 -0.908612295879 1.71127079646
1.145 -0.900044235274 1.71594854436
1.15 -0.891452858973 1.72059708681
1.155 -0.882838313214 1.7252162855
1.16 -0.874200745059 1.72980599987
1.165 -0.865540302281 1.73436608741
1.17 -0.856857133372 1.73889640367
1.175 -0.848151387557 1.74339680222
1.18 -0.839423214796 1.7478671347
1.185 -0.830672765803 1.75230725077
1.19 -0.821900192049 1.75671699815
1.195 -0.81310564578 1.7610962226
1.2 -0.804289280019 1.76544476794
1.205 -0.795451248583 1.76976247604
1.21 -0.786591706092 1.7740491868
1.215 -0.777710807976 1.77830473821
1.22 -0.768808710492 1.78252896628
1.225 -0.75988557063 1.78672170532
1.23 -0.750941546088 1.79088278801
1.235 -0.741976795563 1.79501204477
1.24 -0.732991478607 1.79910930413
1.245 -0.723985755639 1.8031743927
1.25 -0.714959787951 1.80720713522
1.255 -0.705913737721 1.81120735453
1.26 -0.696847768017 1.81517487163
1.265 -0.687762042817 1.8191095056
1.27 -0.67865672701 1.82301107372
1.275 -0.669531986409 1.82687939137
1.28 -0.660387987763 1.83071427212
1.285 -0.651224898766 1.8345155277
1.29 -0.642042888066 1.83828296802
1.295 -0.632842125275 1.84201640118
1.3 -0.623622780863 1.84571563372
1.305 -0.614385026131 1.84938047078
1.31 -0.605129033535 1.85301071532
1.315 -0.595854976531 1.85660616857
1.32 -0.586563029574 1.86016663005
1.325 -0.577253368128 1.86369189754
1.33 -0.567926168678 1.86718176716
1.335 -0.558581608736 1.87063603334
1.34 -0.549219866852 1.87405448885
1.345 -0.539841122621 1.87743692482
1.35 -0.530445556696 1.88078313077
1.355 -0.521033350793 1.88409289459
1.36 -0.511604687703 1.88736600258
1.365 -0.502159751298 1.89060223948
1.37 -0.492698726545 1.89380138847
1.375 -0.483221799366 1.89696323149
1.38 -0.473729156618 1.90008754932
1.385 -0.464220986465 1.90317412087
1.39 -0.454697478191 1.90622272359
1.395 -0.445158822197 1.90923313351
1.4 -0.43560521001 1.91220512529
1.405 -0.426036834294 1.91513847221
1.41 -0.416453888854 1.9180329462
1.415 -0.406856568644 1.92088831789
1.42 -0.397245069776 1.92370435662
1.425 -0.387619589529 1.92648083046
1.43 -0.377980326351 1.92921750624
1.435 -0.368327479872 1.93191414959
1.44 -0.358661250907 1.93457052497
1.445 -0.348981841467 1.93718639567
1.45 -0.339289454597 1.93976152414
1.455 -0.329584294351 1.94229567206
1.46 -0.319866566219 1.94478859969
1.465 -0.310136476897 1.94724006629
1.47 -0.300394234291 1.94964983016
1.475 -0.290640047524 1.95201764865
1.48 -0.280874126936 1.95434327825
1.485 -0.271096684096 1.95662647455
1.49 -0.261307931802 1.95886699235
1.495 -0.251508084088 1.96106458564
1.5 -0.241697356231 1.96321900766
1.505 -0.231875964753 1.96533001097
1.51 -0.222044127428 1.96739734742
1.515 -0.212202063285 1.96942076823
1.52 -0.202349992614 1.97140002406
1.525 -0.192488136782 1.97333486517
1.53 -0.182616718212 1.97522504155
1.535 -0.172735960841 1.97707030245
1.54 -0.162846089868 1.97887039674
1.545 -0.152947331751 1.9806250729
1.55 -0.143039914211 1.98233407911
1.555 -0.133124066236 1.98399716327
1.56 -0.123200018079 1.98561407304
1.565 -0.113268001265 1.98718455593
1.57 -0.103328248587 1.98870835929
1.575 -0.0933809941162 1.99018523041
1.58 -0.0834264731951 1.99161491652
1.585 -0.0734649224448 1.9929971649
1.59 -0.0634965797645 1.99433172285
1.595 -0.0535216843327 1.99561833783
1.6 -0.043540476406 1.99685675748
1.605 -0.0335531973061 1.99804672972
1.61 -0.0235600898864 1.9991880027
1.615 -0.0135613982654 2.00028032486
1.62 -0.003557367822 2.00132344508
1.625 0.00645175480594 2.00231711262
1.63 0.0164657217229 2.00326107729
1.635 0.0264842837773 2.00415508942
1.64 0.0365071905632 2.00499889995
1.645 0.0465341904222 2.00579226049
1.65 0.0565650304458 2.00653492339
1.655 0.0665994564773 2.00722664177
1.66 0.0766372131148 2.00786716959
1.665 0.0866780437134 2.00845626171
1.67 0.0967216903886 2.00899367398
1.675 0.106767894222 2.00947916307
1.68 0.116816395265 2.00991248655
1.685 0.1268669321 2.01029340338
1.69 0.1369192421 2.0106216737
1.695 0.146973061438 2.01089705892
1.7 0.157028125094 2.01111932176
1.705 0.167084166862 2.01128822634
1.71 0.177140919351 2.01140353822
1.715 0.187198113998 2.01146502448
1.72 0.197255481069 2.01147245379
1.725 0.207312749668 2.01142559645
1.73 0.217369647746 2.01132422449
1.735 0.227425902106 2.01116811172
1.74 0.237481238409 2.01095703379
1.745 0.247535381187 2.01069076829
1.75 0.257588054027 2.01036909429
1.755 0.267638979575 2.00999179246
1.76 0.277687879159 2.00955864618
1.765 0.287734473027 2.00906944095
1.77 0.297778480354 2.00852396453
1.775 0.30781961926 2.00792200695
1.78 0.317857606814 2.0072633606
1.785 0.327892159052 2.0065478203
1.79 0.337922990981 2.00577518335
1.795 0.347949816599 2.00494524966
1.8 0.357972348898 2.00405782172
1.805 0.367990299884 2.0031127048
1.81 0.378003380586 2.00210970689
1.815 0.38801130107 2.00104863888
1.82 0.398013770449 1.99992931457
1.825 0.408010497038 1.99875154992
1.83 0.418001188346 1.99751516317
1.835 0.427985550825 1.99621997671
1.84 0.437963290043 1.99486581605
1.845 0.447934110702 1.99345250992
1.85 0.457897716654 1.99197989034
1.855 0.467853810919 1.99044779265
1.86 0.477802095699 1.98885605565
1.865 0.487742272394 1.98720452161
1.87 0.497674041623 1.98549303636
1.875 0.507597103239 1.98372144936
1.88 0.517511156346 1.98188961379
1.885 0.527415899317 1.9799973866
1.89 0.537311029815 1.9780446286
1.895 0.547196244809 1.97603120449
1.9 0.557071240645 1.97395698203
1.905 0.566935713057 1.97182183211
1.91 0.576789357099 1.96962563076
1.915 0.586631867211 1.96736825806
1.92 0.596462937251 1.96504959826
1.925 0.606282260507 1.96266953977
1.93 0.616089529724 1.9602279753
1.935 0.625884437124 1.95772480183
1.94 0.635666674428 1.95515992077
1.945 0.64543593288 1.95253323794
1.95 0.655191903268 1.94984466367
1.955 0.664934275948 1.94709411285
1.96 0.674662740854 1.94428150495
1.965 0.68437698743 1.94140676356
1.97 0.694076704807 1.93846981724
1.975 0.703761581791 1.93547059946
1.98 0.713431306867 1.93240904848
1.985 0.723085568225 1.92928510744
1.99 0.732724053783 1.92609872442
1.995 0.742346451215 1.92284985249
2.0 0.751952447971 1.91953844974
2.005 0.761541731308 1.91616447939
2.01 0.771113988311 1.91272790979
2.015 0.780668905925 1.90922871451
2.02 0.790206170977 1.90566687236
2.025 0.799725470158 1.90204236653
2.03 0.809226490063 1.89835518488
2.035 0.818708917292 1.89460532152
2.04 0.828172438431 1.89079277592
2.045 0.837616740082 1.88691755291
2.05 0.847041508888 1.88297966278
2.055 0.856446431562 1.87897912127
2.06 0.865831194914 1.87491594965
2.065 0.875195485884 1.87079017472
2.07 0.884538991566 1.86660182887
2.075 0.89386139924 1.86235095012
2.08 0.903162396403 1.85803758216
2.085 0.912441670762 1.85366177419
2.09 0.921698910074 1.84922358008
2.095 0.930933802511 1.84472305996
2.1 0.940146036602 1.84016027989
2.105 0.949335301224 1.83553531167
2.11 0.958501285629 1.83084823285
2.115 0.967643679479 1.8260991268
2.12 0.976762172872 1.82128808268
2.125 0.985856456374 1.81641519548
2.13 0.994926221049 1.81148056608
2.135 1.00397115849 1.80648430119
2.14 1.01299096085 1.80142651345
2.145 1.02198532088 1.79630732141
2.15 1.03095393176 1.79112684879
2.155 1.03989648727 1.78588522488
2.16 1.04881268196 1.78058258547
2.165 1.05770221112 1.77521907225
2.17 1.06656477075 1.76979483278
2.175 1.07540005759 1.76431002055
2.18 1.0842077692 1.7587647949
2.185 1.09298760395 1.75315932112
2.19 1.10173926105 1.74749377036
2.195 1.11046244061 1.74176831969
2.2 1.11915684366 1.73598315207
2.205 1.12782217215 1.73013845637
2.21 1.13645812898 1.72423442718
2.215 1.14506441771 1.71827126419
2.22 1.15364074312 1.71224917336
2.225 1.16218681109 1.7061683666
2.23 1.17070232859 1.70002906161
2.235 1.17918700369 1.69383148184
2.24 1.18764054559 1.6875758565
2.245 1.19606266467 1.68126242054
2.25 1.20445307251 1.67489141463
2.255 1.21281148193 1.6684630851
2.26 1.22113760699 1.66197768397
2.265 1.22943116305 1.6554354689
2.27 1.23769186681 1.64883670314
2.275 1.24591943604 1.6421816552
2.28 1.25411358979 1.63547059899
2.285 1.26227404872 1.62870381419
2.29 1.27040053489 1.62188158592
2.295 1.2784927718 1.6150042047
2.3 1.28655048444 1.60807196645
2.305 1.29457339928 1.60108517239
2.31 1.30256124435 1.59404412905
2.315 1.31051374922 1.5869491482
2.32 1.31843064505 1.57980054681
2.325 1.32631166461 1.57259864701
2.33 1.33415654233 1.56534377601
2.335 1.34196501422 1.55803626609
2.34 1.34973681764 1.55067645448
2.345 1.35747169185 1.5432646834
2.35 1.36516937793 1.53580129993
2.355 1.37282961869 1.528286656
2.36 1.38045215871 1.52072110833
2.365 1.3880367444 1.51310501832
2.37 1.39558312397 1.50543875205
2.375 1.40309104751 1.49772268016
2.38 1.41056026697 1.48995717785
2.385 1.41799053621 1.48214262473
2.39 1.42538161103 1.47427940485
2.395 1.43273324917 1.46636790653
2.4 1.44004521005 1.4584085227
2.405 1.44731725504 1.45040165053
2.41 1.4545491477 1.44234769111
2.415 1.46174065358 1.4342470496
2.42 1.46889154031 1.42610013512
2.425 1.47600157756 1.41790736071
2.43 1.48307053707 1.40966914325
2.435 1.49009819272 1.40138590334
2.44 1.49708432048 1.39305806529
2.445 1.5040286985 1.38468605698
2.45 1.51093110705 1.37627030977
2.455 1.51779132863 1.36781125847
2.46 1.52460914784 1.35930934141
2.465 1.5313843512 1.350765001
2.47 1.53811672765 1.34217868229
2.475 1.54480606842 1.33355083339
2.48 1.55145216699 1.32488190545
2.485 1.55805481908 1.31617235256
2.49 1.56461382273 1.3074226317
2.495 1.57112897826 1.29863320264
2.5 1.57760008831 1.2898045278
2.505 1.58402695785 1.28093707222
2.51 1.5904093942 1.27203130346
2.515 1.59674720703 1.26308769144
2.52 1.60304020838 1.25410670843
2.525 1.60928821246 1.24508882992
2.53 1.61549103587 1.23603453366
2.535 1.6216484977 1.22694429889
2.54 1.62776041945 1.21781860689
2.545 1.63382662505 1.20865794086
2.55 1.63984694085 1.19946278582
2.555 1.64582119561 1.19023362853
2.56 1.65174922058 1.18097095735
2.565 1.65763084942 1.17167526222
2.57 1.66346591826 1.16234703448
2.575 1.66925426573 1.15298676684
2.58 1.67499573291 1.1435949532
2.585 1.68069016333 1.13417208902
2.59 1.68633740283 1.12471867217
2.595 1.69193729989 1.11523520055
2.6 1.69748970546 1.10572217288
2.605 1.70299447301 1.09618008872
2.61 1.70845145852 1.08660944841
2.615 1.71386052046 1.07701075291
2.62 1.7192215198 1.06738450378
2.625 1.72453432005 1.05773120302
2.63 1.72979878722 1.04805135301
2.635 1.73501478983 1.03834545638
2.64 1.74018219893 1.02861401596
2.645 1.7453008881 1.01885753465
2.65 1.75037073335 1.0090765167
2.655 1.75539161323 0.999271466287
2.66 1.76036340883 0.98944288677
2.665 1.76528600375 0.979591281323
2.67 1.77015928413 0.969717152832
2.675 1.77498313861 0.959821003804
2.68 1.77975745833 0.94990333628
2.685 1.78448213696 0.939964651739
2.69 1.78915707067 0.93000545101
2.695 1.79378215812 0.920026234181
2.7 1.79835730048 0.910027500505
2.705 1.80288240143 0.900009748311
2.71 1.80735736711 0.889973475354
2.715 1.8117821062 0.879919179693
2.72 1.81615652981 0.869847357229
2.725 1.82048055155 0.859758502587
2.73 1.82475408749 0.849653109141
2.735 1.82897705616 0.839531668937
2.74 1.83314937857 0.829394672612
2.745 1.83727097813 0.819242609312
2.75 1.84134178073 0.809075966614
2.755 1.84536171467 0.798895230442
2.76 1.84933071068 0.788700884991
2.765 1.8532487019 0.778493412646
2.77 1.85711562388 0.768273293927
2.775 1.86093141465 0.758041008627
2.78 1.86469601462 0.747797034413
2.785 1.86840936653 0.737541846391
2.79 1.87207141551 0.727275917582
2.795 1.87568210902 0.716999718848
2.8 1.87924139688 0.706713718833
2.805 1.88274923125 0.696418383889
2.81 1.88620556659 0.686114178012
2.815 1.88961035968 0.675801562779
2.82 1.89296356961 0.665480997278
2.825 1.89626515772 0.655152938049
2.83 1.89951508764 0.644817839013
2.835 1.9027133253 0.634476151768
2.84 1.90585983905 0.624128326112
2.845 1.90895459931 0.613774808367
2.85 1.91199757875 0.603416042016
2.855 1.91498875222 0.593052467713
2.86 1.91792809677 0.582684523234
2.865 1.92081559164 0.572312643423
2.87 1.9236512182 0.561937260143
2.875 1.92643496 0.551558802227
2.88 1.9291668027 0.541177695428
2.885 1.93184673406 0.530794362371
2.89 1.93447474395 0.520409222508
2.895 1.93705082432 0.510022692093
2.9 1.93957496939 0.499635184807
2.905 1.94204717541 0.489247110926
2.91 1.94446744057 0.478858877165
2.915 1.94683576508 0.46847088691
2.92 1.94915215116 0.458083540179
2.925 1.95141660301 0.447697233589
2.93 1.9536291268 0.437312360321
2.935 1.95578973066 0.426929310089
2.94 1.95789842462 0.416548469107
2.945 1.95995522066 0.406170220057
2.95 1.96196013263 0.395794942063
2.955 1.96391317624 0.38542301066
2.96 1.96581436918 0.375054797903
2.965 1.96766373117 0.364690672512
2.97 1.9694612836 0.354330999308
2.975 1.97120704962 0.343976139434
2.98 1.97290105421 0.333626450354
2.985 1.97454332409 0.323282285831
2.99 1.97613388776 0.312943995912
2.995 1.97767277543 0.30261192691
3.0 1.97916001905 0.292286421387
3.005 1.98059565223 0.281967818145
3.01 1.98197971027 0.271656452205
3.015 1.98331223013 0.261352654802
3.02 1.98459325039 0.251056753372
3.025 1.98582281152 0.240769071573
3.03 1.98700095553 0.230489929239
3.035 1.98812772591 0.220219642372
3.04 1.98920316773 0.209958523145
3.045 1.9902273276 0.199706879899
3.05 1.99120025364 0.189465017141
3.055 1.99212199551 0.179233235538
3.06 1.99299260433 0.16901183192
3.065 1.99381213268 0.158801099277
3.07 1.99458063461 0.148601326763
3.075 1.99529816556 0.138412799696
3.08 1.9959647824 0.128235799564
3.085 1.99658054349 0.118070603899
3.09 1.99714550885 0.107917486165
3.095 1.99765973955 0.0977767162385
3.1 1.99812329802 0.0876485601852
3.105 1.99853624799 0.0775332802549
3.11 1.99889865448 0.0674311348928
3.115 1.99921058379 0.0573423787495
3.12 1.99947210348 0.0472672626931
3.125 1.99968328231 0.0372060338221
3.13 1.9998441903 0.0271589354795
3.135 1.9999548986 0.0171262072683
3.14 2.00001547958 0.00710808506763
3.145 2.00002600673 -0.00289519894935
3.15 1.99998655467 -0.0128834162969
3.155 1.99989719912 -0.0228563421627
3.16 1.99975801732 -0.0328137560096
3.165 1.99956908758 -0.0427554409789
3.17 1.99933048909 -0.0526811835511
3.175 1.99904230209 -0.0625907738535
3.18 1.99870460789 -0.0724840056404
3.185 1.9983174888 -0.0823606762727
3.19 1.99788102815 -0.092220586697
3.195 1.99739531027 -0.102063541423
3.2 1.99686042044 -0.111889348501
3.205 1.99627644493 -0.121697819496
3.21 1.99564347091 -0.131488769467
3.215 1.99496158649 -0.141262016946
3.22 1.99423088059 -0.151017384098
3.225 1.99345144301 -0.160754696448
3.23 1.99262336447 -0.170473782864
3.235 1.99174673652 -0.180174475587
3.24 1.99082165154 -0.189856610201
3.245 1.98984820269 -0.1995200256
3.25 1.98882648394 -0.209164563963
3.255 1.98775659003 -0.218790070721
3.26 1.98663861645 -0.22839639452
3.265 1.9854726594 -0.237983387194
3.27 1.98425881583 -0.24755090373
3.275 1.9829971834 -0.257098802336
3.28 1.98168786077 -0.266626945003
3.285 1.9803309471 -0.27613519643
3.29 1.97892654218 -0.285623424277
3.295 1.97747474646 -0.29509149924
3.3 1.97597566102 -0.304539295021
3.305 1.97442938757 -0.313966688291
3.31 1.97283602841 -0.323373558655
3.315 1.97119568646 -0.332759788624
3.32 1.96950846521 -0.342125263568
3.325 1.9677744687 -0.35146987169
3.33 1.96599380152 -0.360793503982
3.335 1.96416656883 -0.370096054334
3.34 1.96229287632 -0.379377419767
3.345 1.96037283019 -0.388637499705
3.35 1.9584065371 -0.39787619622
3.355 1.95639410421 -0.407093414026
3.36 1.95433563915 -0.416289060449
3.365 1.95223125 -0.425463045381
3.37 1.95008104527 -0.434615281247
3.375 1.94788513391 -0.443745682968
3.38 1.94564362529 -0.452854167919
3.385 1.94335662917 -0.461940655891
3.39 1.9410242557 -0.471005069053
3.395 1.93864661546 -0.480047332157
3.4 1.93622381943 -0.489067372569
3.405 1.93375597891 -0.498065119626
3.41 1.93124320555 -0.507040504916
3.415 1.92868561132 -0.515993462248
3.42 1.92608330852 -0.524923927616
3.425 1.92343640976 -0.533831839156
3.43 1.92074502795 -0.542717137111
3.435 1.91800927632 -0.55157976379
3.44 1.91522926833 -0.560419663527
3.445 1.91240511777 -0.569236782645
3.45 1.90953693863 -0.578031069413
3.455 1.90662484523 -0.586802474322
3.46 1.90366895211 -0.595550949838
3.465 1.90066937404 -0.604276450065
3.47 1.89762622602 -0.612978930931
3.475 1.89453962323 -0.621658350147
3.48 1.89140968109 -0.630314667171
3.485 1.88823651521 -0.638947843165
3.49 1.88502024138 -0.647557840963
3.495 1.88176097559 -0.656144625024
3.5 1.87845883397 -0.6647081614
3.505 1.87511393285 -0.673248417691
3.51 1.87172638868 -0.681765362966
3.515 1.86829631812 -0.690258968291
3.52 1.86482383794 -0.698729205892
3.525 1.86130906505 -0.707176049388
3.53 1.85775211648 -0.715599473782
3.535 1.85415310939 -0.72399945542
3.54 1.85051216104 -0.732375971961
3.545 1.84682938883 -0.740729002333
3.55 1.84310491021 -0.749058526698
3.555 1.83933884278 -0.757364526413
3.56 1.8355313042 -0.765646983997
3.565 1.83168241222 -0.773905883084
3.57 1.82779228467 -0.782141208426
3.575 1.82386103945 -0.790352946099
3.58 1.81988879453 -0.798541083073
3.585 1.81587566795 -0.806705607253
3.59 1.8118217778 -0.814846507502
3.595 1.80772724223 -0.822963773604
3.6 1.80359217944 -0.831057396234
3.605 1.79941670765 -0.839127366916
3.61 1.79520094515 -0.847173677993
3.615 1.79094501026 -0.855196322593
3.62 1.78664902133 -0.863195294589
3.625 1.78231309673 -0.871170588569
3.63 1.77793735487 -0.879122199803
3.635 1.77352191418 -0.887050124205
3.64 1.7690668931 -0.89495435835
3.645 1.76457241007 -0.9028348994
3.65 1.76003858356 -0.910691745042
3.655 1.75546553205 -0.918524893482
3.66 1.75085337403 -0.926334343414
3.665 1.74620222801 -0.934120093986
3.67 1.74151221246 -0.941882144776
3.675 1.73678344591 -0.949620495753
3.68 1.73201604685 -0.957335147252
3.685 1.72721013377 -0.965026099943
3.69 1.72236582518 -0.972693354802
3.695 1.71748323958 -0.980336913081
3.7 1.71256249545 -0.987956776281
3.705 1.70760371127 -0.995552945975
3.71 1.70260700547 -1.00312542361
3.715 1.69757249651 -1.01067421104
3.72 1.69250030282 -1.01819931024
3.725 1.68739054285 -1.02570072324
3.73 1.68224333502 -1.03317845215
3.735 1.67705879774 -1.04063249907
3.74 1.67183704943 -1.04806286607
3.745 1.66657820847 -1.0554695552
3.75 1.66128239325 -1.06285256844
3.755 1.65594972215 -1.07021190766
3.76 1.65058031355 -1.07754757461
3.765 1.6451742858 -1.08485957089
3.77 1.63973175726 -1.09214789786
3.775 1.63425284627 -1.09941255642
3.78 1.62873767114 -1.10665354734
3.785 1.62318635023 -1.11387087117
3.79 1.61759900185 -1.12106452813
3.795 1.61197574436 -1.12823451813
3.8 1.60631669608 -1.13538084069
3.805 1.60062197535 -1.14250349495
3.81 1.59489170052 -1.14960247962
3.815 1.58912598995 -1.15667779297
3.82 1.58332496199 -1.16372943279
3.825 1.57748873502 -1.17075739638
3.83 1.57161742745 -1.17776168051
3.835 1.56571115767 -1.18474228138
3.84 1.55977004411 -1.19169919457
3.845 1.55379420521 -1.19863241499
3.85 1.54778375945 -1.20554193701
3.855 1.54173882535 -1.2124277543
3.86 1.53565952143 -1.21928985989
3.865 1.52954596627 -1.22612824607
3.87 1.52339827851 -1.23294290439
3.875 1.51721657678 -1.23973382565
3.88 1.51100097982 -1.24650099987
3.885 1.50475160637 -1.25324441626
3.89 1.49846857526 -1.25996406319
3.895 1.49215200536 -1.26665992817
3.9 1.48580201563 -1.27333199785
3.905 1.47941872507 -1.27998025794
3.91 1.47300225276 -1.28660469323
3.915 1.46655271787 -1.29320528754
3.92 1.46007023964 -1.29978202376
3.925 1.45355493742 -1.30633488376
3.93 1.44700693063 -1.31286384839
3.935 1.44042633879 -1.31936889748
3.94 1.43381328154 -1.32585000977
3.945 1.42716787862 -1.33230716293
3.95 1.42049024987 -1.33874033355
3.955 1.41378051528 -1.34514949704
3.96 1.40703879495 -1.35153462772
3.965 1.4002652091 -1.35789569869
3.97 1.3934598781 -1.36423268191
3.975 1.38662292247 -1.37054554808
3.98 1.37975446287 -1.37683426668
3.985 1.3728546201 -1.38309880597
3.99 1.36592351516 -1.38933913292
3.995 1.35896126918 -1.39555521322
4.0 1.35196800349 -1.40174701124
4.005 1.34494383959 -1.40791449004
4.01 1.33788889918 -1.41405761133
4.015 1.33080330413 -1.42017633544
4.02 1.32368717655 -1.42627062135
4.025 1.31654063871 -1.43234042661
4.03 1.30936381315 -1.43838570737
4.035 1.30215682259 -1.44440641834
4.04 1.29491978999 -1.45040251278
4.045 1.28765283856 -1.45637394247
4.05 1.28035609175 -1.46232065773
4.055 1.27302967326 -1.46824260736
4.06 1.26567370704 -1.47413973864
4.065 1.25828831732 -1.48001199731
4.07 1.2508736286 -1.48585932757
4.075 1.24342976567 -1.49168167205
4.08 1.23595685361 -1.49747897179
4.085 1.22845501778 -1.50325116626
4.09 1.22092438388 -1.50899819329
4.095 1.21336507789 -1.51471998908
4.1 1.20577722614 -1.52041648822
4.105 1.19816095527 -1.52608762365
4.11 1.19051639227 -1.53173332668
4.115 1.18284366447 -1.53735352691
4.12 1.17514289956 -1.54294815223
4.125 1.16741422559 -1.54851712882
4.13 1.15965777101 -1.55406038115
4.135 1.15187366462 -1.55957783195
4.14 1.14406203563 -1.56506940221
4.145 1.13622301364 -1.57053501116
4.15 1.12835672866 -1.57597457627
4.155 1.12046331113 -1.58138801322
4.16 1.11254289189 -1.5867752359
4.165 1.10459560225 -1.59213615642
4.17 1.09662157394 -1.59747068505
4.175 1.08862093914 -1.60277873024
4.18 1.08059383052 -1.60806019863
4.185 1.0725403812 -1.61331499499
4.19 1.06446072478 -1.61854302226
4.195 1.05635499536 -1.62374418149
4.2 1.04822332754 -1.6289183719
4.205 1.04006585644 -1.63406549079
4.21 1.03188271767 -1.6391854336
4.215 1.02367404739 -1.64427809385
4.22 1.0154399823 -1.64934336325
4.225 1.00718065954 -1.65438113208
4.23 0.998896216877 -1.65939128838
4.235 0.990586792654 -1.66437371818
4.24 0.98225252579 -1.66932830561
4.245 0.97389355579 -1.67425493284
4.25 0.965510022753 -1.67915348014
4.255 0.957102067379 -1.68402382584
4.26 0.948669830988 -1.68886584632
4.265 0.940213455517 -1.69367941604
4.27 0.931733083543 -1.69846440749
4.275 0.923228858283 -1.70322069122
4.28 0.914700923607 -1.70794813583
4.285 0.906149424052 -1.71264660796
4.29 0.897574504824 -1.71731597228
4.295 0.888976311816 -1.72195609151
4.3 0.880354991612 -1.72656682641
4.305 0.871710691501 -1.73114803576
4.31 0.863043559485 -1.73569957637
4.315 0.854353744291 -1.7402213031
4.32 0.845641395376 -1.74471306883
4.325 0.836906662945 -1.74917472445
4.33 0.828149697955 -1.75360611892
4.335 0.819370652126 -1.7580070992
4.34 0.810569677829 -1.76237751097
4.345 0.801746928225 -1.76671719788
4.35 0.792902557333 -1.77102600131
4.355 0.78403671997 -1.77530376067
4.36 0.77514957176 -1.77955031348
4.365 0.766241269145 -1.78376549534
4.37 0.757311969392 -1.78794913991
4.375 0.748361830606 -1.79210107898
4.38 0.739391011737 -1.7962211424
4.385 0.730399672592 -1.80030915817
4.39 0.721387973842 -1.80436495237
4.395 0.712356077034 -1.80838834922
4.4 0.703304144597 -1.81237917107
4.405 0.694232339855 -1.8163372384
4.41 0.685140827036 -1.82026236986
4.415 0.676029771279 -1.82415438224
4.42 0.666899338646 -1.8280130905
4.425 0.657749696128 -1.83183830781
4.43 0.648581011659 -1.83562984551
4.435 0.639393454079 -1.83938751302
4.44 0.6301871932 -1.84311111802
4.445 0.620962399816 -1.84680046646
4.45 0.611719245695 -1.85045536254
4.455 0.602457903591 -1.85407560871
4.46 0.593178547249 -1.85766100567
4.465 0.583881351418 -1.86121135243
4.47 0.574566491856 -1.86472644628
4.475 0.565234145342 -1.86820608284
4.48 0.555884489681 -1.87165005604
4.485 0.546517703716 -1.87505815818
4.49 0.537133967336 -1.87843017992
4.495 0.52773346148 -1.88176591028
4.5 0.518316368153 -1.88506513673
4.505 0.508882870428 -1.88832764512
4.51 0.499433152457 -1.89155321975
4.515 0.489967399479 -1.89474164341
4.52 0.480485797827 -1.89789269734
4.525 0.470988534926 -1.90100616134
4.53 0.461475799149 -1.90408181427
4.535 0.451947780058 -1.9071194333
4.54 0.442404668381 -1.91011879405
4.545 0.432846655971 -1.91307967076
4.55 0.423273935812 -1.91600183634
4.555 0.413686702031 -1.91888506235
4.56 0.404085149901 -1.92172911907
4.565 0.394469475846 -1.92453377551
4.57 0.384839877451 -1.92729879945
4.575 0.375196553468 -1.93002395745
4.58 0.36553970382 -1.93270901491
4.585 0.355869529609 -1.93535373605
4.59 0.346186233122 -1.93795788403
4.595 0.336490017835 -1.94052122088
4.6 0.32678108842 -1.94304350762
4.605 0.317059650754 -1.94552450423
4.61 0.307325911916 -1.94796396972
4.615 0.297580080201 -1.95036166217
4.62 0.287822365102 -1.95271733871
4.625 0.278052977186 -1.95503075533
4.63 0.268272128331 -1.95730166733
4.635 0.258480031672 -1.95952982928
4.64 0.248676901572 -1.96171499497
4.645 0.238862953628 -1.96385691749
4.65 0.229038404672 -1.9659553492
4.655 0.219203472779 -1.96801004187
4.66 0.209358377264 -1.97002074661
4.665 0.199503338693 -1.971987214
4.67 0.189638578877 -1.9739091941
4.675 0.179764320884 -1.97578643648
4.68 0.169880789031 -1.9776186903
4.685 0.159988208898 -1.97940570431
4.69 0.15008680732 -1.98114722693
4.695 0.140176812393 -1.9828430063
4.7 0.130258453479 -1.9844927903
4.705 0.1203319612 -1.98609632662
4.71 0.110397567447 -1.9876533628
4.715 0.100455505356 -1.98916364618
4.72 0.090506009253 -1.99062692364
4.725 0.0805493147863 -1.99204294234
4.73 0.0705856588792 -1.99341144955
4.735 0.0606152797189 -1.99473219263
4.74 0.050638416756 -1.99600491908
4.745 0.0406553107038 -1.99722937657
4.75 0.030666203537 -1.99840531305
4.755 0.020671338491 -1.99953247675
4.76 0.0106709600599 -2.00061061625
4.765 0.000665313995203 -2.00163948055
4.77 -0.00934535269661 -2.00261881913
4.775 -0.0193607917561 -2.00354838197
4.78 -0.0293807536734 -2.00442791966
4.785 -0.0394049876913 -2.00525718341
4.79 -0.0494332418082 -2.00603592515
4.795 -0.0594652627815 -2.00676389756
4.8 -0.0695007961314 -2.00744085415
4.805 -0.0795395861445 -2.00806654933
4.81 -0.0895813758952 -2.00864073811
4.815 -0.0996259072827 -2.00916317557
4.82 -0.109672920946 -2.00963361867
4.825 -0.119722156308 -2.01005182553
4.83 -0.129773351585 -2.01041755542
4.835 -0.139826243794 -2.01073056883
4.84 -0.149880568757 -2.01099062753
4.845 -0.15993606111 -2.01119749464
4.85 -0.169992454308 -2.01135093467
4.855 -0.180049480632 -2.01145071362
4.86 -0.190106871201 -2.01149659901
4.865 -0.200164355973 -2.01148835998
4.87 -0.210221663759 -2.01142576732
4.875 -0.220278522229 -2.01130859359
4.88 -0.230334657921 -2.01113661313
4.885 -0.240389796251 -2.01090960215
4.89 -0.250443661524 -2.01062733884
4.895 -0.260495976941 -2.01028960336
4.9 -0.270546464611 -2.00989617798
4.905 -0.280594845536 -2.0094468467
4.91 -0.290640839593 -2.00894139488
4.915 -0.300684165646 -2.00837961088
4.92 -0.310724541508 -2.00776128538
4.925 -0.320761683951 -2.00708621142
4.93 -0.33079530872 -2.00635418445
4.935 -0.34082513054 -2.00556500238
4.94 -0.350850863137 -2.00471846567
4.945 -0.360872219244 -2.00381437738
4.95 -0.370888910617 -2.00285254326
4.955 -0.380900648048 -2.00183277178
4.96 -0.390907141383 -2.00075487419
4.965 -0.40090809953 -1.99961866463
4.97 -0.410903230479 -1.99842396017
4.975 -0.420892241312 -1.99717058089
4.98 -0.430874838186 -1.99585835037
4.985 -0.440850726398 -1.99448709516
4.99 -0.450819610396 -1.99305664491
4.995 -0.460781193784 -1.99156683256
5.0 -0.47073517934 -1.99001749441
5.005 -0.480681269033 -1.98840847017
5.01 -0.490619164042 -1.98673960308
5.015 -0.500548564772 -1.98501073988
5.02 -0.510469170872 -1.983221731
5.025 -0.520380681254 -1.98137243051
5.03 -0.530282794116 -1.97946269629
5.035 -0.540175206953 -1.97749239002
5.04 -0.550057616587 -1.97546137729
5.045 -0.559929719177 -1.97336952766
5.05 -0.569791210185 -1.97121671404
5.055 -0.579641784413 -1.96900281296
5.06 -0.589481136121 -1.96672770573
5.065 -0.599308958988 -1.96439127782
5.07 -0.609124946133 -1.96199341889
5.075 -0.618928790135 -1.95953402287
5.08 -0.628720183058 -1.95701298802
5.085 -0.638498816469 -1.95443021698
5.09 -0.648264381463 -1.95178561681
5.095 -0.658016568688 -1.94907909908
5.1 -0.667755068365 -1.9463105799
5.105 -0.677479570313 -1.94347997998
5.11 -0.687189763974 -1.94058722469
5.115 -0.696885338435 -1.93763224411
5.12 -0.706565982423 -1.93461497307
5.125 -0.71623138421 -1.93153535126
5.13 -0.72588123188 -1.92839332319
5.135 -0.735515213269 -1.9251888383
5.14 -0.745133015977 -1.92192185099
5.145 -0.754734327385 -1.91859232066
5.15 -0.764318834687 -1.91520021178
5.155 -0.773886224913 -1.91174549391
5.16 -0.783436184956 -1.90822814177
5.165 -0.792968401596 -1.90464813527
5.17 -0.80248256153 -1.90100545956
5.175 -0.811978351397 -1.89730010505
5.18 -0.821455457804 -1.89353206749
5.185 -0.830913567356 -1.88970134799
5.19 -0.84035236668 -1.88580795304
5.195 -0.849771542366 -1.88185189433
5.2 -0.859170781088 -1.87783318902
5.205 -0.868549769663 -1.87375185987
5.21 -0.877908195036 -1.86960793518
5.215 -0.887245744312 -1.8654014488
5.22 -0.89656210478 -1.86113244014
5.225 -0.905856963943 -1.85680095423
5.23 -0.915130009547 -1.85240704175
5.235 -0.92438092961 -1.84795075902
5.24 -0.933609412451 -1.84343216806
5.245 -0.942815146721 -1.83885133657
5.25 -0.951997821429 -1.83420833801
5.255 -0.961157125977 -1.82950325158
5.26 -0.970292750182 -1.82473616223
5.265 -0.979404384248 -1.81990716076
5.27 -0.988491718713 -1.81501634382
5.275 -0.997554444742 -1.81006381384
5.28 -1.00659225404 -1.80504967904
5.285 -1.01560483885 -1.7999740535
5.29 -1.02459189203 -1.79483705714
5.295 -1.03355310703 -1.78963881575
5.3 -1.04248817796 -1.78437946096
5.305 -1.0513967996 -1.77905913031
5.31 -1.06027866742 -1.77367796715
5.315 -1.06913347766 -1.76823612074
5.32 -1.07796092729 -1.76273374621
5.325 -1.0867607141 -1.75717100452
5.33 -1.09553253668 -1.75154806253
5.335 -1.10427609451 -1.74586509294
5.34 -1.11299108779 -1.74012227462
5.345 -1.12167721772 -1.73431979215
5.35 -1.13033418644 -1.72845783586
5.355 -1.13896169706 -1.72253660195
5.36 -1.14755945371 -1.71655629241
5.365 -1.15612716153 -1.71051711504
5.37 -1.16466452669 -1.70441928341
5.375 -1.1731712565 -1.69826301687
5.38 -1.18164705933 -1.6920485405
5.385 -1.19009164473 -1.68577608509
5.39 -1.19850472341 -1.67944588715
5.395 -1.20688600728 -1.67305818881
5.4 -1.21523520948 -1.66661323788
5.405 -1.22355204442 -1.66011128773
5.41 -1.23183622771 -1.65355259772
5.415 -1.24008747624 -1.64693743296
5.42 -1.24830550832 -1.64026606377
5.425 -1.2564900436 -1.63353876594
5.43 -1.26464080314 -1.62675582074
5.435 -1.27275750943 -1.61991751486
5.44 -1.28083988637 -1.61302414039
5.445 -1.28888765938 -1.60607599475
5.45 -1.29690055535 -1.59907338068
5.455 -1.30487830271 -1.59201660614
5.46 -1.31282063145 -1.58490598433
5.465 -1.32072727313 -1.57774183358
5.47 -1.32859796093 -1.57052447733
5.475 -1.33643242964 -1.56325424406
5.48 -1.34423041573 -1.55593146741
5.485 -1.35199165729 -1.5485564867
5.49 -1.35971589416 -1.5411296457
5.495 -1.36740286789 -1.53365129292
5.5 -1.37505232182 -1.52612178169
5.505 -1.38266400104 -1.51854147012
5.51 -1.39023765245 -1.51091072098
5.515 -1.39777302479 -1.50322990167
5.52 -1.40526986862 -1.49549938418
5.525 -1.41272793641 -1.48771954497
5.53 -1.42014698249 -1.47989076494
5.535 -1.42752676311 -1.47201342934
5.54 -1.43486703648 -1.46408792771
5.545 -1.44216756275 -1.45611465381
5.55 -1.44942810405 -1.44809400554
5.555 -1.45664842453 -1.44002638565
5.56 -1.46382829034 -1.43191220087
5.565 -1.4709674697 -1.4237518615
5.57 -1.47806573285 -1.41554578174
5.575 -1.48512285214 -1.40729437962
5.58 -1.49213860202 -1.3989980769
5.585 -1.49911275903 -1.39065729901
5.59 -1.50604510187 -1.38227247496
5.595 -1.51293541139 -1.37384403727
5.6 -1.51978347059 -1.36537242186
5.605 -1.52658906468 -1.35685806801
5.61 -1.53335198106 -1.34830141821
5.615 -1.54007200935 -1.33970291817
5.62 -1.5467489414 -1.33106301663
5.625 -1.55338257133 -1.32238216564
5.63 -1.55997269562 -1.31366082088
5.635 -1.56651911293 -1.30489944022
5.64 -1.57302162425 -1.29609848433
5.645 -1.57948003284 -1.28725841655
5.65 -1.58589414432 -1.27837970284
5.655 -1.59226376663 -1.26946281166
5.66 -1.59858871004 -1.26050821394
5.665 -1.60486878721 -1.2515163829
5.67 -1.61110381314 -1.24248779406
5.675 -1.61729360522 -1.23342292508
5.68 -1.62343798324 -1.22432225567
5.685 -1.62953676937 -1.21518626754
5.69 -1.6355897882 -1.20601544429
5.695 -1.64159686675 -1.19681027132
5.7 -1.64755783457 -1.18757123647
5.705 -1.65347252362 -1.17829882891
5.71 -1.65934076827 -1.16899353917
5.715 -1.66516240533 -1.15965585928
5.72 -1.6709372741 -1.15028628263
5.725 -1.67666521632 -1.1408853039
5.73 -1.68234607621 -1.13145341897
5.735 -1.68797970048 -1.12199112482
5.74 -1.69356593832 -1.11249891944
5.745 -1.6991046414 -1.10297730175
5.75 -1.70459566389 -1.0934267715
5.755 -1.71003886244 -1.08384782918
5.76 -1.71543409621 -1.07424097591
5.765 -1.72078122686 -1.06460671339
5.77 -1.72608011864 -1.05494554403
5.775 -1.7313306384 -1.04525797081
5.78 -1.73653265538 -1.03554449675
5.785 -1.74168604134 -1.02580562511
5.79 -1.74679067054 -1.01604185929
5.795 -1.75184641978 -1.00625370272
5.8 -1.75685316836 -0.996441658825
5.805 -1.76181079809 -0.986606230898
5.81 -1.7667191933 -0.976747922027
5.815 -1.77157824083 -0.966867235014
5.82 -1.77638783002 -0.956964672285
5.825 -1.78114785272 -0.947040735806
5.83 -1.78585820328 -0.937095927007
5.835 -1.79051877853 -0.92713074669
5.84 -1.79512947785 -0.91714569497
5.845 -1.79969020329 -0.90714127126
5.85 -1.80420085927 -0.897117974058
5.855 -1.80866135266 -0.887076300908
5.86 -1.81307159282 -0.877016748341
5.865 -1.81743149162 -0.866939811788
5.87 -1.82174096334 -0.856845985514
5.875 -1.82599992479 -0.846735762532
5.88 -1.83020829519 -0.836609634539
5.885 -1.83436599624 -0.826468091834
5.89 -1.83847295205 -0.816311623251
5.895 -1.84252908921 -0.806140716086
5.9 -1.84653433669 -0.795955856028
5.905 -1.85048862589 -0.785757527088
5.91 -1.85439189064 -0.775546211527
5.915 -1.85824406732 -0.765322389538
5.92 -1.86204509472 -0.755086539448
5.925 -1.86579491391 -0.74483913776
5.93 -1.86949346831 -0.734580658954
5.935 -1.87314070373 -0.724311575423
5.94 -1.87673656832 -0.714032357414
5.945 -1.88028101257 -0.703743472962
5.95 -1.88377398933 -0.69344538784
5.955 -1.88721545371 -0.683138565493
5.96 -1.89060536317 -0.672823466983
5.965 -1.89394367745 -0.662500550939
5.97 -1.89723035855 -0.652170273499
5.975 -1.90046537074 -0.641833088258
5.98 -1.90364868055 -0.631489446221
5.985 -1.90678025672 -0.621139795752
5.99 -1.90986007023 -0.610784582525
5.995 -1.91288809439 -0.600424249113
6.0 -1.91586430503 -0.590059234558
6.005 -1.91878867985 -0.579689975745
6.01 -1.92166119872 -0.569316906679
6.015 -1.92448184368 -0.558940458397
6.02 -1.9272505989 -0.548561058931
6.025 -1.9299674507 -0.538179133261
6.03 -1.9326323875 -0.527795103279
6.035 -1.93524539982 -0.517409387751
6.04 -1.93780648026 -0.507022402277
6.045 -1.9403156235 -0.496634559262
6.05 -1.94277282624 -0.486246267878
6.055 -1.94517808724 -0.475857934034
6.06 -1.94753140726 -0.465469960348
6.065 -1.94983278905 -0.455082746117
6.07 -1.95208223734 -0.444696687291
6.075 -1.95427975884 -0.434312176372
6.08 -1.95642536237 -0.423929601465
6.085 -1.9585190586 -0.413549347588
6.09 -1.96056086011 -0.403171796473
6.095 -1.96255078135 -0.392797326295
6.1 -1.96448883866 -0.382426311642
6.105 -1.96637505028 -0.372059123496
6.11 -1.96820943625 -0.361696129203
6.115 -1.96999201847 -0.351337692451
6.12 -1.97172282066 -0.34098417325
6.125 -1.97340186832 -0.330635927911
6.13 -1.97502918872 -0.320293309024
6.135 -1.97660481093 -0.309956665443
6.14 -1.97812876571 -0.299626342293
6.145 -1.97960108546 -0.289302681227
6.15 -1.98102180431 -0.278986020015
6.155 -1.9823909581 -0.268676692584
6.16 -1.98370858433 -0.258375029086
6.165 -1.98497472213 -0.248081355886
6.17 -1.98618941225 -0.237795995562
6.175 -1.98735269706 -0.227519266894
6.18 -1.98846462048 -0.217251484864
6.185 -1.98952522801 -0.206992960659
6.19 -1.99053456668 -0.196744001663
6.195 -1.99149268505 -0.186504911465
6.2 -1.99239963317 -0.176275989862
6.205 -1.99325546258 -0.166057532782
6.21 -1.99406022642 -0.155849831504
6.215 -1.9948139792 -0.145653173841
6.22 -1.99551677686 -0.135467843952
6.225 -1.99616867674 -0.125294122152
6.23 -1.99676973757 -0.115132284914
6.235 -1.99732001946 -0.104982604869
6.24 -1.99781958388 -0.0948453508155
6.245 -1.99826849363 -0.0847207877225
6.25 -1.99866681284 -0.0746091767375
6.255 -1.99901460692 -0.0645107751937
6.26 -1.9993119426 -0.0544258366189
6.265 -1.99955888782 -0.0443546107452
6.27 -1.99975551182 -0.0342973435192
6.275 -1.9999018849 -0.0242542771144
6.28 -1.99999807867 -0.0142256499427
6.285 -2.00004416589 -0.00421169666857
6.29 -2.00004022053 0.00578735177723
6.295 -1.99998631767 0.015771268182
6.3 -1.99988253353 0.0257398290353
6.305 -1.99972894543 0.0356928145114
6.31 -1.99952563181 0.0456300084519
6.315 -1.99927267213 0.0555511983466
6.32 -1.99897014695 0.0654561753141
6.325 -1.99861813783 0.0753447340807
6.33 -1.99821672737 0.0852166729594
6.335 -1.99776599916 0.0950717938553
6.34 -1.99726603777 0.104909902489
6.345 -1.99671692875 0.114730807993
6.35 -1.99611875858 0.124534322962
6.355 -1.99547161468 0.134320263486
6.36 -1.99477558537 0.144088449128
6.365 -1.99403075987 0.1538387029
6.37 -1.99323722828 0.163570851236
6.375 -1.99239508156 0.173284723972
6.38 -1.99150441151 0.182980154316
6.385 -1.99056531076 0.192656978822
6.39 -1.98957787276 0.202315037366
6.395 -1.98854219175 0.211954173115
6.4 -1.98745836274 0.221574232508
6.405 -1.98632648145 0.231175065286
6.41 -1.98514664436 0.240756524371
6.415 -1.9839189487 0.250318465857
6.42 -1.98264349241 0.25986074899
6.425 -1.98132037413 0.269383236145
6.43 -1.97994969318 0.27888579279
6.435 -1.97853154954 0.288368287456
6.44 -1.97706604385 0.29783059171
6.445 -1.97555327737 0.30727258012
6.45 -1.97399335199 0.316694130225
6.455 -1.97238637022 0.326095122504
6.46 -1.97073243515 0.33547544034
6.465 -1.96903165043 0.344834969996
6.47 -1.96728412026 0.354173600616
6.475 -1.9654899494 0.363491224134
6.48 -1.96364924314 0.372787735255
6.485 -1.96176210731 0.382063031428
6.49 -1.95982864823 0.391317012815
6.495 -1.95784897273 0.400549582254
6.5 -1.95582318809 0.409760645226
6.505 -1.95375140208 0.418950109821
6.51 -1.95163372294 0.428117886706
6.515 -1.94947025932 0.437263889086
6.52 -1.94726112031 0.446388032674
6.525 -1.94500641543 0.455490235652
6.53 -1.94270625459 0.464570418634
6.535 -1.94036074805 0.473628504584
6.54 -1.93797000647 0.482664418854
6.545 -1.9355341409 0.491678089133
6.55 -1.93305326271 0.500669445397
6.555 -1.93052748366 0.509638419883
6.56 -1.92795691583 0.518584947041
6.565 -1.92534167159 0.52750896351
6.57 -1.92268186368 0.536410408074
6.575 -1.91997760509 0.545289221627
6.58 -1.91722900914 0.554145347142
6.585 -1.9144361894 0.562978729632
6.59 -1.91159925974 0.57178931611
6.595 -1.90871833427 0.580577055552
6.6 -1.90579352732 0.589341898777
6.605 -1.90282495347 0.598083798544
6.61 -1.89981272756 0.606802709481
6.615 -1.89675696464 0.615498588034
6.62 -1.89365777997 0.624171392432
6.625 -1.89051528903 0.632821082648
6.63 -1.88732960748 0.641447620366
6.635 -1.88410085119 0.650050968944
6.64 -1.88082913619 0.658631093378
6.645 -1.8775145787 0.667187960266
6.65 -1.87415729509 0.675721537775
6.655 -1.87075740191 0.6842317956
6.66 -1.86731501583 0.692718704934
6.665 -1.8638302537 0.70118223843
6.67 -1.86030323242 0.709622370003
6.675 -1.85673406902 0.718039074972
6.68 -1.85312288071 0.726432330069
6.685 -1.84946978479 0.734802113336
6.69 -1.84577489865 0.743148404085
6.695 -1.84203833983 0.751471182866
6.7 -1.83826022591 0.759770431429
6.705 -1.83444067461 0.768046132689
6.71 -1.83057980369 0.776298270694
6.715 -1.82667773102 0.784526830588
6.72 -1.82273457453 0.792731798575
6.725 -1.81875045221 0.800913161891
6.73 -1.81472548213 0.80907090876
6.735 -1.81065978242 0.817205028371
6.74 -1.80655347121 0.825315510741
6.745 -1.8024066667 0.833402346681
6.75 -1.79821948714 0.841465527963
6.755 -1.79399205081 0.849505047177
6.76 -1.78972447604 0.857520897688
6.765 -1.78541688119 0.865513073609
6.77 -1.78106938465 0.87348156976
6.775 -1.77668210482 0.881426381643
6.78 -1.77225516015 0.889347505401
6.785 -1.76778866908 0.89724493779
6.79 -1.76328275009 0.905118676147
6.795 -1.75873752165 0.912968718354
6.8 -1.75415310226 0.920795062807
6.805 -1.74952961042 0.928597708388
6.81 -1.74486716464 0.936376654386
6.815 -1.74016588337 0.944131900342
6.82 -1.73542588512 0.951863446294
6.825 -1.73064728838 0.95957129264
6.83 -1.72583021165 0.967255440092
6.835 -1.72097477343 0.974915889642
6.84 -1.71608109219 0.982552642533
6.845 -1.71114928642 0.990165700223
6.85 -1.70617947459 0.997755064362
6.855 -1.70117177517 1.00532073675
6.86 -1.69612630661 1.01286271933
6.865 -1.69104318736 1.02038101411
6.87 -1.68592253586 1.0278756232
6.875 -1.68076447053 1.03534654873
6.88 -1.67556910981 1.04279379283
6.885 -1.67033657206 1.05021735746
6.89 -1.66506697569 1.05761724457
6.895 -1.65976043906 1.06499345609
6.9 -1.65441708056 1.0723459938
6.905 -1.64903701854 1.07967485935
6.91 -1.64362037137 1.08698005421
6.915 -1.6381672574 1.09426157962
6.92 -1.63267779496 1.10151943664
6.925 -1.62715210241 1.10875362601
6.93 -1.62159029808 1.11596414822
6.935 -1.6159925003 1.12315100342
6.94 -1.61035882742 1.13031419144
6.945 -1.60468939778 1.13745371171
6.95 -1.59898432973 1.14456956329
6.955 -1.59324374159 1.15166174471
6.96 -1.58746775173 1.15873025402
6.965 -1.5816564785 1.16577508887
6.97 -1.57581004029 1.17279624638
6.975 -1.56992855549 1.17979372313
6.98 -1.56401214252 1.18676751514
6.985 -1.5580609198 1.19371761785
6.99 -1.5520750058 1.20064402606
6.995 -1.54605451901 1.20754673395
7.0 -1.53999957794 1.21442573503
7.005 -1.53391030114 1.22128102212
7.01 -1.52778680722 1.22811258731
7.015 -1.52162921479 1.23492042196
7.02 -1.51543764254 1.24170451668
7.025 -1.5092122092 1.24846486124
7.03 -1.50295303353 1.25520144455
7.035 -1.49666023437 1.26191425473
7.04 -1.49033393062 1.26860327904
7.045 -1.48397424124 1.27526850385
7.05 -1.47758128526 1.28190991462
7.055 -1.4711551818 1.28852749589
7.06 -1.46469605003 1.29512123122
7.065 -1.45820400924 1.3016911032
7.07 -1.45167917878 1.30823709343
7.075 -1.44512167812 1.31475918246
7.08 -1.4385316268 1.32125734981
7.085 -1.43190914451 1.32773157395
7.09 -1.42525435099 1.33418183224
7.095 -1.41856736616 1.34060810092
7.1 -1.41184831001 1.34701035508
7.105 -1.40509730267 1.35338856867
7.11 -1.39831446443 1.35974271446
7.115 -1.39149991569 1.36607276406
7.12 -1.38465377699 1.37237868782
7.125 -1.37777616906 1.37866045488
7.13 -1.37086721275 1.38491803313
7.135 -1.36392702909 1.39115138917
7.14 -1.35695573927 1.39736048832
7.145 -1.34995346468 1.40354529458
7.15 -1.34292032686 1.40970577061
7.155 -1.33585644757 1.41584187774
7.16 -1.32876194876 1.42195357591
7.165 -1.32163695256 1.42804082368
7.17 -1.31448158134 1.43410357822
7.175 -1.30729595766 1.44014179526
7.18 -1.30008020433 1.44615542909
7.185 -1.29283444439 1.45214443255
7.19 -1.28555880109 1.45810875701
7.195 -1.27825339797 1.46404835233
7.2 -1.2709183588 1.46996316689
7.205 -1.26355380761 1.47585314752
7.21 -1.25615986871 1.48171823953
7.215 -1.24873666668 1.48755838666
7.22 -1.24128432639 1.4933735311
7.225 -1.23380297301 1.49916361342
7.23 -1.226292732 1.50492857262
7.235 -1.21875372912 1.51066834606
7.24 -1.21118609048 1.5163828695
7.245 -1.20358994249 1.52207207702
7.25 -1.19596541191 1.52773590106
7.255 -1.18831262581 1.53337427239
7.26 -1.18063171166 1.53898712009
7.265 -1.17292279725 1.54457437154
7.27 -1.16518601072 1.55013595251
7.275 -1.1574214806 1.55567178697
7.28 -1.14962933584 1.56118179715
7.285 -1.14180970574 1.56666590354
7.29 -1.13396272002 1.57212402486
7.295 -1.12608850883 1.57755607807
7.3 -1.1181872027 1.58296197833
7.305 -1.11025893262 1.58834163904
7.31 -1.10230383001 1.59369497176
7.315 -1.09432202674 1.59902188626
7.32 -1.08631365513 1.60432229049
7.325 -1.07827884796 1.60959609053
7.33 -1.0702177385 1.61484319066
7.335 -1.06213046049 1.62006349327
7.34 -1.05401714818 1.62525689893
7.345 -1.0458779363 1.63042330629
7.35 -1.03771296011 1.63556261215
7.355 -1.02952235539 1.64067471143
7.36 -1.02130625845 1.64575949711
7.365 -1.01306480609 1.65081686054
7.37 -1.00479813569 1.65584669115
7.375 -0.996506385179 1.66084887632
7.38 -0.988189693073 1.66582330152
7.385 -0.979848198462 1.67076985029
7.39 -0.971482041023 1.67568840426
7.395 -0.96309136103 1.68057884312
7.4 -0.954676299364 1.68544104463
7.405 -0.946236997522 1.69027488461
7.41 -0.937773597628 1.69508023694
7.415 -0.929286242443 1.69985697356
7.42 -0.920775075374 1.70460496444
7.425 -0.912240240484 1.70932407762
7.43 -0.9036818825 1.71401417917
7.435 -0.895100146828 1.71867513321
7.44 -0.886495179558 1.72330680189
7.445 -0.877867127477 1.72790904542
7.45 -0.869216138077 1.73248172202
7.455 -0.860542359566 1.73702468796
7.46 -0.851845940865 1.7415377976
7.465 -0.843127031551 1.74602090376
7.47 -0.834385781999 1.750473857
7.475 -0.825622343348 1.75489650591
7.48 -0.816836867501 1.75928869709
7.485 -0.808029507133 1.76365027523
7.49 -0.799200415702 1.76798108307
7.495 -0.790349747456 1.77228096139
7.5 -0.781477657446 1.77654974908
7.505 -0.772584301535 1.78078728306
7.51 -0.763669836406 1.78499339836
7.515 -0.754734419574 1.78916792806
7.52 -0.745778209394 1.79331070335
7.525 -0.736801365073 1.79742155349
7.53 -0.727804046677 1.80150030586
7.535 -0.718786415144 1.80554678593
7.54 -0.709748632291 1.80956081728
7.545 -0.700690860823 1.81354222162
7.55 -0.691613264347 1.81749081877
7.555 -0.682516007377 1.82140642671
7.56 -0.673399255277 1.82528886179
7.565 -0.664263174284 1.82913793872
7.57 -0.655107931654 1.83295347006
7.575 -0.645933695583 1.83673526661
7.58 -0.636740635222 1.84048313734
7.585 -0.627528920679 1.84419688945
7.59 -0.618298723032 1.84787632837
7.595 -0.609050214339 1.85152125778
7.6 -0.599783567643 1.8551314796
7.605 -0.590498956984 1.85870679405
7.61 -0.581196557408 1.86224699963
7.615 -0.571876544974 1.86575189313
7.62 -0.562539096764 1.86922126968
7.625 -0.55318439089 1.87265492275
7.63 -0.543812606504 1.87605264415
7.635 -0.534423923808 1.87941422408
7.64 -0.52501852406 1.88273945112
7.645 -0.515596589581 1.88602811228
7.65 -0.506158303768 1.88927999299
7.655 -0.496703851087 1.89249487716
7.66 -0.487233416935 1.89567254746
7.665 -0.477747187883 1.89881278491
7.67 -0.468245351641 1.901915369
7.675 -0.458728097027 1.90498007777
7.68 -0.449195613975 1.90800668783
7.685 -0.439648093538 1.9109949744
7.69 -0.430085727897 1.91394471133
7.695 -0.420508710372 1.91685567113
7.7 -0.41091723542 1.91972762499
7.705 -0.401311498652 1.9225603428
7.71 -0.391691696832 1.92535359321
7.715 -0.382058027888 1.92810714362
7.72 -0.372410690915 1.93082076024
7.725 -0.362749886185 1.93349420809
7.73 -0.35307581515 1.93612725108
7.735 -0.343388680451 1.93871965198
7.74 -0.333688685919 1.9412711725
7.745 -0.323976036588 1.94378157331
7.75 -0.314250938694 1.94625061407
7.755 -0.304513599611 1.94867805343
7.76 -0.294764227814 1.9510636491
7.765 -0.285003033118 1.9534071579
7.77 -0.275230226564 1.95570833579
7.775 -0.265446020417 1.9579669379
7.78 -0.255650628167 1.96018271856
7.785 -0.245844264536 1.96235543135
7.79 -0.23602714548 1.96448482915
7.795 -0.226199488196 1.96657066415
7.8 -0.216361511121 1.96861268792
7.805 -0.206513433937 1.97061065142
7.81 -0.196655477578 1.97256430509
7.815 -0.186787864226 1.97447339885
7.82 -0.176910817319 1.97633768216
7.825 -0.167024561551 1.97815690407
7.83 -0.157129322877 1.97993081326
7.835 -0.147225328511 1.98165915808
7.84 -0.137312806933 1.98334168663
7.845 -0.127391987885 1.98497814675
7.85 -0.117463102374 1.9865682861
7.855 -0.107526382538 1.98811185169
7.86 -0.0975820618221 1.9896085906
7.865 -0.0876303749882 1.99105825005
7.87 -0.0776715580638 1.99246057728
7.875 -0.0677058483398 1.99381531958
7.88 -0.0577334843709 1.99512222434
7.885 -0.0477547059749 1.9963810391
7.89 -0.0377697542322 1.99759151162
7.895 -0.0277788714844 1.99875338991
7.9 -0.0177823013332 1.99986642231
7.905 -0.00778028863889 2.00093035754
7.91 0.00222692048171 2.00194494473
7.915 0.0122390786571 2.00290993352
7.92 0.0222559372635 2.00382507407
7.925 0.0322772464277 2.00469011716
7.93 0.0423027550297 2.00550481424
7.935 0.0523322107061 2.00626891748
7.94 0.0623653598536 2.00698217982
7.945 0.0724019476325 2.00764435507
7.95 0.082441717984 2.00825519768
7.955 0.0924844136618 2.00881446235
7.96 0.102529776168 2.00932190532
7.965 0.112577545785 2.00977728397
7.97 0.122627461588 2.01018035676
7.975 0.132679261447 2.01053088331
7.98 0.142732682036 2.01082862445
7.985 0.152787458839 2.01107334231
7.99 0.162843326153 2.01126480035
7.995 0.172900017103 2.01140276344
8.0 0.182957263643 2.01148699792
8.005 0.193014796564 2.01151727164
8.01 0.203072345507 2.01149335406
8.015 0.213129638969 2.01141501629
8.02 0.22318640431 2.01128203117
8.025 0.233242367736 2.01109417336
8.03 0.243297254246 2.01085121949
8.035 0.2533507878 2.01055294804
8.04 0.263402691258 2.01019913944
8.045 0.273452686391 2.00978957619
8.05 0.283500493886 2.00932404294
8.055 0.293545833356 2.00880232649
8.06 0.303588423354 2.00822421594
8.065 0.313627981386 2.00758950271
8.07 0.323664223917 2.00689798062
8.075 0.333696866388 2.00614944596
8.08 0.343725623226 2.00534369756
8.085 0.353750207858 2.00448053688
8.09 0.363770332723 2.00355976804
8.095 0.373785709289 2.00258119792
8.1 0.38379604806 2.00154463595
8.105 0.3938010586 2.00044989353
8.11 0.403800449538 1.99929678571
8.115 0.413793928588 1.99808513056
8.12 0.423781202565 1.9968147492
8.125 0.433761977397 1.99548546584
8.13 0.443735958146 1.99409710786
8.135 0.453702849019 1.99264950588
8.14 0.463662353391 1.99114249381
8.145 0.473614173815 1.98957590893
8.15 0.483558012047 1.98794959195
8.155 0.49349356906 1.98626338708
8.16 0.503420545062 1.98451714207
8.165 0.513338639517 1.98271070832
8.17 0.523247551164 1.98084394092
8.175 0.533146977981 1.97891669863
8.18 0.543036617112 1.97692884376
8.185 0.552916165141 1.97488024272
8.19 0.56278531801 1.97277076586
8.195 0.572643771023 1.97060028751
8.2 0.582491218865 1.96836868606
8.205 0.592327355624 1.96607584402
8.21 0.602151874814 1.96372164807
8.215 0.611964469392 1.96130598915
8.22 0.621764831785 1.95882876246
8.225 0.631552653907 1.95628986758
8.23 0.641327627184 1.9536892085
8.235 0.651089442577 1.95102669369
8.24 0.660837790605 1.94830223615
8.245 0.670572361366 1.94551575346
8.25 0.680292844534 1.94266716772
8.255 0.689998929318 1.93975640523
8.26 0.699690304649 1.93678339739
8.265 0.709366659135 1.93374808045
8.27 0.719027681079 1.93065039547
8.275 0.728673058503 1.92749028838
8.28 0.738302479175 1.92426771005
8.285 0.747915630632 1.92098261633
8.29 0.757512200206 1.91763496809
8.295 0.767091875053 1.91422473126
8.3 0.776654342175 1.91075187691
8.305 0.78619928845 1.90721638125
8.31 0.795726400657 1.90361822571
8.315 0.805235365504 1.89995739697
8.32 0.814725869656 1.896233887
8.325 0.824197599698 1.89244769302
8.33 0.833650242047 1.88859881741
8.335 0.843083483292 1.88468726814
8.34 0.852497010093 1.88071305861
8.345 0.86189050919 1.87667620767
8.35 0.871263667435 1.8725767397
8.355 0.880616171814 1.86841468458
8.36 0.889947709482 1.86419007778
8.365 0.899257967786 1.85990296034
8.37 0.908546634298 1.85555337892
8.375 0.91781339684 1.85114138585
8.38 0.927057943516 1.8466670391
8.385 0.936279962741 1.84213040235
8.39 0.945479143268 1.83753154501
8.395 0.954655174221 1.8328705422
8.4 0.96380774507 1.82814747483
8.405 0.972936545572 1.82336242955
8.41 0.982041266048 1.81851549882
8.415 0.991121597311 1.81360678091
8.42 1.00017723068 1.8086363799
8.425 1.00920785801 1.80360440573
8.43 1.01821317172 1.79851097414
8.435 1.02719286483 1.79335620675
8.44 1.03614663099 1.78814023103
8.445 1.0450741645 1.7828631803
8.45 1.05397516035 1.77752519377
8.455 1.06284931425 1.77212641649
8.46 1.07169632263 1.76666699938
8.465 1.08051588275 1.76114709923
8.47 1.08930769262 1.75556687869
8.475 1.09807145108 1.74992650636
8.48 1.10680685765 1.74422615703
8.485 1.11551361288 1.73846601107
8.49 1.12419141823 1.73264625467
8.495 1.13283997615 1.72676707988
8.5 1.14145899002 1.72082868455
8.505 1.15004816425 1.71483127237
8.51 1.15860720427 1.70877505278
8.515 1.1671358166 1.70266024105
8.52 1.17563370883 1.69648705815
8.525 1.18410058967 1.69025573082
8.53 1.19253616901 1.68396649149
8.535 1.2009401579 1.67761957828
8.54 1.20931226859 1.67121523495
8.545 1.21765221461 1.66475371088
8.55 1.22595971068 1.65823526125
8.555 1.23423447274 1.65166014735
8.56 1.24247621811 1.6450286356
8.565 1.2506846655 1.63834099788
8.57 1.25885953494 1.63159751158
8.575 1.26700054792 1.62479845955
8.58 1.2751074273 1.61794413004
8.585 1.28317989745 1.61103481668
8.59 1.29121768418 1.60407081846
8.595 1.29922051484 1.59705243962
8.6 1.30718811829 1.58997998965
8.605 1.31512022498 1.58285378324
8.61 1.32301656691 1.57567414022
8.615 1.33087687774 1.5684413855
8.62 1.33870089273 1.56115584907
8.625 1.3464883488 1.55381786663
8.63 1.35423898454 1.54642777851
8.635 1.3619525403 1.53898592978
8.64 1.36962875813 1.53149267036
8.645 1.37726738188 1.52394835497
8.65 1.38486815715 1.51635334306
8.655 1.39243083137 1.50870799875
8.66 1.39995515381 1.50101269078
8.665 1.40744087557 1.49326779242
8.67 1.41488774965 1.48547368141
8.675 1.42229553094 1.4776307399
8.68 1.42966397625 1.46973935437
8.685 1.43699284434 1.46179991557
8.69 1.44428189594 1.45381281843
8.695 1.45153089377 1.4457784627
8.7 1.45873960252 1.43769725231
8.705 1.46590778896 1.42956959476
8.71 1.47303522187 1.42139590149
8.715 1.48012167211 1.41317658782
8.72 1.48716691262 1.40491207287
8.725 1.49417071845 1.39660277946
8.73 1.50113286677 1.38824913408
8.735 1.50805313689 1.37985156674
8.74 1.51493131028 1.37141051096
8.745 1.52176717056 1.36292640362
8.75 1.52856050358 1.35439968495
8.755 1.53531109737 1.34583079836
8.76 1.54201874219 1.33722019042
8.765 1.54868323056 1.32856831106
8.77 1.55530435732 1.3198756138
8.775 1.56188191953 1.31114255452
8.78 1.56841571653 1.30236959191
8.785 1.57490554994 1.2935571874
8.79 1.58135122373 1.2847058051
8.795 1.58775254416 1.27581591172
8.8 1.59410931985 1.26688797644
8.805 1.60042136176 1.25792247084
8.81 1.60668848322 1.24891986883
8.815 1.61291049991 1.23988064653
8.82 1.61908722991 1.23080528221
8.825 1.6252184937 1.22169425615
8.83 1.63130411414 1.21254805058
8.835 1.63734391653 1.2033671497
8.84 1.64333772871 1.19415204013
8.845 1.64928538087 1.18490320984
8.85 1.65518670564 1.17562114827
8.855 1.66104153809 1.16630634641
8.86 1.66684971575 1.15695929671
8.865 1.67261107862 1.14758049293
8.87 1.67832546915 1.13817043011
8.875 1.68399273229 1.12872960447
8.88 1.68961271545 1.11925851328
8.885 1.69518526853 1.10975765481
8.89 1.70071024392 1.10022752823
8.895 1.7061874965 1.0906686335
8.9 1.71161688364 1.08108147129
8.905 1.71699826522 1.07146654291
8.91 1.72233150374 1.06182435053
8.915 1.72761646424 1.05215539679
8.92 1.73285301415 1.04246018449
8.925 1.73804102346 1.03273921676
8.93 1.74318036463 1.0229929969
8.935 1.74827091267 1.01322202834
8.94 1.7533125451 1.00342681453
8.945 1.75830514192 0.993607858858
8.95 1.7632485857 0.983765664583
8.955 1.76814276146 0.973900734722
8.96 1.77298755677 0.964013571977
8.965 1.77778286169 0.954104678652
8.97 1.78252856878 0.944174556571
8.975 1.7872245731 0.934223706986
8.98 1.7918707723 0.924252630553
8.985 1.79646706663 0.914261827264
8.99 1.8010133587 0.904251796236
8.995 1.80550955364 0.894223035701
9.0 1.80995555904 0.884176042931
9.005 1.81435128498 0.874111314155
9.01 1.81869664401 0.864029344486
9.015 1.82299155116 0.853930627847
9.02 1.82723592393 0.843815656889
9.025 1.83142968224 0.833684922925
9.03 1.83557274849 0.823538915851
9.035 1.83966504751 0.813378124078
9.04 1.84370650656 0.803203034457
9.045 1.84769705531 0.793014132214
9.05 1.85163662588 0.78281190084
9.055 1.85552515299 0.772596821849
9.06 1.85936257361 0.762369375046
9.065 1.86314882712 0.752130038353
9.07 1.86688385526 0.741879287716
9.075 1.87056760213 0.731617597037
9.08 1.87420001423 0.721345438119
9.085 1.87778104038 0.711063280593
9.09 1.88131063176 0.70077159187
9.095 1.88478874185 0.690470837072
9.1 1.88821532647 0.680161478981
9.105 1.89159034373 0.669843977977
9.11 1.89491375404 0.659518791991
9.115 1.89818552007 0.649186376442
9.12 1.90140560676 0.638847184182
9.125 1.90457398145 0.628501665012
9.13 1.90769061368 0.618150266146
9.135 1.91075547518 0.607793432226
9.14 1.91376853987 0.597431605103
9.145 1.91672978389 0.587065223788
9.15 1.91963918556 0.576694724408
9.155 1.92249672537 0.566320540158
9.16 1.92530238598 0.555943101262
9.165 1.92805615216 0.545562834924
9.17 1.93075801083 0.535180165295
9.175 1.93340795102 0.52479551343
9.18 1.93600596383 0.514409297251
9.185 1.93855204246 0.504021931511
9.19 1.94104618216 0.493633827762
9.195 1.94348838028 0.483245393965
9.2 1.94587863625 0.472857034485
9.205 1.94821695147 0.462469150754
9.21 1.95050332931 0.452082140835
9.215 1.95273777512 0.441696399384
9.22 1.95492029623 0.431312317622
9.225 1.95705090191 0.42093028331
9.23 1.95912960336 0.410550680715
9.235 1.96115641368 0.400173890596
9.24 1.96313134788 0.38980029017
9.245 1.96505442283 0.379430253098
9.25 1.96692565726 0.369064149461
9.255 1.96874507174 0.358702345742
9.26 1.97051268866 0.348345204812
9.265 1.97222853223 0.337993085747
9.27 1.97389262849 0.327646343338
9.275 1.97550500521 0.317305329127
9.28 1.97706569192 0.306970391003
9.285 1.97857471985 0.29664187312
9.29 1.98003212195 0.286320115881
9.295 1.98143793289 0.276005455932
9.3 1.98279218896 0.265698226147
9.305 1.98409492816 0.255398755619
9.31 1.98534619008 0.245107369657
9.315 1.98654601596 0.234824389776
9.32 1.98769444862 0.224550133696
9.325 1.98879153245 0.214284915335
9.33 1.98983731342 0.204029044809
9.335 1.99083183901 0.193782828399
9.34 1.99177515828 0.183546567964
9.345 1.99266732176 0.173320561737
9.35 1.99350838144 0.163105104299
9.355 1.99429839081 0.152900486384
9.36 1.99503740479 0.142706994888
9.365 1.99572547971 0.132524912866
9.37 1.99636267332 0.122354519537
9.375 1.99694904476 0.112196090291
9.38 1.99748465453 0.102049896696
9.385 1.99796956448 0.0919162065015
9.39 1.99840383779 0.0817952836513
9.395 1.99878753896 0.0716873882916
9.4 1.99912073376 0.0615927767824
9.405 1.99940348924 0.0515117017097
9.41 1.99963587372 0.0414444115553
9.415 1.9998179567 0.0313911508697
9.42 1.99994980895 0.0213521607376
9.425 2.0000315024 0.0113276784872
9.43 2.00006311018 0.0013179377038
9.435 2.00004470658 -0.0086768317557
9.44 1.99997636702 -0.0186564037468
9.445 1.99985816805 -0.0286205558212
9.45 1.99969018731 -0.038569069209
9.455 1.99947250356 -0.0485017288007
9.46 1.99920519658 -0.0584183231277
9.465 1.99888834724 -0.0683186443425
9.47 1.99852203743 -0.0782024881973
9.475 1.99810635004 -0.0880696540224
9.48 1.99764136895 -0.0979199448114
9.485 1.99712717899 -0.107753167403
9.49 1.99656386597 -0.11756913192
9.495 1.99595151664 -0.127367651972
9.5 1.99529021869 -0.137148544658
9.505 1.99458006069 -0.146911630541
9.51 1.99382113213 -0.156656733623
9.515 1.99301352336 -0.166383681322
9.52 1.99215732558 -0.176092304444
9.525 1.99125263083 -0.185782437158
9.53 1.99029953199 -0.195453916969
9.535 1.98929812272 -0.205106584691
9.54 1.9882484975 -0.214740284416
9.545 1.98715075155 -0.224354863491
9.55 1.98600498088 -0.233950172498
9.555 1.98481128214 -0.243526065405
9.56 1.98356975276 -0.253082399268
9.565 1.98228049088 -0.262619034246
9.57 1.98094359534 -0.272135833612
9.575 1.97955916564 -0.281632663728
9.58 1.97812730197 -0.291109394009
9.585 1.97664810515 -0.300565896899
9.59 1.97512167662 -0.310002047832
9.595 1.97354811847 -0.319417725208
9.6 1.97192753335 -0.328812810353
9.605 1.97026002454 -0.338187187494
9.61 1.96854569587 -0.347540743721
9.615 1.96678465175 -0.356873368957
9.62 1.9649769971 -0.366184955924
9.625 1.96312283737 -0.375475400143
9.63 1.96122227847 -0.384744599873
9.635 1.95927542686 -0.393992456053
9.64 1.95728238952 -0.403218872289
9.645 1.95524327387 -0.412423754819
9.65 1.9531581878 -0.421607012481
9.655 1.95102723968 -0.430768556675
9.66 1.94885053829 -0.439908301332
9.665 1.94662819283 -0.449026162877
9.67 1.94436031293 -0.458122060197
9.675 1.94204700863 -0.4671959146
9.68 1.93968839034 -0.476247649788
9.685 1.93728456886 -0.485277191814
9.69 1.93483565535 -0.494284469053
9.695 1.93234176132 -0.503269412137
9.7 1.92980299854 -0.51223195389
9.705 1.92721947917 -0.521172029396
9.71 1.9245913157 -0.530089575912
9.715 1.92191862093 -0.538984532834
9.72 1.91920150795 -0.547856841655
9.725 1.91644009014 -0.556706445934
9.73 1.91363448118 -0.565533291259
9.735 1.91078479498 -0.574337325209
9.74 1.90789114573 -0.583118497321
9.745 1.90495364789 -0.59187675905
9.75 1.90197241612 -0.600612063738
9.755 1.89894756533 -0.609324366577
9.76 1.89587921067 -0.61801362457
9.765 1.89276746747 -0.626679796474
9.77 1.88961245119 -0.635322842598
9.775 1.88641427752 -0.643942725061
9.78 1.88317306237 -0.65253940768
9.785 1.87988892182 -0.661112855898
9.79 1.87656197212 -0.669663036747
9.795 1.87319232969 -0.678189918815
9.8 1.86978011111 -0.686693472204
9.805 1.86632543308 -0.695173668503
9.81 1.86282841247 -0.703630480747
9.815 1.85928916628 -0.712063883384
9.82 1.85570781163 -0.720473852241
9.825 1.85208446576 -0.728860364487
9.83 1.84841924604 -0.7372233986
9.835 1.84471226994 -0.745562934333
9.84 1.84096365504 -0.753878952682
9.845 1.83717351902 -0.762171435846
9.85 1.83334197964 -0.770440367171
9.855 1.82946915456 -0.778685730634
9.86 1.82555516158 -0.786907511513
9.865 1.82160011866 -0.795105696281
9.87 1.81760414381 -0.803280272423
9.875 1.81356735508 -0.811431228405
9.88 1.80948987062 -0.819558553634
9.885 1.8053718086 -0.827662238428
9.89 1.80121328724 -0.83574227398
9.895 1.79701442481 -0.843798652329
9.9 1.79277533962 -0.85183136632
9.905 1.78849615003 -0.859840409575
9.91 1.7841769744 -0.867825776463
9.915 1.77981793114 -0.87578746206
9.92 1.77541913869 -0.883725462125
9.925 1.77098071551 -0.891639773062
9.93 1.76650278007 -0.899530391893
9.935 1.76198545088 -0.907397316214
9.94 1.75742884634 -0.915240543714
9.945 1.75283308489 -0.923060072677
9.95 1.74819828501 -0.930855902059
9.955 1.74352456521 -0.938628031253
9.96 1.73881204399 -0.94637646005
9.965 1.73406083984 -0.954101188613
9.97 1.72927107127 -0.961802217442
9.975 1.72444285678 -0.969479547347
9.98 1.71957631485 -0.977133179412
9.985 1.71467156398 -0.98476311497
9.99 1.70972872266 -0.992369355566
9.995 1.70474790936 -0.999951902936
