0.0 -2.0 0.0
0.005 -1.99997536963 0.00977828934739
0.01 -1.99990293282 0.019126126554
0.015 -1.99978479391 0.0280623355739
0.02 -1.9996229658 0.036604994202
0.025 -1.99941937155 0.0447714383629
0.03 -1.99917585078 0.0525783078546
0.035 -1.99889416127 0.0600415537734
0.04 -1.99857598308 0.0671764673917
0.045 -1.99822292042 0.0739976924881
0.05 -1.99783650543 0.0805192530732
0.055 -1.99741820352 0.0867545904136
0.06 -1.99696941421 0.0927165706177
0.065 -1.9964914726 0.0984174974828
0.07 -1.99598565447 0.103869148496
0.075 -1.99545317765 0.109082787947
0.08 -1.99489520516 0.114069190045
0.085 -1.99431284714 0.118838655995
0.09 -1.99370716358 0.123401034899
0.095 -1.9930791661 0.127765739367
0.1 -1.99242982047 0.131941765793
0.105 -1.9917600482 0.135937708647
0.11 -1.99107072921 0.139761781398
0.115 -1.99036270347 0.143421831231
0.12 -1.98963677213 0.14692535014
0.125 -1.98889369965 0.150279492871
0.13 -1.98813421527 0.153491090526
0.135 -1.98735901565 0.156566669413
0.14 -1.98656876519 0.159512458511
0.145 -1.98576409765 0.162334403515
0.15 -1.98494561811 0.165038181614
0.155 -1.98411390377 0.167629211097
0.16 -1.98326950532 0.170112663129
0.165 -1.98241294824 0.172493473324
0.17 -1.98154473388 0.174776351565
0.175 -1.98066534051 0.176965792134
0.18 -1.97977522455 0.179066084271
0.185 -1.97887482146 0.181081320537
0.19 -1.97796454662 0.183015405725
0.195 -1.97704479646 0.184872065909
0.2 -1.97611594913 0.186654855974
0.205 -1.97517836541 0.188367167431
0.21 -1.97423238966 0.190012236997
0.215 -1.97327835033 0.191593152114
0.22 -1.97231656071 0.19311285763
0.225 -1.97134731955 0.194574162041
0.23 -1.97037091214 0.195979746608
0.235 -1.96938761086 0.197332170578
0.24 -1.96839767533 0.198633873824
0.245 -1.96740135318 0.199887183325
0.25 -1.96639888063 0.20109431892
0.255 -1.96539048346 0.202257401519
0.26 -1.96437637686 0.203378452953
0.265 -1.96335676609 0.204459401436
0.27 -1.96233184685 0.205502085819
0.275 -1.96130180613 0.206508262745
0.28 -1.96026682238 0.207479608455
0.285 -1.95922706569 0.208417721107
0.29 -1.95818269828 0.20932412494
0.295 -1.95713387496 0.210200274632
0.3 -1.95608074366 0.211047560526
0.305 -1.95502344539 0.211867307847
0.31 -1.95396211458 0.212660780747
0.315 -1.95289687947 0.213429185111
0.32 -1.9518278626 0.214173673652
0.325 -1.95075518084 0.214895346115
0.33 -1.94967894559 0.215595251405
0.335 -1.94859926309 0.216274390154
0.34 -1.94751623475 0.216933718022
0.345 -1.94642995743 0.217574148405
0.35 -1.94534052342 0.218196552165
0.355 -1.94424802071 0.218801760311
0.36 -1.94315253322 0.219390565923
0.365 -1.94205414113 0.219963727633
0.37 -1.94095292086 0.220521969177
0.375 -1.93984894526 0.221065981187
0.38 -1.93874228375 0.221596422763
0.385 -1.93763300262 0.222113923971
0.39 -1.9365211651 0.222619086912
0.395 -1.93540683143 0.223112486003
0.4 -1.93429005902 0.223594669611
0.405 -1.93317090259 0.224066161444
0.41 -1.9320494144 0.224527462714
0.415 -1.93092564419 0.224979051678
0.42 -1.92979963938 0.225421384994
0.425 -1.92867144509 0.225854898713
0.43 -1.92754110443 0.226280010259
0.435 -1.92640865842 0.226697118438
0.44 -1.92527414613 0.227106603868
0.445 -1.92413760472 0.227508830002
0.45 -1.92299906951 0.227904143781
0.455 -1.92185857428 0.228292877859
0.46 -1.92071615118 0.228675350621
0.465 -1.91957183075 0.229051865706
0.47 -1.91842564205 0.229422713238
0.475 -1.91727761266 0.229788170345
0.48 -1.91612776888 0.230148502455
0.485 -1.91497613574 0.230503963905
0.49 -1.91382273699 0.230854797353
0.495 -1.91266759517 0.23120123474
0.5 -1.91151073167 0.23154349769
0.505 -1.91035216681 0.23188179843
0.51 -1.90919191995 0.232216340666
0.515 -1.90803000938 0.232547318751
0.52 -1.90686645246 0.232874918534
0.525 -1.9057012656 0.2331993177
0.53 -1.90453446435 0.233520686368
0.535 -1.9033660635 0.233839188017
0.54 -1.902196077 0.234154978725
0.545 -1.90102451801 0.234468207822
0.55 -1.89985139899 0.234779018181
0.555 -1.89867673164 0.235087546598
0.56 -1.89750052709 0.235393924559
0.565 -1.89632279579 0.235698277744
0.57 -1.89514354753 0.236000726453
0.575 -1.89396279155 0.236301385845
0.58 -1.89278053649 0.236600366211
0.585 -1.8915967905 0.236897773677
0.59 -1.89041156121 0.23719370979
0.595 -1.88922485572 0.237488271794
0.6 -1.88803668066 0.237781552861
0.605 -1.88684704219 0.238073642275
0.61 -1.88565594609 0.23836462605
0.615 -1.88446339768 0.238654586565
0.62 -1.88326940188 0.238943602717
0.625 -1.88207396321 0.239231750132
0.63 -1.88087708581 0.239519101278
0.635 -1.87967877346 0.239805725609
0.64 -1.87847902965 0.240091690443
0.645 -1.87727785754 0.240377060298
0.65 -1.87607525995 0.240661896946
0.655 -1.8748712394 0.240946259687
0.66 -1.87366579808 0.241230205438
0.665 -1.87245893795 0.24151378883
0.67 -1.87125066068 0.24179706275
0.675 -1.87004096773 0.242080078003
0.68 -1.86882986026 0.242362883312
0.685 -1.86761733919 0.242645525518
0.69 -1.86640340523 0.242928049637
0.695 -1.86518805883 0.243210498935
0.7 -1.86397130029 0.243492915361
0.705 -1.86275312966 0.243775339309
0.71 -1.86153354683 0.244057809563
0.715 -1.86031255146 0.24434036347
0.72 -1.85909014303 0.244623036991
0.725 -1.85786632085 0.244905864751
0.73 -1.85664108406 0.245188880367
0.735 -1.85541443166 0.245472116299
0.74 -1.85418636247 0.245755603778
0.745 -1.85295687516 0.246039372943
0.75 -1.85172596824 0.246323452889
0.755 -1.85049364007 0.246607871698
0.76 -1.8492598889 0.246892656641
0.765 -1.84802471284 0.24717783412
0.77 -1.84678810987 0.247463429608
0.775 -1.84555007782 0.247749467748
0.78 -1.84431061443 0.248035972379
0.785 -1.84306971731 0.248322966705
0.79 -1.84182738392 0.24861047283
0.795 -1.84058361167 0.248898512858
0.8 -1.83933839786 0.24918710786
0.805 -1.83809173964 0.249476278295
0.81 -1.8368436341 0.249766044029
0.815 -1.83559407819 0.250056424346
0.82 -1.8343430688 0.250347438091
0.825 -1.83309060273 0.250639103633
0.83 -1.83183667667 0.250931438763
0.835 -1.83058128723 0.251224460787
0.84 -1.82932443094 0.251518186542
0.845 -1.82806610421 0.251812632419
0.85 -1.8268063034 0.252107814384
0.855 -1.8255450248 0.252403748181
0.86 -1.82428226462 0.252700449162
0.865 -1.82301801897 0.252997932284
0.87 -1.82175228392 0.253296212181
0.875 -1.82048505545 0.253595303188
0.88 -1.81921632947 0.253895219363
0.885 -1.81794610182 0.254195974474
0.89 -1.81667436828 0.254497581834
0.895 -1.81540112453 0.254800054599
0.9 -1.81412636621 0.255103405722
0.905 -1.81285008892 0.255407647947
0.91 -1.81157228816 0.255712793822
0.915 -1.8102929594 0.256018855723
0.92 -1.80901209804 0.256325845767
0.925 -1.80772969939 0.256633775645
0.93 -1.8064457587 0.256942657048
0.935 -1.8051602712 0.257252501526
0.94 -1.80387323204 0.257563320488
0.945 -1.80258463633 0.25787512521
0.95 -1.80129447911 0.258187926854
0.955 -1.80000275538 0.258501736359
0.96 -1.79870946006 0.258816564439
0.965 -1.79741458802 0.259132421811
0.97 -1.79611813409 0.259449319092
0.975 -1.79482009305 0.259767266811
0.98 -1.79352045963 0.260086275421
0.985 -1.7922192285 0.260406355303
0.99 -1.79091639428 0.260727516628
0.995 -1.78961195152 0.261049769484
1.0 -1.78830589474 0.261373123961
1.005 -1.78699821841 0.261697590086
1.01 -1.78568891695 0.262023177841
1.015 -1.78437798473 0.262349897162
1.02 -1.78306541607 0.262677757938
1.025 -1.78175120523 0.263006769839
1.03 -1.78043534641 0.263336942584
1.035 -1.77911783379 0.263668285905
1.04 -1.77779866149 0.264000809516
1.045 -1.77647782359 0.264334523119
1.05 -1.77515531412 0.264669436408
1.055 -1.77383112706 0.265005559081
1.06 -1.77250525637 0.265342900842
1.065 -1.77117769593 0.265681471411
1.07 -1.76984843958 0.26602128041
1.075 -1.76851748107 0.266362337127
1.08 -1.76718481413 0.266704651115
1.085 -1.76585043245 0.267048231963
1.09 -1.76451432967 0.26739308927
1.095 -1.76317649939 0.267739232655
1.1 -1.76183693516 0.268086671755
1.105 -1.76049563047 0.268435416237
1.11 -1.75915257879 0.268785475794
1.115 -1.75780777353 0.26913686016
1.12 -1.75646120802 0.269489578959
1.125 -1.75511287556 0.269843641757
1.13 -1.7537627694 0.270199058285
1.135 -1.75241088275 0.270555838309
1.14 -1.75105720875 0.27091399163
1.145 -1.74970174053 0.271273528094
1.15 -1.74834447114 0.271634457587
1.155 -1.7469853936 0.271996790047
1.16 -1.74562450088 0.27236053546
1.165 -1.7442617859 0.272725703863
1.17 -1.74289724149 0.273092305208
1.175 -1.74153086046 0.273460349533
1.18 -1.74016263558 0.273829846975
1.185 -1.73879255954 0.274200807726
1.19 -1.73742062502 0.274573242037
1.195 -1.73604682461 0.274947160218
1.2 -1.73467115088 0.275322572645
1.205 -1.73329359634 0.275699489757
1.21 -1.73191415344 0.276077922064
1.215 -1.73053281458 0.276457880123
1.22 -1.72914957209 0.27683937445
1.225 -1.72776441827 0.277222415695
1.23 -1.72637734535 0.277607014594
1.235 -1.72498834551 0.277993181954
1.24 -1.72359741088 0.278380928655
1.245 -1.72220453355 0.278770265651
1.25 -1.72080970554 0.279161203975
1.255 -1.71941291881 0.27955375474
1.26 -1.71801416528 0.279947929138
1.265 -1.71661343681 0.280343738424
1.27 -1.71521072517 0.280741193907
1.275 -1.71380602211 0.28114030701
1.28 -1.71239931931 0.28154108924
1.285 -1.7109906084 0.281943552194
1.29 -1.70957988095 0.282347707556
1.295 -1.70816712846 0.282753567104
1.3 -1.70675234239 0.283161142705
1.305 -1.70533551413 0.283570446322
1.31 -1.70391663501 0.283981490015
1.315 -1.70249569631 0.284394285915
1.32 -1.70107268921 0.284808846253
1.325 -1.69964760486 0.285225183372
1.33 -1.69822043436 0.285643309716
1.335 -1.69679116871 0.286063237832
1.34 -1.6953597989 0.28648498037
1.345 -1.6939263158 0.286908550088
1.35 -1.69249071026 0.287333959853
1.355 -1.69105297306 0.287761222638
1.36 -1.68961309489 0.288190351529
1.365 -1.6881710664 0.288621359721
1.37 -1.68672687814 0.289054260505
1.375 -1.68528052061 0.289489067298
1.38 -1.68383198425 0.289925793637
1.385 -1.68238125942 0.290364453176
1.39 -1.68092833643 0.290805059689
1.395 -1.67947320551 0.29124762707
1.4 -1.67801585682 0.291692169337
1.405 -1.67655628045 0.292138700634
1.41 -1.67509446644 0.292587235226
1.415 -1.67363040472 0.293037787512
1.42 -1.67216408517 0.293490372026
1.425 -1.67069549758 0.293945003441
1.43 -1.66922463168 0.294401696551
1.435 -1.66775147712 0.29486046629
1.44 -1.66627602348 0.295321327723
1.445 -1.66479826028 0.295784296059
1.45 -1.66331817692 0.296249386643
1.455 -1.66183576278 0.296716614963
1.46 -1.66035100713 0.297185996651
1.465 -1.65886389916 0.297657547484
1.47 -1.65737442799 0.298131283389
1.475 -1.65588258264 0.298607220471
1.48 -1.65438835207 0.29908537497
1.485 -1.65289172514 0.299565763275
1.49 -1.65139269064 0.30004840193
1.495 -1.64989123728 0.300533307639
1.5 -1.64838735368 0.301020497261
1.505 -1.64688102839 0.301509987819
1.51 -1.64537224987 0.302001796497
1.515 -1.64386100647 0.302495940644
1.52 -1.6423472865 0.302992437774
1.525 -1.64083107813 0.303491305601
1.53 -1.63931236945 0.303992562022
1.535 -1.63779114846 0.304496225084
1.54 -1.63626740311 0.305002313011
1.545 -1.6347411212 0.305510844207
1.55 -1.63321229049 0.306021837253
1.555 -1.63168089861 0.306535310915
1.56 -1.63014693313 0.307051284144
1.565 -1.6286103815 0.307569776073
1.57 -1.62707123108 0.30809080603
1.575 -1.62552946914 0.308614393535
1.58 -1.62398508283 0.309140558368
1.585 -1.6224380592 0.309669320472
1.59 -1.62088838522 0.310200699978
1.595 -1.61933604774 0.310734717223
1.6 -1.61778103353 0.311271392747
1.605 -1.61622332926 0.311810747299
1.61 -1.61466292146 0.312352801836
1.615 -1.61309979661 0.312897577529
1.62 -1.61153394104 0.31344509576
1.625 -1.60996534099 0.31399537813
1.63 -1.60839398258 0.314548446503
1.635 -1.60681985182 0.315104323002
1.64 -1.60524293459 0.315663029928
1.645 -1.6036632167 0.316224589816
1.65 -1.60208068381 0.316789025434
1.655 -1.60049532151 0.317356359785
1.66 -1.59890711524 0.317926616111
1.665 -1.59731605033 0.318499817896
1.67 -1.595722112 0.319075988866
1.675 -1.59412528537 0.319655152994
1.68 -1.5925255554 0.320237334514
1.685 -1.59092290693 0.320822558002
1.69 -1.58931732467 0.321410848254
1.695 -1.58770879323 0.322002230308
1.7 -1.58609729708 0.322596729466
1.705 -1.58448282059 0.323194371303
1.71 -1.58286534796 0.323795181664
1.715 -1.58124486331 0.32439918667
1.72 -1.5796213506 0.325006412719
1.725 -1.57799479366 0.325616886492
1.73 -1.5763651762 0.326230634953
1.735 -1.57473248177 0.326847685414
1.74 -1.57309669376 0.327468065544
1.745 -1.57145779546 0.328091803241
1.75 -1.56981577 0.328718926705
1.755 -1.56817060039 0.329349464445
1.76 -1.56652226948 0.329983445278
1.765 -1.56487076 0.330620898341
1.77 -1.56321605451 0.331261853085
1.775 -1.56155813544 0.331906339286
1.78 -1.55989698506 0.332554387044
1.785 -1.55823258551 0.333206026802
1.79 -1.55656491869 0.333861289537
1.795 -1.55489396639 0.334520206473
1.8 -1.55321971024 0.335182809129
1.805 -1.55154213176 0.335849129374
1.81 -1.54986121226 0.336519199436
1.815 -1.54817693293 0.337193051897
1.82 -1.54648927477 0.337870719706
1.825 -1.54479821864 0.338552236175
1.83 -1.54310374523 0.339237634989
1.835 -1.54140583505 0.339926950208
1.84 -1.53970446846 0.340620216266
1.845 -1.53799962564 0.341317467984
1.85 -1.53629128662 0.342018740566
1.855 -1.53457943122 0.342724069644
1.86 -1.53286403895 0.343433491765
1.865 -1.5311450892 0.344147043648
1.87 -1.52942256123 0.344864762295
1.875 -1.52769643411 0.345586685138
1.88 -1.52596668672 0.346312850038
1.885 -1.52423329777 0.347043295296
1.89 -1.52249624577 0.347778059655
1.895 -1.52075550903 0.348517182305
1.9 -1.51901106568 0.349260702887
1.905 -1.51726289366 0.3500086615
1.91 -1.51551097069 0.350761098704
1.915 -1.51375527433 0.351518055525
1.92 -1.5119957819 0.352279573461
1.925 -1.51023247054 0.353045694532
1.93 -1.50846531695 0.353816461871
1.935 -1.50669429775 0.354591918826
1.94 -1.50491938937 0.355372109092
1.945 -1.50314056804 0.356157076885
1.95 -1.50135780976 0.356946866951
1.955 -1.49957109032 0.357741524571
1.96 -1.49778038526 0.358541095569
1.965 -1.49598566993 0.359345626313
1.97 -1.49418691944 0.360155163726
1.975 -1.49238410865 0.360969755291
1.98 -1.49057721222 0.361789449054
1.985 -1.48876620455 0.362614293635
1.99 -1.48695105982 0.363444338228
1.995 -1.48513175194 0.364279632673
2.0 -1.48330825435 0.365120228232
2.005 -1.48148054033 0.365966176409
2.01 -1.47964858298 0.366817529114
2.015 -1.47781235516 0.367674338904
2.02 -1.47597182944 0.368536658987
2.025 -1.47412697815 0.36940454323
2.03 -1.47227777335 0.370278046165
2.035 -1.47042418682 0.371157223002
2.04 -1.46856619009 0.372042129631
2.045 -1.46670375439 0.372932822631
2.05 -1.4648368507 0.37382935928
2.055 -1.46296544971 0.374731797559
2.06 -1.46108952182 0.375640196163
2.065 -1.45920903714 0.37655461457
2.07 -1.45732396524 0.377475113895
2.075 -1.45543427548 0.378401755665
2.08 -1.45353993701 0.379334601964
2.085 -1.45164091863 0.380273715682
2.09 -1.44973718885 0.381219160532
2.095 -1.44782871586 0.382171001052
2.1 -1.44591546753 0.383129302625
2.105 -1.44399741139 0.384094131481
2.11 -1.44207451467 0.385065554713
2.115 -1.44014674425 0.386043640287
2.12 -1.43821406668 0.387028457048
2.125 -1.43627644812 0.388020074916
2.13 -1.43433385425 0.38901856511
2.135 -1.43238625053 0.390023999441
2.14 -1.43043360206 0.391036450653
2.145 -1.42847587356 0.392055992459
2.15 -1.42651302942 0.393082699549
2.155 -1.42454503363 0.394116647607
2.16 -1.42257184981 0.395157913318
2.165 -1.42059344123 0.396206574385
2.17 -1.41860977075 0.397262709537
2.175 -1.41662080085 0.398326398545
2.18 -1.41462649363 0.399397722241
2.185 -1.41262681057 0.400476763409
2.19 -1.41062171275 0.401563605897
2.195 -1.40861116094 0.402658334264
2.2 -1.40659511551 0.403761034231
2.205 -1.40457353639 0.404871792703
2.21 -1.40254638308 0.40599069778
2.215 -1.40051361464 0.407117838772
2.22 -1.39847518971 0.408253306219
2.225 -1.39643106646 0.4093971919
2.23 -1.39438120263 0.410549588855
2.235 -1.39232555549 0.411710591396
2.24 -1.39026408182 0.412880295343
2.245 -1.38819673761 0.414058798943
2.25 -1.38612347856 0.415246201099
2.255 -1.38404425993 0.416442601969
2.26 -1.38195903647 0.417648103135
2.265 -1.37986776246 0.418862807626
2.27 -1.37777039161 0.420086819931
2.275 -1.37566687718 0.421320246021
2.28 -1.37355717187 0.422563193371
2.285 -1.37144122786 0.423815770974
2.29 -1.36931899681 0.425078089365
2.295 -1.36719042982 0.426350260635
2.3 -1.36505547723 0.427632399366
2.305 -1.36291408866 0.428924622396
2.31 -1.36076621338 0.430227047334
2.315 -1.35861180008 0.431539793514
2.32 -1.35645079687 0.432862982024
2.325 -1.35428315125 0.434196735726
2.33 -1.3521088101 0.435541179286
2.335 -1.34992771972 0.436896439192
2.34 -1.34773982578 0.438262643782
2.345 -1.34554507329 0.439639923268
2.35 -1.34334340667 0.441028409755
2.355 -1.34113476965 0.442428237389
2.36 -1.33891910492 0.443839543834
2.365 -1.33669635465 0.445262468278
2.37 -1.33446646039 0.446697151656
2.375 -1.33222936298 0.448143737074
2.38 -1.32998500255 0.449602369837
2.385 -1.32773331852 0.451073197485
2.39 -1.32547424955 0.452556369824
2.395 -1.32320773357 0.454052038963
2.4 -1.32093370777 0.455560359343
2.405 -1.31865210845 0.457081488205
2.41 -1.31636287103 0.458615585611
2.415 -1.31406593026 0.460162813659
2.42 -1.31176122008 0.461723336983
2.425 -1.30944867362 0.463297322792
2.43 -1.30712822317 0.464884940906
2.435 -1.30479980019 0.466486363796
2.44 -1.30246333528 0.468101766622
2.445 -1.3001187582 0.469731327269
2.45 -1.29776599776 0.471375226635
2.455 -1.29540498153 0.47303365007
2.46 -1.29303563637 0.47470678502
2.465 -1.29065788825 0.47639482171
2.47 -1.28827166217 0.478097953436
2.475 -1.28587688222 0.479816376614
2.48 -1.28347347147 0.481550290826
2.485 -1.28106135203 0.483299898866
2.49 -1.27864044502 0.485065406788
2.495 -1.27621067052 0.486847023959
2.5 -1.27377194729 0.488644964491
2.505 -1.27132419296 0.490459446297
2.51 -1.26886732426 0.492290690038
2.515 -1.26640125683 0.494138920044
2.52 -1.2639259052 0.496004364367
2.525 -1.26144118276 0.49788725484
2.53 -1.25894700178 0.499787827132
2.535 -1.25644327333 0.50170632081
2.54 -1.25392990734 0.503642979392
2.545 -1.2514068124 0.50559805102
2.55 -1.24887389541 0.507571790052
2.555 -1.24633106235 0.509564453704
2.56 -1.24377821794 0.511576303412
2.565 -1.24121526561 0.513607605075
2.57 -1.23864210747 0.51565862913
2.575 -1.23605864429 0.517729650619
2.58 -1.2334647755 0.519820949265
2.585 -1.23086039915 0.52193280954
2.59 -1.22824541188 0.524065520799
2.595 -1.22561970846 0.526219379509
2.6 -1.2229831822 0.528394687128
2.605 -1.22033572508 0.530591749676
2.61 -1.21767722757 0.532810878607
2.615 -1.21500757856 0.535052390906
2.62 -1.21232666535 0.537316609183
2.625 -1.20963437366 0.539603861767
2.63 -1.20693058755 0.541914482942
2.635 -1.20421518913 0.544248814216
2.64 -1.20148805891 0.546607202741
2.645 -1.19874907574 0.548990001695
2.65 -1.1959981167 0.551397570631
2.655 -1.19323505708 0.553830275583
2.66 -1.19045977037 0.556288489175
2.665 -1.18767212823 0.558772590725
2.67 -1.1848720003 0.561282966965
2.675 -1.18205925388 0.563820013931
2.68 -1.17923375455 0.566384133569
2.685 -1.17639536595 0.56897573508
2.69 -1.17354394967 0.571595235248
2.695 -1.17067936522 0.574243058571
2.7 -1.16780147002 0.576919637394
2.705 -1.16491011937 0.579625412043
2.71 -1.16200516614 0.582360832178
2.715 -1.15908646056 0.585126357766
2.72 -1.15615385094 0.587922455851
2.725 -1.15320718324 0.590749602302
2.73 -1.15024630106 0.593608282016
2.735 -1.14727104561 0.596498989078
2.74 -1.14428125564 0.599422226922
2.745 -1.14127676743 0.60237850849
2.75 -1.13825741424 0.605368358839
2.755 -1.13522302655 0.608392314091
2.76 -1.13217343246 0.61145091917
2.765 -1.12910845738 0.614544729605
2.77 -1.12602792393 0.617674311717
2.775 -1.12293165195 0.620840242816
2.78 -1.11981945843 0.624043111392
2.785 -1.11669115743 0.627283517445
2.79 -1.11354655928 0.630562076495
2.795 -1.11038547138 0.633879415689
2.8 -1.10720769824 0.637236173382
2.805 -1.10401304119 0.640633000649
2.81 -1.10080129833 0.644070561519
2.815 -1.09757226448 0.64754953321
2.82 -1.09432573112 0.651070606362
2.825 -1.09106148624 0.654634485764
2.83 -1.08777931354 0.658241894494
2.835 -1.08447899339 0.661893568949
2.84 -1.08116030257 0.665590260024
2.845 -1.07782301411 0.669332734078
2.85 -1.0744668972 0.673121773253
2.855 -1.07109171714 0.676958175774
2.86 -1.06769723495 0.68084275782
2.865 -1.06428320746 0.684776353038
2.87 -1.06084938751 0.688759811629
2.875 -1.05739552367 0.692794001516
2.88 -1.05392136022 0.696879808688
2.885 -1.05042663704 0.701018137538
2.89 -1.04691108931 0.705209912443
2.895 -1.04337444695 0.709456080711
2.9 -1.03981643555 0.713757607638
2.905 -1.03623677591 0.718115478879
2.91 -1.0326351839 0.72253070106
2.915 -1.0290113704 0.727004302183
2.92 -1.02536504115 0.731537332309
2.925 -1.0216958959 0.736130867962
2.93 -1.01800362918 0.740786008061
2.935 -1.01428793019 0.745503874398
2.94 -1.01054848254 0.75028561308
2.945 -1.00678496415 0.755132395009
2.95 -1.00299704713 0.760045416374
2.955 -0.999184397087 0.765025902229
2.96 -0.995346673055 0.770075107014
2.965 -0.991483528257 0.775194310314
2.97 -0.987594609525 0.780384819948
2.975 -0.983679557179 0.785647972556
2.98 -0.979738004909 0.790985134165
2.985 -0.975769579416 0.79639770205
2.99 -0.971773899358 0.801887110239
2.995 -0.967750576768 0.807454821998
3.0 -0.963699216465 0.813102332899
3.005 -0.959619415811 0.81883117205
3.01 -0.955510764574 0.824642902772
3.015 -0.951372844757 0.830539123464
3.02 -0.947205229242 0.836521474676
3.025 -0.943007482744 0.842591634076
3.03 -0.938779161987 0.84875131545
3.035 -0.934519815144 0.85500227165
3.04 -0.930228981667 0.861346295395
3.045 -0.925906192136 0.867785220073
3.05 -0.921550967487 0.874320923689
3.055 -0.917162818294 0.880955332613
3.06 -0.912741246087 0.887690414641
3.065 -0.908285742521 0.894528183317
3.07 -0.903795789156 0.901470699031
3.075 -0.899270857136 0.90852007063
3.08 -0.894710406395 0.915678459376
3.085 -0.890113886278 0.92294807588
3.09 -0.885480735121 0.930331182202
3.095 -0.880810379966 0.937830093272
3.1 -0.876102236302 0.945447178221
3.105 -0.871355706744 0.953184867014
3.11 -0.866570181761 0.961045646804
3.115 -0.861745039629 0.969032062129
3.12 -0.856879645894 0.977146717655
3.125 -0.851973353116 0.985392279451
3.13 -0.847025499846 0.993771479896
3.135 -0.842035410315 1.00228711926
3.14 -0.837002395236 1.01094206195
3.145 -0.831925750971 1.01973924053
3.15 -0.826804759249 1.02868165719
3.155 -0.821638686471 1.03777238694
3.16 -0.816426782395 1.04701458373
3.165 -0.811168281594 1.05641147404
3.17 -0.805862402527 1.06596636113
3.175 -0.800508347153 1.07568262702
3.18 -0.795105300288 1.08556373532
3.185 -0.789652428556 1.09561323588
3.19 -0.784148880265 1.10583476556
3.195 -0.778593786183 1.11623204527
3.2 -0.772986258423 1.12680888489
3.205 -0.767325390076 1.13756918498
3.21 -0.761610253227 1.14851694428
3.215 -0.755839899535 1.15965625815
3.22 -0.750013360847 1.17099131693
3.225 -0.744129647976 1.1825264107
3.23 -0.738187750232 1.19426593148
3.235 -0.732186634939 1.20621437542
3.24 -0.726125246943 1.21837634504
3.245 -0.720002506936 1.23075655348
3.25 -0.7138173108 1.24335982706
3.255 -0.707568530931 1.25619110465
3.26 -0.701255014639 1.26925544186
3.265 -0.694875583512 1.28255801367
3.27 -0.68842903277 1.29610411714
3.275 -0.6819141306 1.30989917409
3.28 -0.675329618044 1.32394872901
3.285 -0.668674209241 1.33825844371
3.29 -0.661946589065 1.35283411451
3.295 -0.655145413163 1.36768166861
3.3 -0.64826930736 1.3828071657
3.305 -0.641316866938 1.39821680015
3.31 -0.634286655148 1.41391690531
3.315 -0.627177203396 1.42991395308
3.32 -0.619987010447 1.44621455612
3.325 -0.612714541562 1.46282547028
3.33 -0.605358227747 1.4797535966
3.335 -0.597916465489 1.49700597382
3.34 -0.590387615901 1.51458978181
3.345 -0.582770003539 1.53251235137
3.35 -0.575061915894 1.55078116049
3.355 -0.567261602633 1.56940383525
3.36 -0.559367274983 1.58838814699
3.365 -0.551377105361 1.60774200321
3.37 -0.543289225992 1.62747346261
3.375 -0.535101728362 1.64759072981
3.38 -0.526812662475 1.66810215413
3.385 -0.518420036132 1.68901622796
3.39 -0.509921814825 1.7103415691
3.395 -0.501315920545 1.73208693019
3.4 -0.492600230992 1.75426119741
3.405 -0.48377257901 1.77687338366
3.41 -0.474830752228 1.79993262015
3.415 -0.465772492625 1.82344814867
3.42 -0.456595495358 1.84742932277
3.425 -0.447297408398 1.8718855985
3.43 -0.437875832118 1.89682652392
3.435 -0.428328319789 1.92226171015
3.44 -0.418652376011 1.94820084371
3.445 -0.408845456495 1.97465367137
3.45 -0.398904967791 2.001629986
3.455 -0.388828268271 2.0291395933
3.46 -0.378612667461 2.05719230326
3.465 -0.368255425188 2.08579792429
3.47 -0.357753751936 2.11496623819
3.475 -0.34710480956 2.14470696923
3.48 -0.336305712974 2.17502973725
3.485 -0.325353528122 2.20594406909
3.49 -0.314245273145 2.23745935933
3.495 -0.302977919066 2.26958483835
3.5 -0.291548392894 2.30232950551
3.505 -0.27995357717 2.3357021127
3.51 -0.268190310931 2.3697111272
3.515 -0.256255391716 2.40436468006
3.52 -0.244145577685 2.43967051371
3.525 -0.231857588762 2.47563593881
3.53 -0.219388108891 2.51226777811
3.535 -0.206733790558 2.54957227961
3.54 -0.193891256649 2.58755506397
3.545 -0.180857102681 2.62622106642
3.55 -0.167627901189 2.66557445167
3.555 -0.154200207685 2.70561851291
3.56 -0.140570562454 2.74635561207
3.565 -0.126735495692 2.78778708473
3.57 -0.112691534807 2.82991312261
3.575 -0.09843520992 2.87273267232
3.58 -0.0839630583573 2.91624334264
3.585 -0.0692716324301 2.96044127952
3.59 -0.0543575101167 3.00532101906
3.595 -0.0392172997873 3.05087538235
3.6 -0.0238476490925 3.09709533709
3.605 -0.00824525660668 3.14396984291
3.61 0.0075931169368 3.19148569576
3.615 0.0236706409567 3.23962738572
3.62 0.0399904021132 3.2883769278
3.625 0.0565553879765 3.33771368934
3.63 0.0733684767325 3.38761421544
3.635 0.0904324232558 3.43805204592
3.64 0.10774984205 3.48899753687
3.645 0.125323188794 3.54041768374
3.65 0.143154747056 3.59227589997
3.655 0.16124660904 3.64453182514
3.66 0.17960065376 3.697141186
3.665 0.198218528524 3.75005556028
3.67 0.217101628603 3.80322215653
3.675 0.236251074417 3.85658364948
3.68 0.255667687356 3.91007808576
3.685 0.275351966578 3.96363862082
3.69 0.29530406461 4.01719338576
3.695 0.315523762752 4.07066534889
3.7 0.336010443228 4.12397213919
3.705 0.356763063454 4.1770260195
3.71 0.377780128372 4.22973379486
3.715 0.399059661627 4.28199667689
3.72 0.420599181173 4.33371037502
3.725 0.442395669085 4.38476503898
3.73 0.464445542689 4.43504527605
3.735 0.486744632041 4.48443038768
3.74 0.509288148162 4.53279437673
3.745 0.53207065807 4.58000616512
3.75 0.555086066022 4.62592997593
3.755 0.578327581516 4.67042547356
3.76 0.601787702566 4.71334822866
3.765 0.625458199848 4.75455022751
3.77 0.649330089684 4.79388023598
3.775 0.673393629471 4.83118450797
3.78 0.697638304333 4.86630742642
3.785 0.722052811779 4.89909216001
3.79 0.746625070716 4.92938155171
3.795 0.771342213226 4.95701895287
3.8 0.796190586328 4.98184914829
3.805 0.821155774925 5.00371935076
3.81 0.846222603452 5.02248028898
3.815 0.871375158478 5.03798728947
3.82 0.896596824259 5.05010131696
3.825 0.921870300875 5.05869032377
3.83 0.947177646983 5.06363032747
3.835 0.972500328596 5.06480645759
3.84 0.997819262755 5.06211428069
3.845 1.02311486975 5.05546089691
3.85 1.0483671361 5.0447661086
3.855 1.0735556823 5.02996324589
3.86 1.09865983302 5.01100031643
3.865 1.12365868911 4.98784072086
3.87 1.14853120985 4.9604641185
3.875 1.17325629359 4.92886695144
3.88 1.19781286501 4.89306297771
3.885 1.22217996143 4.85308360482
3.89 1.24633682063 4.80897801992
3.895 1.27026297311 4.76081327594
3.9 1.29393832555 4.7086740238
3.905 1.31734325565 4.65266228023
3.91 1.3404586886 4.59289683037
3.915 1.36326618906 4.52951260585
3.92 1.38574803039 4.46265982851
3.925 1.40788727715 4.39250300181
3.93 1.42966784689 4.31921983141
3.935 1.45107457787 4.24299991216
3.94 1.47209328265 4.16404343082
3.945 1.49271079775 4.08255968542
3.95 1.51291502711 3.99876557043
3.955 1.5326949731 3.91288407827
3.96 1.55204076687 3.82514259651
3.965 1.57094368263 3.73577149931
3.97 1.58939615159 3.6450023578
3.975 1.60739176238 3.55306664341
3.98 1.62492525715 3.46019401439
3.985 1.64199251992 3.36661111392
3.99 1.65859055619 3.2725400777
3.995 1.67471746974 3.17819742447
4.0 1.6903724294 3.08379287109
4.005 1.705555634 2.98952834447
4.01 1.72026827095 2.89559712347
4.015 1.73451246957 2.80218302699
4.02 1.7482912555 2.70945984786
4.025 1.76160849418 2.61759078066
4.03 1.77446884323 2.5267280819
4.035 1.78687768996 2.43701277986
4.04 1.79884110185 2.34857451197
4.045 1.81036576299 2.26153150155
4.05 1.82145892248 2.17599055938
4.055 1.83212833356 2.09204726645
4.06 1.84238220063 2.00978614403
4.065 1.85222912346 1.92928096696
4.07 1.86167804405 1.85059510207
4.075 1.87073819703 1.77378188585
4.08 1.87941905824 1.69888511346
4.085 1.88773030103 1.62593943958
4.09 1.89568174891 1.55497097241
4.095 1.90328333673 1.48599769395
4.1 1.91054506926 1.41903009139
4.105 1.91747698646 1.35407160843
4.11 1.92408912902 1.29111924417
4.115 1.93039150728 1.23016407111
4.12 1.93639407345 1.17119172992
4.125 1.9421066966 1.1141829323
4.13 1.94753913663 1.05911403315
4.135 1.95270102478 1.00595746212
4.14 1.95760184641 0.954682146798
4.145 1.96225092447 0.905253951037
4.15 1.9666574035 0.857636127247
4.155 1.97083023837 0.811789673451
4.16 1.97477818445 0.767673682322
4.165 1.97850978853 0.725245682511
4.17 1.98203338171 0.684461955094
4.175 1.98535707406 0.645277810956
4.18 1.98848875024 0.607647857141
4.185 1.99143606659 0.571526233089
4.19 1.99420644958 0.536866828763
4.195 1.99680709494 0.503623479109
4.2 1.99924496775 0.471750142901
4.205 2.00152680349 0.441201058201
4.21 2.00365910994 0.411930882723
4.215 2.00564816929 0.383894815439
4.22 2.00750004141 0.357048705776
4.225 2.00922056732 0.331349146967
4.23 2.01081537287 0.306753554413
4.235 2.01228987336 0.283220234923
4.24 2.01364927785 0.260708442782
4.245 2.01489859412 0.239178425855
4.25 2.01604263389 0.218591462301
4.255 2.01708601776 0.19890989039
4.26 2.01803318082 0.180097127673
4.265 2.01888837795 0.162117686362
4.27 2.01965568925 0.144937181722
4.275 2.02033902584 0.128522332275
4.28 2.02094213505 0.11284096059
4.285 2.02146860609 0.0978619845993
4.29 2.02192187555 0.0835554076458
4.295 2.02230523262 0.0698923067022
4.3 2.02262182461 0.0568448132312
4.305 2.02287466204 0.0443860971481
4.31 2.02306662385 0.032490344911
4.315 2.02320046246 0.0211327364112
4.32 2.02327880849 0.0102894249159
4.325 2.02330417573 -6.24907893732e-05
4.33 2.02327896592 -0.00994499436061
4.335 2.023205473 -0.019379172598
4.34 2.02308588767 -0.0283852451891
4.345 2.02292230173 -0.0369825932465
4.35 2.02271671202 -0.0451897823612
4.355 2.02247102452 -0.0530245920705
4.36 2.02218705833 -0.0605040445482
4.365 2.02186654919 -0.0676444275628
4.37 2.02151115317 -0.0744613228547
4.375 2.02112245022 -0.0809696335244
4.38 2.02070194737 -0.0871836067834
4.385 2.02025108199 -0.0931168603907
4.39 2.01977122492 -0.0987824081833
4.395 2.01926368335 -0.104192681864
4.4 2.01872970374 -0.109359555344
4.405 2.01817047453 -0.114294368344
4.41 2.01758712875 -0.119007946659
4.415 2.01698074653 -0.123510624256
4.42 2.01635235754 -0.127812264567
4.425 2.01570294324 -0.131922279295
4.43 2.01503343913 -0.135849648398
4.435 2.01434473687 -0.139602939199
4.44 2.01363768626 -0.143190322952
4.445 2.01291309717 -0.146619592145
4.45 2.01217174145 -0.149898178999
4.455 2.01141435465 -0.15303317114
4.46 2.01064163773 -0.156031325411
4.465 2.00985425866 -0.158899083223
4.47 2.00905285393 -0.16164258587
4.475 2.00823803007 -0.164267687258
4.48 2.00741036504 -0.166779966683
4.485 2.00657040954 -0.16918474156
4.49 2.00571868831 -0.171487080289
4.495 2.00485570137 -0.173691812764
4.5 2.00398192515 -0.175803541473
4.505 2.00309781361 -0.177826652195
4.51 2.00220379931 -0.179765324347
4.515 2.0013002944 -0.181623540169
4.52 2.00038769162 -0.183405094046
4.525 1.99946636517 -0.185113601297
4.53 1.99853667159 -0.186752506554
4.535 1.99759895061 -0.188325091765
4.54 1.99665352597 -0.189834483841
4.545 1.99570070611 -0.191283661994
4.55 1.99474078495 -0.192675464699
4.555 1.99377404254 -0.194012596353
4.56 1.99280074578 -0.195297633627
4.565 1.99182114892 -0.196533031338
4.57 1.99083549428 -0.197721128401
4.575 1.98984401273 -0.198864153338
4.58 1.9888469243 -0.199964229455
4.585 1.98784443862 -0.201023379683
4.59 1.98683675544 -0.202043531625
4.595 1.98582406516 -0.203026522059
4.6 1.98480654919 -0.203974101284
4.605 1.98378438037 -0.204887936778
4.61 1.98275772339 -0.205769617554
4.615 1.98172673521 -0.206620657958
4.62 1.98069156543 -0.20744250121
4.625 1.97965235655 -0.208236522529
4.63 1.97860924438 -0.209004032348
4.635 1.9775623583 -0.209746279759
4.64 1.97651182166 -0.210464455344
4.645 1.97545775196 -0.2111596939
4.65 1.97440026114 -0.211833076737
4.655 1.97333945587 -0.212485634728
4.66 1.97227543782 -0.213118350621
4.665 1.97120830385 -0.213732161342
4.67 1.97013814622 -0.214327959821
4.675 1.96906505285 -0.214906597356
4.68 1.96798910748 -0.21546888569
4.685 1.96691038993 -0.216015598859
4.69 1.96582897621 -0.216547474829
4.695 1.96474493873 -0.21706521713
4.7 1.96365834646 -0.217569496781
4.705 1.96256926511 -0.218060953761
4.71 1.96147775727 -0.21854019845
4.715 1.96038388251 -0.219007812777
4.72 1.95928769759 -0.219464351891
4.725 1.95818925655 -0.219910345382
4.73 1.95708861086 -0.220346298496
4.735 1.95598580949 -0.220772693091
4.74 1.95488089909 -0.221189988861
4.745 1.95377392403 -0.221598624475
4.75 1.95266492656 -0.221999018535
4.755 1.95155394691 -0.222391570455
4.76 1.95044102329 -0.222776661274
4.765 1.94932619211 -0.223154654725
4.77 1.94820948798 -0.223525897993
4.775 1.94709094383 -0.223890722489
4.78 1.94597059093 -0.224249444439
4.785 1.94484845904 -0.224602365766
4.79 1.94372457645 -0.224949774754
4.795 1.94259897002 -0.225291946687
4.8 1.94147166527 -0.225629144321
4.805 1.94034268645 -0.225961618602
4.81 1.93921205655 -0.226289609198
4.815 1.93807979744 -0.22661334504
4.82 1.93694592983 -0.226933044775
4.825 1.93581047336 -0.22724891716
4.83 1.93467344667 -0.22756116173
4.835 1.93353486742 -0.227869969172
4.84 1.93239475236 -0.228175521768
4.845 1.93125311732 -0.228477993708
4.85 1.93010997728 -0.228777551178
4.855 1.9289653464 -0.229074353182
4.86 1.92781923809 -0.22936855174
4.865 1.92667166499 -0.229660292185
4.87 1.92552263904 -0.229949713478
4.875 1.92437217152 -0.230236948531
4.88 1.92322027303 -0.230522124419
4.885 1.92206695357 -0.230805362636
4.89 1.92091222251 -0.231086779325
4.895 1.91975608866 -0.231366485533
4.9 1.91859856034 -0.231644587885
4.905 1.9174396453 -0.231921188315
4.91 1.91627935083 -0.232196384267
4.915 1.91511768368 -0.232470268955
4.92 1.91395465019 -0.232742931537
4.925 1.91279025626 -0.233014457676
4.93 1.91162450738 -0.233284929397
4.935 1.91045740861 -0.233554425129
4.94 1.90928896466 -0.233823019957
4.945 1.90811917981 -0.234090785742
4.95 1.90694805806 -0.234357791548
4.955 1.90577560305 -0.23462410364
4.96 1.90460181809 -0.234889785409
4.965 1.90342670617 -0.235154897597
4.97 1.90225026999 -0.235419498399
4.975 1.90107251195 -0.23568364374
4.98 1.89989343421 -0.2359473874
4.985 1.89871303866 -0.236210780865
4.99 1.89753132692 -0.236473873529
4.995 1.89634830036 -0.236736712774
5.0 1.89516396014 -0.236999344158
5.005 1.8939783072 -0.237261811595
5.01 1.89279134226 -0.23752415714
5.015 1.89160306581 -0.237786421177
5.02 1.89041347817 -0.238048642477
5.025 1.88922257944 -0.238310858258
5.03 1.88803036955 -0.23857310442
5.035 1.88683684828 -0.238835415759
5.04 1.88564201523 -0.239097825563
5.045 1.88444586982 -0.239360365856
5.05 1.88324841132 -0.239623067456
5.055 1.88204963883 -0.239885960012
5.06 1.88084955134 -0.24014907217
5.065 1.87964814769 -0.240412431683
5.07 1.87844542657 -0.240676065199
5.075 1.87724138654 -0.240939998407
5.08 1.87603602606 -0.241204256082
5.085 1.87482934341 -0.241468862111
5.09 1.87362133681 -0.241733839631
5.095 1.87241200436 -0.241999211115
5.1 1.87120134401 -0.242264998188
5.105 1.86998935366 -0.242531221752
5.11 1.86877603105 -0.242797902016
5.115 1.86756137386 -0.243065058519
5.12 1.86634537964 -0.243332710243
5.125 1.86512804589 -0.243600875669
5.13 1.86390936999 -0.243869572637
5.135 1.86268934925 -0.244138818448
5.14 1.86146798087 -0.244408629881
5.145 1.86024526198 -0.244679023219
5.15 1.85902118964 -0.244950014317
5.155 1.85779576082 -0.245221618637
5.16 1.85656897241 -0.245493851169
5.165 1.85534082124 -0.245766726499
5.17 1.85411130406 -0.246040258821
5.175 1.85288041754 -0.246314461949
5.18 1.8516481583 -0.246589349416
5.185 1.85041452288 -0.246864934376
5.19 1.84917950777 -0.247141229744
5.195 1.84794310938 -0.247418248071
5.2 1.84670532407 -0.247696001625
5.205 1.84546614812 -0.247974502393
5.21 1.84422557778 -0.248253762162
5.215 1.84298360923 -0.248533792498
5.22 1.84174023857 -0.248814604685
5.225 1.84049546189 -0.249096209771
5.23 1.83924927518 -0.249378618589
5.235 1.83800167439 -0.249661841756
5.24 1.83675265541 -0.24994588969
5.245 1.83550221411 -0.250230772632
5.25 1.83425034627 -0.250516500786
5.255 1.83299704765 -0.250803084141
5.26 1.83174231395 -0.251090532517
5.265 1.83048614083 -0.251378855598
5.27 1.82922852388 -0.251668062946
5.275 1.82796945866 -0.251958164011
5.28 1.82670894069 -0.25224916814
5.285 1.82544696543 -0.252541084509
5.29 1.82418352829 -0.2528339221
5.295 1.82291862462 -0.253127689898
5.3 1.82165224977 -0.253422396808
5.305 1.82038439902 -0.253718051665
5.31 1.8191150676 -0.254014663239
5.315 1.81784425073 -0.254312240246
5.32 1.81657194356 -0.254610791345
5.325 1.81529814119 -0.254910324932
5.33 1.81402283867 -0.255210849405
5.335 1.81274603103 -0.255512373171
5.34 1.81146771325 -0.255814904593
5.345 1.81018788027 -0.256118452002
5.35 1.80890652701 -0.256423023697
5.355 1.80762364831 -0.256728627956
5.36 1.806339239 -0.25703527299
5.365 1.80505329385 -0.257342966873
5.37 1.80376580758 -0.257651717745
5.375 1.80247677489 -0.257961533736
5.38 1.80118619044 -0.258272422963
5.385 1.79989404884 -0.25858439354
5.39 1.79860034467 -0.258897453578
5.395 1.79730507247 -0.259211611189
5.4 1.79600822672 -0.259526874385
5.405 1.79470980187 -0.259843251183
5.41 1.79340979234 -0.260160749641
5.415 1.79210819249 -0.260479377828
5.42 1.79080499665 -0.26079914382
5.425 1.78950019912 -0.26112005571
5.43 1.78819379416 -0.261442121604
5.435 1.78688577597 -0.261765349608
5.44 1.78557613872 -0.26208974775
5.445 1.78426487652 -0.262415324146
5.45 1.78295198347 -0.262742086942
5.455 1.78163745361 -0.263070044314
5.46 1.78032128097 -0.263399204464
5.465 1.77900345949 -0.263729575628
5.47 1.77768398312 -0.264061166079
5.475 1.77636284574 -0.264393984127
5.48 1.7750400412 -0.264728038125
5.485 1.77371556329 -0.265063336353
5.49 1.77238940576 -0.26539988709
5.495 1.77106156232 -0.265737698739
5.5 1.76973202666 -0.266076779741
5.505 1.76840079239 -0.266417138577
5.51 1.76706785311 -0.266758783777
5.515 1.76573320238 -0.267101723914
5.52 1.76439683369 -0.267445967611
5.525 1.76305874051 -0.267791523542
5.53 1.76171891627 -0.268138400426
5.535 1.76037735432 -0.268486606951
5.54 1.75903404799 -0.2688361519
5.545 1.75768899056 -0.269187044122
5.55 1.75634217529 -0.269539292522
5.555 1.75499359536 -0.26989290606
5.56 1.75364324392 -0.270247893756
5.565 1.7522911141 -0.270604264689
5.57 1.75093719894 -0.270962028
5.575 1.74958149148 -0.271321192894
5.58 1.74822398467 -0.271681768616
5.585 1.74686467143 -0.272043764441
5.59 1.74550354464 -0.272407189746
5.595 1.74414059713 -0.272772053972
5.6 1.74277582167 -0.273138366631
5.605 1.74140921101 -0.273506137299
5.61 1.74004075782 -0.273875375629
5.615 1.73867045476 -0.27424609134
5.62 1.73729829441 -0.274618294229
5.625 1.73592426932 -0.274991994164
5.63 1.73454837196 -0.275367201055
5.635 1.73317059478 -0.275743924897
5.64 1.73179093017 -0.276122175771
5.645 1.73040937045 -0.276501963837
5.65 1.72902590794 -0.276883299335
5.655 1.72764053485 -0.277266192583
5.66 1.72625324338 -0.277650653981
5.665 1.72486402566 -0.278036694014
5.67 1.72347287378 -0.278424323249
5.675 1.72207977959 -0.278813552917
5.68 1.72068473548 -0.279204392328
5.685 1.71928773309 -0.27959685325
5.69 1.71788876429 -0.27999094656
5.695 1.7164878209 -0.280386683235
5.7 1.7150848947 -0.280784074351
5.705 1.71367997737 -0.28118313108
5.71 1.71227306057 -0.281583864696
5.715 1.71086413589 -0.281986286569
5.72 1.70945319486 -0.282390408169
5.725 1.70804022894 -0.282796241078
5.73 1.70662522953 -0.283203796977
5.735 1.70520818799 -0.283613087639
5.74 1.70378909562 -0.284024124934
5.745 1.70236794364 -0.284436920833
5.75 1.70094472325 -0.284851487406
5.755 1.69951942556 -0.28526783682
5.76 1.69809204164 -0.285685981344
5.765 1.6966625625 -0.286105933344
5.77 1.69523097908 -0.286527705287
5.775 1.69379728229 -0.286951309742
5.78 1.69236146284 -0.287376759587
5.785 1.69092351145 -0.287804067761
5.79 1.68948341878 -0.288233247219
5.795 1.68804117545 -0.288664311022
5.8 1.68659677202 -0.289097272339
5.805 1.68515019898 -0.289532144445
5.81 1.68370144675 -0.289968940719
5.815 1.68225050572 -0.290407674651
5.82 1.68079736618 -0.290848359834
5.825 1.6793420184 -0.291291009969
5.83 1.67788445254 -0.291735638885
5.835 1.67642465855 -0.292182260974
5.84 1.67496262635 -0.29263089059
5.845 1.67349834589 -0.293081542051
5.85 1.67203180701 -0.2935342298
5.855 1.67056299952 -0.293988968402
5.86 1.66909191314 -0.294445772541
5.865 1.66761853753 -0.294904657026
5.87 1.66614286228 -0.295365636786
5.875 1.66466487692 -0.295828726873
5.88 1.66318457091 -0.296293942458
5.885 1.66170193361 -0.29676129888
5.89 1.66021695412 -0.297230812133
5.895 1.65872962156 -0.297702498099
5.9 1.65723992501 -0.29817637266
5.905 1.65574785352 -0.298652451837
5.91 1.65425339602 -0.299130751789
5.915 1.65275654139 -0.299611288818
5.92 1.65125727844 -0.300094079361
5.925 1.64975559589 -0.300579139996
5.93 1.6482514824 -0.30106648744
5.935 1.64674492655 -0.301556138549
5.94 1.6452359176 -0.302048108475
5.945 1.64372444181 -0.302542419629
5.95 1.64221048859 -0.303039086708
5.955 1.64069404609 -0.303538127451
5.96 1.63917510239 -0.304039559742
5.965 1.63765364548 -0.30454340161
5.97 1.63612966327 -0.305049671232
5.975 1.63460314361 -0.305558386932
5.98 1.63307407425 -0.306069567186
5.985 1.63154244288 -0.306583230623
5.99 1.63000823709 -0.307099396026
5.995 1.62847144436 -0.307618082449
6.0 1.62693205181 -0.308139309752
6.005 1.62539004665 -0.308663097549
6.01 1.62384541605 -0.309189465542
6.015 1.62229814705 -0.309718433629
6.02 1.62074822661 -0.310250021903
6.025 1.61919564161 -0.310784250658
6.03 1.61764037879 -0.311321140392
6.035 1.61608242482 -0.311860711808
6.04 1.61452176627 -0.312402985817
6.045 1.61295838957 -0.312947983545
6.05 1.61139228107 -0.313495726333
6.055 1.60982342703 -0.314046235739
6.06 1.60825181356 -0.314599533544
6.065 1.60667742669 -0.315155641819
6.07 1.60510025225 -0.315714583021
6.075 1.60352027603 -0.316276379698
6.08 1.60193748369 -0.316841054636
6.085 1.60035186078 -0.317408630861
6.09 1.59876339274 -0.317979131655
6.095 1.59717206487 -0.318552580548
6.1 1.59557786236 -0.31912900133
6.105 1.59398077029 -0.319708418049
6.11 1.5923807736 -0.320290855019
6.115 1.5907778571 -0.320876336817
6.12 1.58917200549 -0.321464888296
6.125 1.58756320334 -0.322056534579
6.13 1.58595143509 -0.322651301067
6.135 1.58433668508 -0.323249213293
6.14 1.58271893758 -0.323850296949
6.145 1.58109817667 -0.324454578184
6.15 1.57947438629 -0.325062083427
6.155 1.57784755026 -0.325672839389
6.16 1.57621765225 -0.32628687307
6.165 1.57458467581 -0.326904211756
6.17 1.57294860435 -0.327524883026
6.175 1.57130942114 -0.328148914753
6.18 1.56966710931 -0.328776335107
6.185 1.56802165187 -0.329407172562
6.19 1.56637303165 -0.330041455891
6.195 1.56472123139 -0.330679214177
6.2 1.56306623365 -0.331320476814
6.205 1.56140802077 -0.331965273836
6.21 1.55974657496 -0.332613635588
6.215 1.55808187833 -0.333265592568
6.22 1.55641391281 -0.33392117561
6.225 1.55474266019 -0.334580415895
6.23 1.55306810212 -0.335243344947
6.235 1.55139022008 -0.335909994641
6.24 1.54970899538 -0.336580397206
6.245 1.54802440921 -0.337254585228
6.25 1.54633644255 -0.337932591654
6.255 1.54464507626 -0.338614449797
6.26 1.54295029103 -0.339300193339
6.265 1.54125206735 -0.339989856332
6.27 1.53955038559 -0.340683473236
6.275 1.53784522576 -0.341381079338
6.28 1.5361365678 -0.342082710132
6.285 1.53442439148 -0.342788401391
6.29 1.53270867642 -0.343498189299
6.295 1.53098940205 -0.344212110454
6.3 1.52926654761 -0.344930201878
6.305 1.52754009216 -0.345652501015
6.31 1.5258100146 -0.346379045743
6.315 1.5240762936 -0.347109874372
6.32 1.52233890769 -0.347845025653
6.325 1.52059783518 -0.348584538781
6.33 1.51885305419 -0.349328453397
6.335 1.51710454266 -0.350076809599
6.34 1.51535227829 -0.350829648034
6.345 1.51359623842 -0.351587010325
6.35 1.51183640027 -0.352348938236
6.355 1.51007274093 -0.353115473949
6.36 1.50830523723 -0.353886660146
6.365 1.50653386583 -0.354662540016
6.37 1.50475860315 -0.355443157259
6.375 1.50297942541 -0.356228556093
6.38 1.50119630859 -0.357018781257
6.385 1.49940922849 -0.357813878022
6.39 1.49761816064 -0.358613892192
6.395 1.49582308038 -0.359418870109
6.4 1.49402396281 -0.360228858665
6.405 1.49222078281 -0.361043905299
6.41 1.49041351494 -0.361864058287
6.415 1.48860213337 -0.362689367104
6.42 1.48678661218 -0.363519881233
6.425 1.48496692521 -0.364355650727
6.43 1.48314304606 -0.365196726254
6.435 1.48131494809 -0.366043159106
6.44 1.47948260437 -0.366895001204
6.445 1.47764598776 -0.36775230511
6.45 1.47580507083 -0.368615124029
6.455 1.4739598259 -0.369483511819
6.46 1.47211022502 -0.370357522997
6.465 1.47025623999 -0.37123721275
6.47 1.46839784232 -0.372122636934
6.475 1.46653500328 -0.373013852092
6.48 1.46466769366 -0.373910916017
6.485 1.46279588388 -0.374813887647
6.49 1.46091954424 -0.375722826006
6.495 1.45903864476 -0.37663779087
6.5 1.45715315515 -0.377558842774
6.505 1.45526304484 -0.378486043026
6.51 1.45336828295 -0.379419453715
6.515 1.45146883828 -0.380359137723
6.52 1.44956467934 -0.381305158726
6.525 1.44765577432 -0.382257581212
6.53 1.4457420911 -0.383216470486
6.535 1.44382359724 -0.38418189268
6.54 1.44190025998 -0.38515391476
6.545 1.43997204624 -0.386132604548
6.55 1.43803892235 -0.387118031587
6.555 1.43610085432 -0.38811026633
6.56 1.43415780792 -0.389109379706
6.565 1.43220974859 -0.390115443595
6.57 1.43025664139 -0.39112853084
6.575 1.42829845101 -0.392148715261
6.58 1.4263351418 -0.393176071666
6.585 1.42436667771 -0.394210675867
6.59 1.42239302234 -0.395252604688
6.595 1.42041413889 -0.396301935982
6.6 1.41842999019 -0.397358748643
6.605 1.41644053859 -0.398423122894
6.61 1.41444574598 -0.399495140328
6.615 1.41244557392 -0.400574883302
6.62 1.41043998358 -0.401662435294
6.625 1.4084289357 -0.402757880922
6.63 1.40641239063 -0.40386130596
6.635 1.40439030826 -0.404972797354
6.64 1.40236264808 -0.406092443231
6.645 1.40032936913 -0.407220332922
6.65 1.39829043002 -0.40835655697
6.655 1.39624578892 -0.409501207146
6.66 1.39419540346 -0.410654376773
6.665 1.3921392306 -0.411816161457
6.67 1.39007722698 -0.412986657376
6.675 1.38800934881 -0.414165961981
6.68 1.38593555179 -0.415354174099
6.685 1.38385579115 -0.41655139396
6.69 1.38177002163 -0.417757723208
6.695 1.37967819745 -0.418973264925
6.7 1.37758027233 -0.420198123645
6.705 1.37547619948 -0.421432405377
6.71 1.37336593159 -0.422676217621
6.715 1.3712494208 -0.423929669518
6.72 1.36912661837 -0.425192873001
6.725 1.3669974752 -0.426465941009
6.73 1.36486194167 -0.427748987859
6.735 1.3627199676 -0.42904212954
6.74 1.36057150224 -0.430345483734
6.745 1.35841649425 -0.431659169839
6.75 1.35625489171 -0.432983308994
6.755 1.3540866421 -0.434318024099
6.76 1.3519116923 -0.43566343984
6.765 1.34972998857 -0.437019682715
6.77 1.34754147658 -0.438386881076
6.775 1.34534610096 -0.439765166581
6.78 1.34314380579 -0.441154672686
6.785 1.3409345346 -0.442555534192
6.79 1.33871823029 -0.44396788793
6.795 1.33649483506 -0.445391872799
6.8 1.33426429043 -0.446827629786
6.805 1.33202653722 -0.448275302
6.81 1.32978151556 -0.4497350347
6.815 1.32752916486 -0.451206975322
6.82 1.3252694238 -0.45269127351
6.825 1.32300223036 -0.454188081142
6.83 1.32072752151 -0.455697553355
6.835 1.31844523329 -0.457219848509
6.84 1.31615530117 -0.45875512643
6.845 1.31385765984 -0.460303549459
6.85 1.31155224314 -0.461865282499
6.855 1.30923898413 -0.463440493054
6.86 1.30691781502 -0.46502935127
6.865 1.30458866717 -0.466632029973
6.87 1.30225147108 -0.468248704711
6.875 1.29990615631 -0.469879554144
6.88 1.29755265138 -0.47152476035
6.885 1.29519088404 -0.473184507795
6.89 1.2928207811 -0.474858983889
6.895 1.29044226849 -0.476548379042
6.9 1.28805527115 -0.478252886721
6.905 1.28565971308 -0.479972703485
6.91 1.28325551731 -0.481708029036
6.915 1.28084260591 -0.483459066262
6.92 1.27842089981 -0.485226021813
6.925 1.27599031861 -0.487009107205
6.93 1.27355078108 -0.48880853631
6.935 1.27110220497 -0.490624526431
6.94 1.26864450695 -0.492457298465
6.945 1.26617760258 -0.494307076961
6.95 1.26370140631 -0.496174090174
6.955 1.26121583148 -0.498058570127
6.96 1.25872079028 -0.499960752658
6.965 1.25621619364 -0.501880877869
6.97 1.25370195093 -0.503819191703
6.975 1.2511779705 -0.505775943145
6.98 1.24864415955 -0.507751385195
6.985 1.24610042399 -0.50974577515
6.99 1.24354666848 -0.511759374679
6.995 1.24098279638 -0.513792449891
7.0 1.23840870972 -0.5158452714
7.005 1.23582430923 -0.517918114398
7.01 1.2332294942 -0.520011259011
7.015 1.23062416203 -0.522124992583
7.02 1.22800820893 -0.524259606301
7.025 1.22538152976 -0.52641539599
7.03 1.22274401791 -0.528592662648
7.035 1.22009556529 -0.530791712528
7.04 1.21743606227 -0.533012857225
7.045 1.2147653977 -0.535256413757
7.05 1.21208345888 -0.537522704652
7.055 1.2093901315 -0.539812058182
7.06 1.20668529909 -0.542124810838
7.065 1.20396884367 -0.544461304542
7.07 1.20124064564 -0.546821886772
7.075 1.19850058369 -0.549206911312
7.08 1.19574853473 -0.551616738367
7.085 1.19298437388 -0.554051734675
7.09 1.19020797444 -0.556512273618
7.095 1.18741920775 -0.558998735837
7.1 1.18461794299 -0.561511510064
7.105 1.18180404762 -0.564050991355
7.11 1.17897738711 -0.566617582004
7.115 1.17613782493 -0.56921169172
7.12 1.17328522254 -0.571833737757
7.125 1.17041943931 -0.574484145038
7.13 1.16754033252 -0.577163346332
7.135 1.16464775687 -0.579871784673
7.14 1.16174156483 -0.582609911382
7.145 1.15882160682 -0.585378185396
7.15 1.15588773098 -0.588177074344
7.155 1.1529397831 -0.591007054695
7.16 1.14997760663 -0.593868611917
7.165 1.1470010426 -0.596762240633
7.17 1.14400992949 -0.599688445456
7.175 1.14100410271 -0.602647743325
7.18 1.13798339542 -0.605640659554
7.185 1.13494763821 -0.608667729391
7.19 1.13189665901 -0.611729498449
7.195 1.12883028304 -0.614826522894
7.2 1.12574833275 -0.617959369631
7.205 1.12265062782 -0.621128616493
7.21 1.11953698457 -0.624334855078
7.215 1.11640721615 -0.627578689559
7.22 1.11326113306 -0.630860734421
7.225 1.11009854273 -0.634181616339
7.23 1.10691924945 -0.637541974404
7.235 1.10372305438 -0.640942460346
7.24 1.10050975544 -0.644383738763
7.245 1.09727914717 -0.647866487961
7.25 1.0940310199 -0.651391404115
7.255 1.09076516087 -0.654959195487
7.26 1.08748135393 -0.658570584054
7.265 1.08417937933 -0.662226306446
7.27 1.08085901365 -0.665927114217
7.275 1.07752002978 -0.669673774115
7.28 1.07416219682 -0.67346706836
7.285 1.07078527958 -0.67730779733
7.29 1.06738903834 -0.681196780581
7.295 1.06397322975 -0.685134852508
7.3 1.06053760624 -0.689122864976
7.305 1.05708191598 -0.693161687694
7.31 1.05360590281 -0.697252208575
7.315 1.05010930601 -0.701395334758
7.32 1.04659185995 -0.705591994421
7.325 1.04305329458 -0.70984313426
7.33 1.03949333514 -0.714149720934
7.335 1.03591170206 -0.718512741574
7.34 1.03230811086 -0.722933204176
7.345 1.02868227198 -0.727412138589
7.35 1.02503388996 -0.731950600745
7.355 1.02136266435 -0.73654966774
7.36 1.01766828942 -0.741210439391
7.365 1.01395045395 -0.745934039291
7.37 1.01020884116 -0.750721615282
7.375 1.00644312849 -0.755574340112
7.38 1.00265298682 -0.760493416046
7.385 0.998838081088 -0.76548007126
7.39 0.994998070291 -0.770535559791
7.395 0.991132607177 -0.775661163261
7.4 0.987241338114 -0.780858191439
7.405 0.983323902975 -0.786127982803
7.41 0.979379934281 -0.791471909053
7.415 0.975409057394 -0.79689137401
7.42 0.97141089107 -0.802387810677
7.425 0.967385046904 -0.807962684118
7.43 0.963331129194 -0.81361749212
7.435 0.959248734815 -0.819353765845
7.44 0.955137452534 -0.825173073347
7.445 0.950996862453 -0.831077022507
7.45 0.946826537262 -0.83706725436
7.455 0.942626041463 -0.843145447159
7.46 0.938394931199 -0.849313317238
7.465 0.934132754094 -0.855572619787
7.47 0.929839048761 -0.861925151396
7.475 0.925513343562 -0.868372756496
7.48 0.921155158321 -0.874917318387
7.485 0.916764003543 -0.881560763262
7.49 0.912339380129 -0.888305061668
7.495 0.907880779197 -0.895152229417
7.5 0.903387681734 -0.90210432933
7.505 0.898859556866 -0.909163480109
7.51 0.894295863621 -0.916331847286
7.515 0.889696050472 -0.923611645503
7.52 0.885059554846 -0.931005141063
7.525 0.880385802905 -0.938514652997
7.53 0.875674209305 -0.946142554294
7.535 0.870924175571 -0.953891280051
7.54 0.866135090858 -0.961763323673
7.545 0.861306332212 -0.969761235538
7.55 0.856437263865 -0.977887626586
7.555 0.851527236958 -0.986145169655
7.56 0.846575588721 -0.994536603393
7.565 0.841581642405 -1.00306473264
7.57 0.836544707456 -1.01173242782
7.575 0.831464078958 -1.02054262755
7.58 0.82633903735 -1.02949834008
7.585 0.821168847311 -1.03860264855
7.59 0.815952757336 -1.04785871304
7.595 0.810690000641 -1.05726976651
7.6 0.80537979424 -1.06683911918
7.605 0.800021338612 -1.07657016013
7.61 0.794613816745 -1.08646636155
7.615 0.789156393219 -1.09653128275
7.62 0.783648215385 -1.10676856558
7.625 0.778088412345 -1.11718193894
7.63 0.772476094569 -1.1277752206
7.635 0.766810353012 -1.13855232084
7.64 0.761090257729 -1.14951724794
7.645 0.755314859336 -1.16067410332
7.65 0.749483187933 -1.17202708594
7.655 0.743594252615 -1.18358049449
7.66 0.737647040564 -1.19533873076
7.665 0.731640515801 -1.20730630395
7.67 0.725573619748 -1.21948782992
7.675 0.719445271109 -1.23188803222
7.68 0.713254364912 -1.24451174566
7.685 0.706999771811 -1.25736391877
7.69 0.700680336062 -1.2704496185
7.695 0.694294876934 -1.28377402917
7.7 0.687842187757 -1.2973424555
7.705 0.68132103512 -1.3111603252
7.71 0.674730158259 -1.32523319145
7.715 0.668068268314 -1.33956673436
7.72 0.661334047309 -1.35416676037
7.725 0.65452614803 -1.36903920931
7.73 0.647643193135 -1.38419015535
7.735 0.640683774401 -1.39962580911
7.74 0.633646451966 -1.41535252003
7.745 0.626529754158 -1.43137677405
7.75 0.619332177638 -1.44770518855
7.755 0.612052184788 -1.46434452928
7.76 0.604688203689 -1.48130170629
7.765 0.597238627421 -1.49858377535
7.77 0.589701813294 -1.51619793962
7.775 0.582076082538 -1.5341515429
7.78 0.574359719762 -1.55245206686
7.785 0.566550971317 -1.57110714779
7.79 0.558648044916 -1.59012457068
7.795 0.550649108872 -1.60951227021
7.8 0.542552291726 -1.62927831732
7.805 0.534355681456 -1.64943092124
7.81 0.52605732441 -1.66997844159
7.815 0.517655224744 -1.69092938199
7.82 0.509147343921 -1.71229237329
7.825 0.500531599937 -1.73407617685
7.83 0.491805866441 -1.75628969446
7.835 0.482967972115 -1.77894196043
7.84 0.474015700647 -1.80204211036
7.845 0.464946789789 -1.82559938949
7.85 0.455758930326 -1.84962316525
7.855 0.446449765645 -1.87412291338
7.86 0.437016892236 -1.89910817929
7.865 0.427457858825 -1.92458858035
7.87 0.417770165338 -1.95057381356
7.875 0.407951263344 -1.97707362518
7.88 0.397998555808 -2.00409779697
7.885 0.387909396004 -2.03165614984
7.89 0.377681088242 -2.05975850802
7.895 0.367310888736 -2.08841465977
7.9 0.356796003658 -2.11763438211
7.905 0.34613359027 -2.14742739791
7.91 0.335320759078 -2.17780331546
7.915 0.324354571406 -2.20877165615
7.92 0.313232040688 -2.24034181112
7.925 0.301950136097 -2.27252295555
7.93 0.290505780006 -2.30532407619
7.935 0.278895849132 -2.33875393159
7.94 0.267117179304 -2.37282095065
7.945 0.255166564699 -2.40753322589
7.95 0.243040759285 -2.4428984708
7.955 0.230736480644 -2.47892393914
7.96 0.218250409603 -2.51561640849
7.965 0.205579195605 -2.5529820757
7.97 0.192719459096 -2.59102649843
7.975 0.179667792565 -2.62975455864
7.98 0.166420768579 -2.66917032304
7.985 0.152974939718 -2.70927701963
7.99 0.139326844464 -2.75007693121
7.995 0.125473014853 -2.79157126488
8.0 0.111409976457 -2.83376012624
8.005 0.0971342596745 -2.87664234505
8.01 0.0826424041838 -2.92021538856
8.015 0.0679309630377 -2.96447528109
8.02 0.0529965171924 -3.009416397
8.025 0.0378356776786 -3.05503140018
8.03 0.0224450960372 -3.10131108988
8.035 0.00682147647354 -3.14824423466
8.04 -0.00903841498732 -3.19581742265
8.045 -0.0251377393662 -3.24401491156
8.05 -0.0414795746082 -3.29281849882
8.055 -0.0580669000251 -3.3422072974
8.06 -0.0749025834436 -3.39215758436
8.065 -0.0919893667437 -3.44264262992
8.07 -0.109329850587 -3.49363249008
8.075 -0.126926477243 -3.5450938337
8.08 -0.144781513048 -3.5969897509
8.085 -0.162897030995 -3.64927954259
8.09 -0.181274890496 -3.70191855283
8.095 -0.199916717209 -3.75485796732
8.1 -0.218823882202 -3.80804459989
8.105 -0.237997479297 -3.86142075473
8.11 -0.257438302002 -3.91492401992
8.115 -0.277146819524 -3.96848707239
8.12 -0.297123152411 -4.02203759469
8.125 -0.317367046387 -4.07549807322
8.13 -0.337877845843 -4.12878565271
8.135 -0.358654468799 -4.18181213506
8.14 -0.379695377635 -4.23448379929
8.145 -0.400998551388 -4.28670134647
8.15 -0.422561461308 -4.33836000759
8.155 -0.444381038887 -4.38934941376
8.16 -0.466453648654 -4.4395536692
8.165 -0.488775065472 -4.48885158485
8.17 -0.511340443687 -4.5371167156
8.175 -0.534144293343 -4.58421759095
8.18 -0.557180454015 -4.63001794723
8.185 -0.58044207235 -4.67437706681
8.19 -0.60392158317 -4.71715021658
8.195 -0.627610685616 -4.75818901493
8.2 -0.65150033188 -4.79734202188
8.205 -0.675580708121 -4.83445528103
8.21 -0.699841227102 -4.86937301436
8.215 -0.724270519793 -4.90193835741
8.22 -0.748856429837 -4.93199414824
8.225 -0.773586019439 -4.9593838246
8.23 -0.798445567946 -4.98395235793
8.235 -0.823420588285 -5.00554723817
8.24 -0.848495837757 -5.02401956103
8.245 -0.873655341065 -5.03922508791
8.25 -0.898882416947 -5.0510253927
8.255 -0.924159704253 -5.05928913512
8.26 -0.949469208029 -5.06389305377
8.265 -0.974792342687 -5.06472319964
8.27 -1.00010997719 -5.06167613248
8.275 -1.02540248966 -5.05466008332
8.28 -1.05064983086 -5.04359601305
8.285 -1.07583159207 -5.02841854464
8.29 -1.10092707438 -5.00907705527
8.295 -1.12591536211 -4.98553637249
8.3 -1.15077540608 -4.95777767696
8.305 -1.17548610283 -4.92579892578
8.31 -1.20002638471 -4.88961550032
8.315 -1.22437530202 -4.84926037521
8.32 -1.2485121171 -4.80478439163
8.325 -1.27241638894 -4.7562561747
8.33 -1.2960680652 -4.70376198506
8.335 -1.31944756797 -4.64740536961
8.34 -1.34253587817 -4.58730660749
8.345 -1.36531462095 -4.52360205519
8.35 -1.38776613811 -4.45644326429
8.355 -1.4098735695 -4.38599598347
8.36 -1.4316209122 -4.31243905264
8.365 -1.45299309205 -4.23596306751
8.37 -1.47397601061 -4.1567691257
8.375 -1.49455660113 -4.07506723958
8.38 -1.51472286409 -3.99107496556
8.385 -1.53446390436 -3.90501570817
8.39 -1.55376995499 -3.8171172436
8.395 -1.5726323951 -3.72761007059
8.4 -1.59104376054 -3.63672584982
8.405 -1.60899774455 -3.54469592845
8.41 -1.62648919341 -3.45174974963
8.415 -1.6435140934 -3.35811361656
8.42 -1.66006955045 -3.26400917907
8.425 -1.67615376652 -3.16965241816
8.43 -1.69176600446 -3.07525234966
8.435 -1.70690655544 -2.98101018636
8.44 -1.72157669266 -2.8871183509
8.445 -1.73577863022 -2.79375980186
8.45 -1.74951547028 -2.70110737691
8.455 -1.76279115378 -2.60932330118
8.46 -1.7756104054 -2.51855882438
8.465 -1.78797867719 -2.42895394427
8.47 -1.79990209448 -2.34063727071
8.475 -1.81138739458 -2.25372598902
8.48 -1.82244187523 -2.16832588377
8.485 -1.83307333181 -2.08453153425
8.49 -1.84329000788 -2.00242646125
8.495 -1.85310053511 -1.92208350291
8.5 -1.86251388528 -1.84356507673
8.505 -1.8715393157 -1.76692366361
8.51 -1.88018632295 -1.69220218387
8.515 -1.88846459499 -1.61943452326
8.52 -1.89638396761 -1.5486460116
8.525 -1.90395438325 -1.47985394524
8.53 -1.91118585141 -1.41306814376
8.535 -1.91808841357 -1.34829144071
8.54 -1.92467210861 -1.28552029651
8.545 -1.93094694263 -1.224745265
8.55 -1.93692286183 -1.16595150798
8.555 -1.94260972659 -1.1091193172
8.56 -1.94801728545 -1.05422468659
8.565 -1.9531551568 -1.00123971809
8.57 -1.95803281244 -0.950133033313
8.575 -1.96265955995 -0.900870238243
8.58 -1.96704452687 -0.853414373109
8.585 -1.97119665032 -0.807726251022
8.59 -1.97512466723 -0.763764806629
8.595 -1.97883710515 -0.721487443093
8.6 -1.98234227538 -0.680850342876
8.605 -1.98564826778 -0.641808742525
8.61 -1.98876294638 -0.604317197503
8.615 -1.99169394676 -0.568329816277
8.62 -1.99444867456 -0.533800475799
8.625 -1.99703430462 -0.500683015105
8.63 -1.99945778118 -0.468931412256
8.635 -2.00172581901 -0.43849993786
8.64 -2.00384490539 -0.409343293702
8.645 -2.0058213022 -0.38141673329
8.65 -2.00766104942 -0.354676170205
8.655 -2.00936996837 -0.329078268643
8.66 -2.01095366572 -0.304580522059
8.665 -2.01241753789 -0.281141320989
8.67 -2.01376677547 -0.258720007931
8.675 -2.01500636836 -0.237276922384
8.68 -2.01614111072 -0.216773437643
8.685 -2.01717560614 -0.197171988837
8.69 -2.0181142732 -0.178436091893
8.695 -2.01896135068 -0.16053035917
8.7 -2.01972090325 -0.143420505008
8.705 -2.0203968269 -0.127073348498
8.71 -2.02099285442 -0.111456811839
8.715 -2.02151256105 -0.0965399110166
8.72 -2.02195936975 -0.082292747964
8.725 -2.02233655669 -0.0686864950958
8.73 -2.02264725658 -0.0556933789174
8.735 -2.0228944678 -0.0432866625485
8.74 -2.0230810577 -0.0314406221496
8.745 -2.02320976739 -0.0201305280437
8.75 -2.02328321669 -0.00933262085758
8.755 -2.0233039092 0.00097591912944
8.76 -2.02327423662 0.0108169916848
8.765 -2.02319648337 0.0202116034823
8.77 -2.02307283108 0.0291798989586
8.775 -2.02290536274 0.0377411830637
8.78 -2.02269606678 0.0459139485637
8.785 -2.02244684124 0.0537159070568
8.79 -2.02215949746 0.0611640120668
8.795 -2.02183576382 0.0682744859359
8.8 -2.02147728941 0.0750628492044
8.805 -2.02108564741 0.0815439437903
8.81 -2.02066233841 0.0877319585787
8.815 -2.02020879365 0.0936404566005
8.82 -2.01972637809 0.0992823974367
8.825 -2.01921639329 0.104670161059
8.83 -2.01868008036 0.1098155729
8.835 -2.01811862263 0.11472992482
8.84 -2.01753314822 0.11942399703
8.845 -2.01692473261 0.123908080588
8.85 -2.016294401 0.128191996923
8.855 -2.0156431306 0.132285117759
8.86 -2.01497185289 0.136196385511
8.865 -2.01428145562 0.139934330489
8.87 -2.01357278491 0.143507088549
8.875 -2.0128466471 0.146922418999
8.88 -2.01210381071 0.150187723197
8.885 -2.01134500809 0.153310057543
8.89 -2.01057093714 0.1562961495
8.895 -2.00978226292 0.159152413101
8.9 -2.00897961914 0.161884963202
8.905 -2.0081636097 0.164499628037
8.91 -2.00733481003 0.167001962484
8.915 -2.00649376843 0.169397261406
8.92 -2.00564100736 0.171690571015
8.925 -2.00477702465 0.173886700046
8.93 -2.00390229465 0.175990230885
8.935 -2.00301726935 0.178005530481
8.94 -2.00212237941 0.179936759911
8.945 -2.0012180352 0.18178788403
8.95 -2.00030462774 0.183562680654
8.955 -1.99938252959 0.185264749318
8.96 -1.99845209572 0.186897519596
8.965 -1.99751366442 0.18846425907
8.97 -1.99656755797 0.189968081
8.975 -1.9956140835 0.191411951602
8.98 -1.99465353363 0.19279869696
8.985 -1.99368618722 0.194131009689
8.99 -1.99271230996 0.195411455085
8.995 -1.99173215502 0.196642477276
9.0 -1.99074596365 0.197826405006
9.005 -1.98975396574 0.198965457068
9.01 -1.98875638032 0.200061747346
9.015 -1.98775341612 0.201117290048
9.02 -1.98674527205 0.202134004436
9.025 -1.98573213769 0.203113719377
9.03 -1.9847141936 0.204058177232
9.035 -1.98369161188 0.204969038261
9.04 -1.98266455653 0.20584788468
9.045 -1.98163318384 0.20669622434
9.05 -1.98059764272 0.207515494077
9.055 -1.97955807505 0.208307062931
9.06 -1.97851461605 0.209072235828
9.065 -1.97746739457 0.209812256519
9.07 -1.97641653341 0.210528310462
9.075 -1.97536214952 0.211221527214
9.08 -1.97430435438 0.211892983568
9.085 -1.9732432542 0.212543706016
9.09 -1.97217895022 0.213174673151
9.095 -1.97111153884 0.213786817613
9.1 -1.97004111192 0.214381028479
9.105 -1.96896775701 0.21495815349
9.11 -1.96789155749 0.215519000964
9.115 -1.96681259284 0.216064341548
9.12 -1.9657309387 0.216594909867
9.125 -1.96464666717 0.217111406571
9.13 -1.96355984695 0.217614499859
9.135 -1.96247054344 0.218104827004
9.14 -1.96137881894 0.218582995554
9.145 -1.96028473277 0.219049585048
9.15 -1.95918834145 0.21950514832
9.155 -1.95808969877 0.219950212764
9.16 -1.95698885598 0.220385281339
9.165 -1.95588586182 0.220810833838
9.17 -1.95478076272 0.221227328077
9.175 -1.95367360289 0.221635200908
9.18 -1.95256442438 0.222034869138
9.185 -1.95145326721 0.22242673037
9.19 -1.95034016945 0.222811164126
9.195 -1.94922516733 0.223188532634
9.2 -1.94810829532 0.223559181648
9.205 -1.94698958616 0.223923441056
9.21 -1.94586907103 0.224281625806
9.215 -1.94474677952 0.224634036591
9.22 -1.9436227398 0.224980960531
9.225 -1.9424969786 0.225322671656
9.23 -1.94136952133 0.22565943166
9.235 -1.94024039211 0.225991490458
9.24 -1.93910961386 0.226319086752
9.245 -1.9379772083 0.226642448497
9.25 -1.93684319606 0.226961793329
9.255 -1.93570759668 0.227277329246
9.26 -1.93457042873 0.227589255011
9.265 -1.93343170979 0.227897760603
9.27 -1.93229145651 0.228203027541
9.275 -1.93114968463 0.228505229004
9.28 -1.93000640905 0.228804530673
9.285 -1.92886164389 0.229101090931
9.29 -1.92771540247 0.229395061179
9.295 -1.92656769737 0.229686586164
9.3 -1.92541854047 0.229975804323
9.305 -1.92426794299 0.230262847989
9.31 -1.92311591547 0.23054784367
9.315 -1.92196246783 0.230830912288
9.32 -1.9208076094 0.23111216947
9.325 -1.91965134898 0.231391726234
9.33 -1.91849369481 0.231669688645
9.335 -1.91733465462 0.231946158105
9.34 -1.9161742356 0.2322212316
9.345 -1.91501244449 0.232495001903
9.35 -1.9138492876 0.232767558174
9.355 -1.91268477079 0.233038985686
9.36 -1.91151889951 0.233309366
9.365 -1.91035167878 0.233578777179
9.37 -1.90918311324 0.233847293938
9.375 -1.90801320721 0.234114988127
9.38 -1.90684196462 0.234381928574
9.385 -1.90566938908 0.234648181143
9.39 -1.90449548387 0.234913808935
9.395 -1.90332025195 0.235178872395
9.4 -1.90214369599 0.235443429671
9.405 -1.9009658184 0.235707536564
9.41 -1.8997866213 0.235971246521
9.415 -1.89860610653 0.236234610803
9.42 -1.89742427569 0.236497678571
9.425 -1.89624113016 0.236760497158
9.43 -1.89505667107 0.237023112077
9.435 -1.89387089934 0.237285566929
9.44 -1.89268381565 0.237547903571
9.445 -1.89149542049 0.237810162176
9.45 -1.89030571413 0.238072381289
9.455 -1.88911469669 0.238334598226
9.46 -1.88792236809 0.238596848961
9.465 -1.88672872809 0.238859167947
9.47 -1.88553377626 0.23912158833
9.475 -1.884337512 0.239384141987
9.48 -1.88313993457 0.239646859581
9.485 -1.88194104307 0.239909770807
9.49 -1.88074083648 0.240172904315
9.495 -1.87953931361 0.240436287637
9.5 -1.87833647315 0.240699947309
9.505 -1.87713231365 0.240963908906
9.51 -1.87592683352 0.241228197075
9.515 -1.87472003109 0.241492835761
9.52 -1.87351190454 0.241757848106
9.525 -1.87230245196 0.242023256404
9.53 -1.8710916713 0.242289082193
9.535 -1.86987956042 0.242555346286
9.54 -1.86866611708 0.242822068798
9.545 -1.86745133893 0.243089269324
9.55 -1.86623522355 0.243356966845
9.555 -1.8650177684 0.243625179708
9.56 -1.86379897087 0.243893925693
9.565 -1.86257882823 0.244163222037
9.57 -1.8613573377 0.244433085457
9.575 -1.8601344964 0.24470353226
9.58 -1.85891030138 0.244974578287
9.585 -1.8576847496 0.245246238911
9.59 -1.85645783795 0.245518529074
9.595 -1.85522956324 0.24579146331
9.6 -1.85399992223 0.246065055815
9.605 -1.85276891156 0.246339320295
9.61 -1.85153652787 0.246614270365
9.615 -1.8503027677 0.246889919156
9.62 -1.8490676275 0.247166279488
9.625 -1.8478311037 0.24744336388
9.63 -1.84659319264 0.247721184568
9.635 -1.84535389061 0.2479997536
9.64 -1.84411319385 0.24827908274
9.645 -1.84287109852 0.248559183476
9.65 -1.84162760074 0.248840067053
9.655 -1.84038269657 0.249121744484
9.66 -1.839136382 0.249404226561
9.665 -1.83788865297 0.249687523861
9.67 -1.83663950538 0.249971646826
9.675 -1.83538893509 0.250256605816
9.68 -1.83413693789 0.250542410945
9.685 -1.83288350952 0.250829072171
9.69 -1.83162864568 0.251116599312
9.695 -1.83037234202 0.251405002056
9.7 -1.82911459413 0.251694289973
9.705 -1.82785539759 0.25198447252
9.71 -1.82659474788 0.252275558892
9.715 -1.82533264045 0.252567558223
9.72 -1.82406907072 0.252860479594
9.725 -1.82280403405 0.253154332
9.73 -1.82153752577 0.253449124361
9.735 -1.82026954117 0.253744865532
9.74 -1.81900007549 0.254041564309
9.745 -1.81772912391 0.254339229341
9.75 -1.81645668158 0.254637869054
9.755 -1.81518274359 0.254937491955
9.76 -1.813907305 0.255238106505
9.765 -1.81263036084 0.255539721117
9.77 -1.8113519061 0.255842344171
9.775 -1.8100719357 0.256145984011
9.78 -1.80879044455 0.256450648953
9.785 -1.8075074275 0.256756347144
9.79 -1.80622287935 0.257063086743
9.795 -1.80493679488 0.257370875923
9.8 -1.80364916882 0.257679722838
9.805 -1.80235999586 0.257989635629
9.81 -1.80106927065 0.25830062243
9.815 -1.79977698782 0.258612691374
9.82 -1.79848314193 0.258925850539
9.825 -1.79718772749 0.259240107911
9.83 -1.795890739 0.259555471553
9.835 -1.79459217091 0.259871949529
9.84 -1.79329201763 0.260189549907
9.845 -1.79199027351 0.260508280765
9.85 -1.79068693291 0.260828150195
9.855 -1.7893819901 0.261149166295
9.86 -1.78807543932 0.261471337077
9.865 -1.78676727478 0.261794670606
9.87 -1.78545749064 0.262119174995
9.875 -1.78414608103 0.262444858379
9.88 -1.78283304002 0.262771728918
9.885 -1.78151836168 0.263099794802
9.89 -1.78020204001 0.263429064252
9.895 -1.77888406897 0.263759545526
9.9 -1.77756444249 0.26409124692
9.905 -1.77624315445 0.264424176703
9.91 -1.77492019868 0.264758343054
9.915 -1.77359556896 0.265093754302
9.92 -1.77226925905 0.265430418815
9.925 -1.77094126266 0.265768345004
9.93 -1.76961157347 0.266107541318
9.935 -1.7682801851 0.266448016252
9.94 -1.76694709115 0.266789778346
9.945 -1.76561228515 0.267132836188
9.95 -1.76427576062 0.267477198416
9.955 -1.76293751101 0.267822873637
9.96 -1.76159752971 0.268169870523
9.965 -1.7602558101 0.268518197826
9.97 -1.7589123455 0.26886786435
9.975 -1.7575671292 0.269218878953
9.98 -1.75622015444 0.269571250548
9.985 -1.75487141441 0.269924988107
9.99 -1.75352090225 0.270280100661
9.995 -1.75216861109 0.270636597303
