0.0 -2.0 0.0
0.005 -1.99997524727 0.00985144505279
0.01 -1.99990196867 0.0194115231096
0.015 -1.9997816015 0.0286887013196
0.02 -1.99961553891 0.0376912375798
0.025 -1.99940513386 0.0464272004842
0.03 -1.99915169891 0.0549044625518
0.035 -1.99885650803 0.0631307059029
0.04 -1.99852079784 0.071113425074
0.045 -1.99814576759 0.0788599244164
0.05 -1.99773258081 0.0863773226013
0.055 -1.99728236634 0.0936725553309
0.06 -1.99679621662 0.10075237112
0.065 -1.99627519248 0.107623343975
0.07 -1.99572032305 0.114291873134
0.075 -1.99513260301 0.120764176116
0.08 -1.99451300001 0.127046311352
0.085 -1.99386244961 0.133144162352
0.09 -1.99318185784 0.139063446744
0.095 -1.99247210538 0.144809731377
0.1 -1.99173404152 0.150388410038
0.105 -1.99096849341 0.155804740134
0.11 -1.99017625897 0.161063814161
0.115 -1.98935811078 0.166170575465
0.12 -1.98851479922 0.17112983276
0.125 -1.98764705023 0.175946249783
0.13 -1.98675556676 0.18062435217
0.135 -1.98584102866 0.185168528943
0.14 -1.98490409556 0.189583042854
0.145 -1.98394540634 0.193872029802
0.15 -1.9829655776 0.19803949371
0.155 -1.98196520724 0.202089320871
0.16 -1.98094487405 0.20602527954
0.165 -1.97990513803 0.20985102237
0.17 -1.97884654146 0.213570090663
0.175 -1.97776960909 0.217185916661
0.18 -1.9766748487 0.220701826393
0.185 -1.97556275183 0.224121043416
0.19 -1.97443379412 0.227446691021
0.195 -1.97328843572 0.230681794881
0.2 -1.97212712206 0.233829286826
0.205 -1.97095028389 0.236892005936
0.21 -1.96975833802 0.239872702389
0.215 -1.96855168794 0.242774040735
0.22 -1.96733072419 0.245598602212
0.225 -1.96609582476 0.248348887382
0.23 -1.96484735497 0.25102731591
0.235 -1.96358566805 0.253636230113
0.24 -1.96231110584 0.256177898833
0.245 -1.96102399887 0.258654518498
0.25 -1.95972466664 0.261068215146
0.255 -1.95841341866 0.263421048231
0.26 -1.95709055465 0.265715012402
0.265 -1.9557563641 0.26795203762
0.27 -1.95441112689 0.270133992014
0.275 -1.9530551136 0.27226268371
0.28 -1.95168858611 0.274339863475
0.285 -1.95031179798 0.276367226807
0.29 -1.9489249942 0.278346414294
0.295 -1.94752841161 0.28027901393
0.3 -1.94612227926 0.282166562751
0.305 -1.94470681863 0.284010548604
0.31 -1.94328224402 0.285812411865
0.315 -1.94184876255 0.287573546499
0.32 -1.94040657442 0.289295301678
0.325 -1.9389558732 0.290978983171
0.33 -1.93749684603 0.292625854968
0.335 -1.93602967399 0.294237141113
0.34 -1.93455453204 0.295814026056
0.345 -1.93307158928 0.297357656226
0.35 -1.93158100917 0.298869141249
0.355 -1.93008294971 0.300349555248
0.36 -1.9285775637 0.301799938406
0.365 -1.92706499878 0.303221297388
0.37 -1.9255453976 0.304614606595
0.375 -1.92401889802 0.3059808092
0.38 -1.92248563324 0.307320818302
0.385 -1.92094573213 0.308635518637
0.39 -1.9193993191 0.309925766294
0.395 -1.91784651433 0.311192389928
0.4 -1.91628743387 0.312436191669
0.405 -1.91472218979 0.313657947919
0.41 -1.91315089026 0.314858410136
0.415 -1.91157364006 0.316038307405
0.42 -1.90999054037 0.317198345834
0.425 -1.90840168877 0.318339208504
0.43 -1.90680717946 0.319461556824
0.435 -1.90520710335 0.320566031192
0.44 -1.90360154818 0.321653251615
0.445 -1.90199059866 0.322723818906
0.45 -1.90037433677 0.323778316225
0.455 -1.89875284145 0.324817307587
0.46 -1.89712618885 0.325841339238
0.465 -1.89549445242 0.326850940234
0.47 -1.89385770296 0.327846622956
0.475 -1.89221600871 0.328828883692
0.48 -1.8905694357 0.3297982046
0.485 -1.88891804751 0.330755052562
0.49 -1.88726190537 0.331699879662
0.495 -1.88560106827 0.332633123948
0.5 -1.88393559301 0.33355520985
0.505 -1.88226553427 0.334466548572
0.51 -1.8805909448 0.335367539241
0.515 -1.87891187547 0.336258569454
0.52 -1.87722837515 0.337140014343
0.525 -1.87554049084 0.338012237584
0.53 -1.87384826775 0.33887559174
0.535 -1.87215174931 0.339730418589
0.54 -1.87045097728 0.340577049608
0.545 -1.86874599193 0.341415807222
0.55 -1.86703683185 0.342247003774
0.555 -1.8653235341 0.343070942134
0.56 -1.8636061342 0.343887916095
0.565 -1.86188466624 0.344698210645
0.57 -1.86015916286 0.345502102186
0.575 -1.85842965545 0.346299859694
0.58 -1.85669617407 0.347091744233
0.585 -1.85495874744 0.347878008993
0.59 -1.85321740305 0.348658899751
0.595 -1.85147216714 0.349434655101
0.6 -1.84972306478 0.35020550666
0.605 -1.8479701199 0.350971679484
0.61 -1.8462133554 0.351733392758
0.615 -1.84445279306 0.352490859074
0.62 -1.84268845358 0.353244284966
0.625 -1.84092035666 0.353993871136
0.63 -1.839148521 0.354739812647
0.635 -1.83737296434 0.355482299099
0.64 -1.83559370345 0.356221514847
0.645 -1.83381075427 0.356957639312
0.65 -1.83202413179 0.357690846958
0.655 -1.83023385018 0.358421307521
0.66 -1.82843992277 0.359149186205
0.665 -1.82664236207 0.359874643863
0.67 -1.82484117985 0.360597837175
0.675 -1.82303638708 0.36131891874
0.68 -1.82122799389 0.362038036389
0.685 -1.81941600971 0.362755334372
0.69 -1.81760044327 0.363470953376
0.695 -1.81578130263 0.364185030507
0.7 -1.81395859518 0.364897699432
0.705 -1.81213232766 0.365609090516
0.71 -1.81030250615 0.366319330936
0.715 -1.80846913609 0.36702854425
0.72 -1.80663222226 0.367736851051
0.725 -1.80479176891 0.368444369152
0.73 -1.80294777969 0.369151213538
0.735 -1.80110025769 0.369857496474
0.74 -1.79924920546 0.370563327605
0.745 -1.79739462499 0.371268814053
0.75 -1.79553651774 0.371974060305
0.755 -1.79367488463 0.372679168434
0.76 -1.79180972612 0.373384238302
0.765 -1.78994104214 0.374089367554
0.77 -1.78806883217 0.374794651698
0.775 -1.78619309519 0.375500184182
0.78 -1.78431382974 0.376206056472
0.785 -1.78243103391 0.376912358047
0.79 -1.78054470532 0.377619176472
0.795 -1.77865484116 0.378326597576
0.8 -1.77676143821 0.379034705453
0.805 -1.77486449284 0.379743582527
0.81 -1.77296400098 0.380453309617
0.815 -1.7710599582 0.381163965989
0.82 -1.76915235965 0.381875629408
0.825 -1.7672412001 0.382588376184
0.83 -1.76532647395 0.383302281254
0.835 -1.76340817523 0.384017418221
0.84 -1.76148629758 0.384733859411
0.845 -1.75956083432 0.385451675918
0.85 -1.75763177839 0.386170937658
0.855 -1.75569912241 0.386891713398
0.86 -1.75376285862 0.387614070716
0.865 -1.75182297895 0.38833807621
0.87 -1.749879475 0.389063795449
0.875 -1.74793233803 0.389791293034
0.88 -1.74598155899 0.390520632632
0.885 -1.74402712852 0.39125187702
0.89 -1.74206903694 0.39198508811
0.895 -1.74010727426 0.392720326935
0.9 -1.73814183018 0.393457653776
0.905 -1.73617269412 0.394197128171
0.91 -1.73419985518 0.394938808943
0.915 -1.73222330221 0.395682754234
0.92 -1.73024302372 0.396429021541
0.925 -1.72825900798 0.397177667749
0.93 -1.72627124296 0.397928749162
0.935 -1.72427971634 0.398682321419
0.94 -1.72228441551 0.399438439598
0.945 -1.72028532761 0.400197158332
0.95 -1.7182824395 0.400958531768
0.955 -1.71627573777 0.401722613599
0.96 -1.71426520875 0.402489457084
0.965 -1.7122508385 0.403259115077
0.97 -1.71023261282 0.404031640048
0.975 -1.70821051725 0.404807084104
0.98 -1.70618453705 0.405585499015
0.985 -1.70415465725 0.406366936236
0.99 -1.7021208626 0.40715144692
0.995 -1.70008313762 0.407939081947
1.0 -1.69804146655 0.408729891937
1.005 -1.69599583339 0.409523927268
1.01 -1.69394622187 0.410321238095
1.015 -1.6918926155 0.411121874368
1.02 -1.68983499751 0.411925885973
1.025 -1.68777335093 0.412733322668
1.03 -1.68570765851 0.413544234003
1.035 -1.68363790274 0.41435866941
1.04 -1.68156406589 0.415176678214
1.045 -1.67948612996 0.415998309652
1.05 -1.6774040767 0.416823612887
1.055 -1.67531788765 0.417652637019
1.06 -1.67322754405 0.418485431137
1.065 -1.67113302696 0.419322044439
1.07 -1.66903431716 0.420162526046
1.075 -1.66693139518 0.421006925078
1.08 -1.66482424131 0.421855290681
1.085 -1.6627128356 0.422707672044
1.09 -1.66059715784 0.423564118411
1.095 -1.65847718758 0.42442467909
1.1 -1.65635290412 0.42528940347
1.105 -1.65422428652 0.42615834113
1.11 -1.6520913136 0.427031541783
1.115 -1.64995396391 0.427909055222
1.12 -1.64781221578 0.428790931384
1.125 -1.64566604726 0.429677220364
1.13 -1.64351543616 0.430567972426
1.135 -1.64136036003 0.431463238013
1.14 -1.63920079618 0.432363067763
1.145 -1.63703672168 0.433267512611
1.15 -1.63486811328 0.434176623536
1.155 -1.63269494756 0.435090452032
1.16 -1.6305172008 0.436009049687
1.165 -1.62833484903 0.436932468358
1.17 -1.626147868 0.437860760174
1.175 -1.62395623322 0.438793977555
1.18 -1.62175991993 0.439732173215
1.185 -1.61955890311 0.440675400178
1.19 -1.61735315746 0.441623711873
1.195 -1.61514265743 0.442577162068
1.2 -1.61292737719 0.443535804829
1.205 -1.61070729065 0.444499694581
1.21 -1.60848237143 0.445468886117
1.215 -1.60625259288 0.446443434609
1.22 -1.60401792809 0.447423395618
1.225 -1.60177834983 0.448408825107
1.23 -1.59953383064 0.449399779449
1.235 -1.59728434274 0.450396315441
1.24 -1.59502985807 0.451398490456
1.245 -1.59277034828 0.452406362371
1.25 -1.59050578475 0.453419989426
1.255 -1.58823613855 0.454439430344
1.26 -1.58596138046 0.45546474434
1.265 -1.58368148099 0.456495991137
1.27 -1.58139641031 0.457533230974
1.275 -1.57910613833 0.458576524619
1.28 -1.57681063465 0.45962593338
1.285 -1.57450986855 0.46068151912
1.29 -1.57220380898 0.461743344308
1.295 -1.56989242452 0.462811472021
1.3 -1.5675756835 0.46388596589
1.305 -1.56525355392 0.464966890148
1.31 -1.56292600348 0.466054309648
1.315 -1.56059299954 0.467148289873
1.32 -1.55825450916 0.468248896944
1.325 -1.55591049904 0.469356197641
1.33 -1.55356093559 0.470470259406
1.335 -1.55120578485 0.471591150361
1.34 -1.5488450125 0.472718939367
1.345 -1.54647858378 0.473853696046
1.35 -1.54410646368 0.474995490683
1.355 -1.54172861682 0.476144394291
1.36 -1.53934500748 0.477300478636
1.365 -1.5369555996 0.478463816238
1.37 -1.53456035673 0.479634480393
1.375 -1.53215924208 0.48081254518
1.38 -1.52975221848 0.481998085475
1.385 -1.52733924841 0.483191176965
1.39 -1.5249202939 0.484391896245
1.395 -1.52249531654 0.485600320907
1.4 -1.52006427757 0.486816529262
1.405 -1.5176271379 0.488040600494
1.41 -1.51518385801 0.489272614676
1.415 -1.512734398 0.490512652789
1.42 -1.51027871755 0.491760796727
1.425 -1.50781677595 0.493017129321
1.43 -1.50534853208 0.494281734343
1.435 -1.5028739444 0.495554696526
1.44 -1.50039297092 0.496836101679
1.445 -1.49790556909 0.498126036866
1.45 -1.49541169602 0.499424589964
1.455 -1.49291130841 0.500731849871
1.46 -1.49040436251 0.502047906539
1.465 -1.4878908141 0.50337285099
1.47 -1.48537061855 0.504706775328
1.475 -1.48284373073 0.506049772756
1.48 -1.48031010509 0.507401937593
1.485 -1.47776969559 0.508763365286
1.49 -1.47522245568 0.510134152564
1.495 -1.47266833814 0.511514397794
1.5 -1.47010729542 0.512904200185
1.505 -1.46753927946 0.514303660124
1.51 -1.46496424175 0.515712879233
1.515 -1.46238213324 0.517131960391
1.52 -1.45979290437 0.518561007746
1.525 -1.4571965051 0.520000126734
1.53 -1.45459288483 0.521449424098
1.535 -1.45198199248 0.522909007899
1.54 -1.44936377639 0.524378987537
1.545 -1.44673818442 0.525859473768
1.55 -1.44410516368 0.527350579257
1.555 -1.44146466051 0.528852418675
1.56 -1.43881662095 0.530365107451
1.565 -1.43616099045 0.531888762483
1.57 -1.43349771391 0.533423502177
1.575 -1.4308267356 0.534969446462
1.58 -1.42814799924 0.536526716813
1.585 -1.42546144792 0.538095436271
1.59 -1.42276702414 0.53967572946
1.595 -1.42006466979 0.54126772261
1.6 -1.41735432612 0.542871543578
1.605 -1.41463593379 0.54448732187
1.61 -1.41190943246 0.54611518973
1.615 -1.40917476114 0.547755281164
1.62 -1.40643185839 0.549407731356
1.625 -1.40368066205 0.551072677292
1.63 -1.40092110932 0.552750257788
1.635 -1.3981531367 0.554440613512
1.64 -1.39537667998 0.556143887008
1.645 -1.39259167428 0.557860222718
1.65 -1.38979805398 0.559589767011
1.655 -1.38699575276 0.561332668204
1.66 -1.38418470357 0.563089076585
1.665 -1.38136483859 0.564859144561
1.67 -1.37853608877 0.566643028241
1.675 -1.37569838449 0.568440885161
1.68 -1.37285165549 0.570252874581
1.685 -1.36999583069 0.572079157959
1.69 -1.36713083824 0.573919898981
1.695 -1.36425660547 0.575775263584
1.7 -1.36137305889 0.577645419995
1.705 -1.35848012417 0.579530538749
1.71 -1.35557772617 0.581430792729
1.715 -1.35266578888 0.583346357188
1.72 -1.34974423546 0.58527740978
1.725 -1.34681298807 0.587224130959
1.73 -1.34387196756 0.589186705315
1.735 -1.34092109413 0.591165319031
1.74 -1.33796028711 0.593160160781
1.745 -1.33498946487 0.59517142195
1.75 -1.33200854483 0.597199296672
1.755 -1.32901744346 0.599243981873
1.76 -1.32601607622 0.601305677308
1.765 -1.3230043576 0.603384585599
1.77 -1.31998220107 0.605480912276
1.775 -1.31694951893 0.60759486642
1.78 -1.31390622238 0.609726660277
1.785 -1.31085222168 0.611876508803
1.79 -1.30778742604 0.614044630095
1.795 -1.30471174354 0.616231245425
1.8 -1.30162508121 0.618436579289
1.805 -1.29852734494 0.620660859447
1.81 -1.29541843952 0.622904316973
1.815 -1.29229826857 0.625167186288
1.82 -1.28916673451 0.627449705531
1.825 -1.28602373815 0.62975211794
1.83 -1.28286917935 0.632074669398
1.835 -1.27970295679 0.63441760926
1.84 -1.27652496791 0.636781190609
1.845 -1.2733351089 0.639165670313
1.85 -1.27013327466 0.641571309075
1.855 -1.26691935882 0.643998371484
1.86 -1.26369325369 0.646447126074
1.865 -1.26045485027 0.648917845371
1.87 -1.25720403788 0.651410807234
1.875 -1.25394070432 0.653926294154
1.88 -1.25066473626 0.656464592019
1.885 -1.24737601892 0.65902599109
1.89 -1.24407443609 0.661610786061
1.895 -1.24075987009 0.664219276117
1.9 -1.23743220178 0.666851765006
1.905 -1.23409131048 0.669508561096
1.91 -1.23073707402 0.672189977437
1.915 -1.22736936862 0.674896332193
1.92 -1.22398806831 0.677627950512
1.925 -1.22059304588 0.680385161382
1.93 -1.21718417253 0.68316829862
1.935 -1.21376131779 0.685977701248
1.94 -1.21032434953 0.688813713571
1.945 -1.20687313391 0.691676685248
1.95 -1.20340753533 0.694566971368
1.955 -1.1999274165 0.697484932529
1.96 -1.1964326383 0.700430934909
1.965 -1.19292305939 0.703405352122
1.97 -1.18939853634 0.706408564493
1.975 -1.1858589242 0.709440956959
1.98 -1.18230407612 0.712502920582
1.985 -1.17873384328 0.715594852636
1.99 -1.17514807489 0.718717156702
1.995 -1.1715466182 0.721870242752
2.0 -1.16792931839 0.725054527242
2.005 -1.16429601864 0.728270433202
2.01 -1.16064655992 0.731518390699
2.015 -1.15698078043 0.734798839188
2.02 -1.15329851648 0.738112224044
2.025 -1.14959960225 0.741458997521
2.03 -1.14588386967 0.744839619245
2.035 -1.14215114834 0.748254556333
2.04 -1.13840126556 0.751704283502
2.045 -1.13463404626 0.755189283189
2.05 -1.13084931289 0.758710045914
2.055 -1.12704688514 0.762267071461
2.06 -1.12322658037 0.765860867127
2.065 -1.11938821345 0.769491948403
2.07 -1.1155315967 0.77316083925
2.075 -1.11165653981 0.776868072224
2.08 -1.10776284985 0.7806141886
2.085 -1.10385033119 0.784399738506
2.09 -1.09991878535 0.788225281625
2.095 -1.09596801051 0.792091389005
2.1 -1.09199780233 0.795998639848
2.105 -1.08800795364 0.799947622824
2.11 -1.08399825433 0.803938936405
2.115 -1.07996849131 0.807973189014
2.12 -1.07591844848 0.812050999178
2.125 -1.07184790666 0.816172995669
2.13 -1.06775664337 0.820339818403
2.135 -1.06364443238 0.824552119988
2.14 -1.0595110446 0.828810562582
2.145 -1.05535624766 0.833115819369
2.15 -1.05117980583 0.83746857485
2.155 -1.04698147998 0.841869525018
2.16 -1.04276102753 0.846319377525
2.165 -1.03851820238 0.850818851856
2.17 -1.03425275462 0.855368680519
2.175 -1.02996443006 0.859969610389
2.18 -1.02565297128 0.864622399387
2.185 -1.02131811709 0.869327818212
2.19 -1.01695960244 0.874086650613
2.195 -1.01257715839 0.878899693589
2.2 -1.00817051204 0.883767757586
2.205 -1.00373938651 0.888691666686
2.21 -0.999283500221 0.893672260732
2.215 -0.994802567521 0.898710393523
2.22 -0.990296298165 0.903806934428
2.225 -0.98576439797 0.908962766312
2.23 -0.981206568335 0.914178787099
2.235 -0.976622506182 0.919455909982
2.24 -0.972011903898 0.924795063628
2.245 -0.967374449274 0.930197192395
2.25 -0.962709824896 0.935663258138
2.255 -0.958017708039 0.941194240548
2.26 -0.953297771635 0.946791134395
2.265 -0.948549683631 0.952454951434
2.27 -0.943773106901 0.958186720691
2.275 -0.938967699163 0.963987488747
2.28 -0.934133112895 0.969858320028
2.285 -0.929268995249 0.975800297092
2.29 -0.924374987959 0.981814520935
2.295 -0.919450727166 0.987902111409
2.3 -0.914495842892 0.994064208122
2.305 -0.909509959672 1.00030196977
2.31 -0.90449269625 1.00661657473
2.315 -0.8994436654 1.01300922152
2.32 -0.894362473825 1.0194811291
2.325 -0.889248722044 1.02603353727
2.33 -0.88410200428 1.03266770696
2.335 -0.878921908345 1.03938492068
2.34 -0.873708015533 1.04618648276
2.345 -0.868459901077 1.05307371646
2.35 -0.863177133549 1.06004796712
2.355 -0.857859274447 1.06711060415
2.36 -0.852505878357 1.07426301979
2.365 -0.84711649284 1.08150662947
2.37 -0.841690658311 1.08884287211
2.375 -0.83622790792 1.09627321048
2.38 -0.830727767432 1.10379913154
2.385 -0.825189755104 1.11142214677
2.39 -0.819613381631 1.11914379125
2.395 -0.813998150124 1.12696562211
2.4 -0.808343555709 1.1348892239
2.405 -0.802649085514 1.14291620671
2.41 -0.796914218554 1.15104820637
2.415 -0.791138425599 1.15928688473
2.42 -0.785321169044 1.16763392997
2.425 -0.779461902775 1.17609105687
2.43 -0.77356007204 1.18466000719
2.435 -0.767615113311 1.1933425495
2.44 -0.761626454215 1.20214047465
2.445 -0.755593513315 1.21105560222
2.45 -0.749515699977 1.22008978046
2.455 -0.743392414247 1.2292448853
2.46 -0.737223046716 1.23852282058
2.465 -0.731006978378 1.24792551834
2.47 -0.724743580495 1.25745493901
2.475 -0.718432214486 1.26711306945
2.48 -0.712072231839 1.27690191923
2.485 -0.705662973868 1.28682352932
2.49 -0.699203771616 1.29687996891
2.495 -0.692693945724 1.30707333535
2.5 -0.686132806293 1.31740575421
2.505 -0.679519652729 1.32787937768
2.51 -0.672853773555 1.33849637976
2.515 -0.666134446367 1.3492589651
2.52 -0.659360937667 1.36016936612
2.525 -0.652532502719 1.37122984249
2.53 -0.645648385412 1.38244268117
2.535 -0.638707818152 1.3938101945
2.54 -0.631710021855 1.40533471108
2.545 -0.624654205636 1.41701858792
2.55 -0.617539566711 1.42886420711
2.555 -0.610365290289 1.44087397454
2.56 -0.60313054949 1.45305031837
2.565 -0.59583450553 1.46539568266
2.57 -0.588476307176 1.47791253492
2.575 -0.581055090724 1.49060336368
2.58 -0.57356997991 1.50347067725
2.585 -0.566020085881 1.51651700104
2.59 -0.558404507596 1.52974486519
2.595 -0.55072233104 1.54315681907
2.6 -0.542972629261 1.55675542705
2.605 -0.535154462336 1.57054326606
2.61 -0.52726687741 1.58452292214
2.615 -0.519308909493 1.59869697453
2.62 -0.511279580232 1.61306801333
2.625 -0.503177898075 1.62763863416
2.63 -0.495002858306 1.64241143483
2.635 -0.486753443139 1.65738901127
2.64 -0.478428622773 1.67257393864
2.645 -0.470027354167 1.68796878763
2.65 -0.461548581212 1.7035761191
2.655 -0.452991234913 1.71939847894
2.66 -0.444354234164 1.7354383857
2.665 -0.435636485095 1.75169833618
2.67 -0.426836881085 1.76818080267
2.675 -0.417954302971 1.78488822766
2.68 -0.408987620379 1.80182300357
2.685 -0.39993569099 1.81898748
2.69 -0.390797360291 1.83638396438
2.695 -0.381571462019 1.85401471356
2.7 -0.372256819675 1.87188191307
2.705 -0.362852246258 1.88998767758
2.71 -0.353356543559 1.90833405649
2.715 -0.343768502892 1.92692302249
2.72 -0.334086906698 1.94575645049
2.725 -0.324310529115 1.96483610817
2.73 -0.314438134523 1.98416366977
2.735 -0.304468478699 2.00374070017
2.74 -0.294400310429 2.02356863438
2.745 -0.284232373259 2.0436487558
2.75 -0.273963403101 2.06398221876
2.755 -0.263592129839 2.08457002825
2.76 -0.253117278961 2.10541301999
2.765 -0.242537574629 2.12651182612
2.77 -0.23185173645 2.14786690437
2.775 -0.221058481419 2.16947851506
2.78 -0.210156525445 2.19134670273
2.785 -0.199144587477 2.21347125329
2.79 -0.188021386956 2.23585171428
2.795 -0.176785645591 2.25848737432
2.8 -0.165436090191 2.28137723469
2.805 -0.153971453237 2.30451999949
2.81 -0.142390473369 2.32791406645
2.815 -0.130691898148 2.35155749916
2.82 -0.118874487703 2.37544799195
2.825 -0.106937012918 2.39958287982
2.83 -0.094878258202 2.42395911084
2.835 -0.0826970263967 2.44857320427
2.84 -0.0703921381459 2.47342124841
2.845 -0.0579624334171 2.4984988831
2.85 -0.0454067759965 2.52380126252
2.855 -0.0327240567201 2.54932302645
2.86 -0.019913192484 2.57505829865
2.865 -0.0069731304275 2.60100065292
2.87 0.00609714616688 2.62714307115
2.875 0.0192986185633 2.65347793683
2.88 0.032632230147 2.67999701185
2.885 0.0460988792299 2.70669139294
2.89 0.059699417404 2.73355149148
2.895 0.0734346484898 2.76056701558
2.9 0.0873053238835 2.78772693743
2.905 0.101312137562 2.81501946569
2.91 0.115455720491 2.84243201714
2.915 0.129736639357 2.86995118496
2.92 0.144155390851 2.89756270848
2.925 0.158712397559 2.92525144909
2.93 0.173408007079 2.9530014017
2.935 0.188242484037 2.9807956319
2.94 0.203216006136 3.00861625783
2.945 0.218328658901 3.03644442908
2.95 0.233580430557 3.06426030291
2.955 0.248971207666 3.09204302072
2.96 0.264500769688 3.11977068942
2.965 0.280168784934 3.14742039089
2.97 0.295974804127 3.17496814001
2.975 0.311918255101 3.20238887251
2.98 0.327998437882 3.22965644852
2.985 0.344214519404 3.25674365033
2.99 0.360565527316 3.28362215877
2.995 0.37705034471 3.31026255937
3.0 0.393667705794 3.33663437341
3.005 0.410416189272 3.36270603897
3.01 0.427294212764 3.38844492041
3.015 0.444300028436 3.41381734255
3.02 0.461431718511 3.43878862524
3.025 0.478687188208 3.46332307862
3.03 0.496064161324 3.48738404551
3.035 0.513560177782 3.51093397337
3.04 0.531172586917 3.53393443004
3.045 0.548898542826 3.55634615204
3.05 0.566735001788 3.57812911953
3.055 0.58467872008 3.59924263847
3.06 0.602726247145 3.61964537779
3.065 0.620873923501 3.6392954605
3.07 0.639117878771 3.65815055498
3.075 0.657454032753 3.67616798856
3.08 0.67587809008 3.69330483259
3.085 0.694385540425 3.70951802393
3.09 0.71297165835 3.72476448618
3.095 0.731631502275 3.73900120625
3.1 0.750359916242 3.75218540117
3.105 0.769151531398 3.76427465472
3.11 0.788000768005 3.77522705772
3.115 0.806901838344 3.78500136085
3.12 0.825848750494 3.79355713034
3.125 0.844835312785 3.80085490901
3.13 0.863855138646 3.80685633814
3.135 0.882901653098 3.81152435564
3.14 0.901968099756 3.8148233619
3.145 0.921047547997 3.81671937676
3.15 0.940132901253 3.81718020445
3.155 0.959216907209 3.8161756121
3.16 0.97829216774 3.81367749069
3.165 0.997351149221 3.80965999055
3.17 1.01638619516 3.80409970156
3.175 1.03538953898 3.7969758036
3.18 1.05435331628 3.78827019805
3.185 1.07326957861 3.77796764048
3.19 1.0921303095 3.76605587955
3.195 1.11092743925 3.75252576745
3.2 1.12965285925 3.73737135298
3.205 1.14829843988 3.72058998206
3.21 1.16685604731 3.70218237291
3.215 1.1853175593 3.68215267893
3.22 1.20367488247 3.66050853485
3.225 1.22191997117 3.63726108414
3.23 1.24004484451 3.61242499501
3.235 1.25804160215 3.58601847558
3.24 1.27590244452 3.55806322523
3.245 1.29361969018 3.52858439429
3.25 1.3111857933 3.49761052225
3.255 1.32859335696 3.46517352129
3.26 1.34583515126 3.43130855455
3.265 1.36290412937 3.39605391894
3.27 1.37979344391 3.35945092689
3.275 1.39649646322 3.32154376049
3.28 1.41300678325 3.28237931116
3.285 1.42931824167 3.24200701274
3.29 1.44542492741 3.2004787278
3.295 1.46132119437 3.15784849098
3.3 1.47700167086 3.11417231909
3.305 1.49246127123 3.06950802167
3.31 1.50769520324 3.02391497718
3.315 1.52269897442 2.97745390251
3.32 1.53746839889 2.93018664313
3.325 1.55199960266 2.88217596645
3.33 1.56628902673 2.83348530448
3.335 1.58033342994 2.78417853875
3.34 1.59412989275 2.73431978925
3.345 1.60767581575 2.6839731856
3.35 1.62096891907 2.63320265459
3.355 1.63400724227 2.58207171563
3.36 1.64678914132 2.53064328228
3.365 1.65931328407 2.47897947316
3.37 1.67157864645 2.42714142863
3.375 1.68358450848 2.37518913079
3.38 1.69533044609 2.32318126058
3.385 1.70681632455 2.27117504857
3.39 1.71804229201 2.21922612256
3.395 1.72900877068 2.16738839262
3.4 1.73971644792 2.1157139422
3.405 1.75016626625 2.06425293242
3.41 1.76035941383 2.01305351944
3.415 1.7702973145 1.96216177511
3.42 1.77998161748 1.91162162198
3.425 1.78941418617 1.86147479671
3.43 1.79859708691 1.81176080807
3.435 1.80753257791 1.7625169152
3.44 1.81622309804 1.71377811525
3.445 1.8246712555 1.6655771328
3.45 1.83287981654 1.61794443387
3.455 1.84085169407 1.57090823919
3.46 1.84858993647 1.52449454623
3.465 1.85609771674 1.47872716538
3.47 1.86337832146 1.43362775582
3.475 1.8704351402 1.38921587212
3.48 1.87727165526 1.34550901699
3.485 1.88389143129 1.30252269617
3.49 1.89029810572 1.26027048068
3.495 1.89649537906 1.2187640718
3.5 1.90248700559 1.17801336911
3.505 1.90827678506 1.13802654147
3.51 1.91386855426 1.09881009964
3.515 1.91926617791 1.0603689727
3.52 1.92447354138 1.02270658254
3.525 1.92949454408 0.985824918106
3.53 1.93433309225 0.949724611991
3.535 1.93899309114 0.914405025508
3.54 1.94347844009 0.879864315193
3.545 1.94779302675 0.846099506489
3.55 1.95194072128 0.813106571097
3.555 1.95592537045 0.780880508578
3.56 1.95975079422 0.749415401816
3.565 1.96342078106 0.718704487891
3.57 1.96693908342 0.688740234301
3.575 1.97030941401 0.659514402866
3.58 1.97353544305 0.631018101719
3.585 1.97662079493 0.603241848022
3.59 1.97956904495 0.576175638154
3.595 1.98238371722 0.549808992241
3.6 1.98506828253 0.524131004207
3.605 1.98762615622 0.499130394952
3.61 1.9900606962 0.474795569691
3.615 1.99237520178 0.451114650138
3.62 1.99457291235 0.428075518844
3.625 1.99665700616 0.405665864107
3.63 1.99863059945 0.383873220108
3.635 2.00049674581 0.362684994267
3.64 2.00225843569 0.342088502518
3.645 2.00391859592 0.322071005745
3.65 2.00548008955 0.302619734906
3.655 2.00694571576 0.283721915057
3.66 2.00831820989 0.26536479402
3.665 2.00960024362 0.24753566596
3.67 2.01079442531 0.230221886694
3.675 2.01190330036 0.213410895734
3.68 2.01292935135 0.19709023997
3.685 2.01387499909 0.181247580694
3.69 2.01474260322 0.165870709779
3.695 2.01553446226 0.150947568598
3.7 2.01625281497 0.136466253923
3.705 2.0168998413 0.122415027342
3.71 2.01747766264 0.108782329845
3.715 2.01798834297 0.0955567877965
3.72 2.01843389017 0.0827272162398
3.725 2.01881625662 0.0702826283865
3.73 2.01913734 0.0582122434335
3.735 2.01939898486 0.046505484441
3.74 2.01960298346 0.035151983962
3.745 2.01975107646 0.0241415915849
3.75 2.01984495448 0.0134643697717
3.755 2.01988625909 0.00311059594004
3.76 2.0198765836 -0.00692923213763
3.765 2.01981747441 -0.01666439966
3.77 2.01971043208 -0.0261039759031
3.775 2.01955691248 -0.0352568140264
3.78 2.0193583276 -0.0441315496924
3.785 2.0191160468 -0.052736604289
3.79 2.01883139777 -0.0610801853933
3.795 2.01850566764 -0.0691702900429
3.8 2.01814010444 -0.0770147114269
3.805 2.01773591754 -0.0846210344041
3.81 2.0172942788 -0.0919966397335
3.815 2.01681632374 -0.0991487094529
3.82 2.0163031526 -0.106084230789
3.825 2.01575583107 -0.11280999591
3.83 2.01517539127 -0.11933260642
3.835 2.01456283289 -0.125658478452
3.84 2.01391912399 -0.131793845427
3.845 2.01324520189 -0.13774476095
3.85 2.01254197402 -0.143517102873
3.855 2.01181031895 -0.149116577993
3.86 2.0110510871 -0.154548724982
3.865 2.01026510161 -0.159818918136
3.87 2.00945315914 -0.164932371349
3.875 2.0086160307 -0.169894142385
3.88 2.00775446236 -0.17470913604
3.885 2.00686917606 -0.17938210798
3.89 2.00596087031 -0.183917668731
3.895 2.00503022094 -0.188320287752
3.9 2.00407788178 -0.192594296444
3.905 2.00310448533 -0.196743891954
3.91 2.00211064344 -0.200773141171
3.915 2.00109694794 -0.204685984135
3.92 2.00006397128 -0.20848623715
3.925 1.99901226711 -0.212177596326
3.93 1.99794237087 -0.215763640871
3.935 1.99685480043 -0.219247837179
3.94 1.9957500566 -0.222633541699
3.945 1.99462862366 -0.225924003853
3.95 1.99349096994 -0.229122369482
3.955 1.9923375483 -0.232231683983
3.96 1.99116879656 -0.235254894297
3.965 1.98998513805 -0.238194852661
3.97 1.9887869821 -0.241054319747
3.975 1.98757472446 -0.243835967343
3.98 1.98634874776 -0.246542381123
3.985 1.98510942187 -0.249176061983
3.99 1.98385710434 -0.251739429909
3.995 1.98259214084 -0.254234826557
4.0 1.98131486556 -0.256664517575
4.005 1.98002560152 -0.259030694974
4.01 1.97872466095 -0.261335478625
4.015 1.97741234564 -0.263580919445
4.02 1.97608894734 -0.265769001489
4.025 1.97475474801 -0.267901644019
4.03 1.9734100202 -0.26998070355
4.035 1.9720550273 -0.272007975563
4.04 1.97069002389 -0.273985196839
4.045 1.96931525599 -0.275914047267
4.05 1.96793096136 -0.277796151668
4.055 1.96653736977 -0.279633081586
4.06 1.9651347033 -0.281426357018
4.065 1.9637231765 -0.283177448117
4.07 1.96230299674 -0.284887776827
4.075 1.96087436436 -0.286558718484
4.08 1.95943747297 -0.288191603303
4.085 1.95799250961 -0.289787717766
4.09 1.956539655 -0.291348306237
4.095 1.95507908375 -0.292874572295
4.1 1.95361096455 -0.294367680087
4.105 1.95213546034 -0.295828755619
4.11 1.95065272856 -0.297258888008
4.115 1.94916292128 -0.29865913075
4.12 1.94766618538 -0.300030502887
4.125 1.94616266273 -0.301373990169
4.13 1.94465249036 -0.302690546113
4.135 1.94313580061 -0.303981093096
4.14 1.94161272128 -0.305246523454
4.145 1.94008337579 -0.306487700467
4.15 1.93854788329 -0.307705459342
4.155 1.93700635886 -0.30890060817
4.16 1.93545891358 -0.31007392883
4.165 1.9339056547 -0.311226177559
4.17 1.93234668571 -0.312358086162
4.175 1.93078210656 -0.31347036283
4.18 1.92921201366 -0.314563692883
4.185 1.9276365001 -0.315638739552
4.19 1.92605565567 -0.316696144746
4.195 1.92446956703 -0.317736529657
4.2 1.92287831775 -0.318760495222
4.205 1.92128198846 -0.319768623282
4.21 1.91968065695 -0.320761477067
4.215 1.9180743982 -0.321739601813
4.22 1.91646328456 -0.322703525389
4.225 1.91484738574 -0.323653758895
4.23 1.91322676896 -0.324590796978
4.235 1.91160149896 -0.325515118507
4.24 1.90997163817 -0.326427187308
4.245 1.90833724671 -0.327327452557
4.25 1.90669838252 -0.328216349284
4.255 1.9050551014 -0.329094298861
4.26 1.90340745708 -0.329961709446
4.265 1.90175550122 -0.330818976159
4.27 1.90009928358 -0.331666481862
4.275 1.89843885202 -0.332504597529
4.28 1.89677425261 -0.333333682615
4.285 1.89510552962 -0.334154085448
4.29 1.89343272562 -0.334966143623
4.295 1.89175588153 -0.335770184265
4.3 1.89007503662 -0.336566524274
4.305 1.8883902286 -0.337355470959
4.31 1.8867014937 -0.338137322253
4.315 1.88500886668 -0.338912367029
4.32 1.88331238087 -0.339680885417
4.325 1.88161206822 -0.340443149104
4.33 1.87990795936 -0.341199421434
4.335 1.87820008357 -0.341949957822
4.34 1.87648846891 -0.342695006114
4.345 1.87477314223 -0.343434806774
4.35 1.87305412917 -0.344169593146
4.355 1.87133145424 -0.344899591696
4.36 1.86960514085 -0.345625022223
4.365 1.86787521128 -0.346346097923
4.37 1.86614168678 -0.347063025839
4.375 1.86440458759 -0.347776007027
4.38 1.86266393294 -0.348485236741
4.385 1.86091974113 -0.34919090463
4.39 1.85917202951 -0.349893194939
4.395 1.85742081451 -0.350592286608
4.4 1.85566611168 -0.351288353407
4.405 1.85390793571 -0.351981564309
4.41 1.85214630048 -0.352672083564
4.415 1.85038121904 -0.353360070868
4.42 1.84861270367 -0.354045681521
4.425 1.84684076588 -0.354729066591
4.43 1.84506541645 -0.355410372994
4.435 1.84328666538 -0.356089743452
4.44 1.84150452201 -0.356767316971
4.445 1.83971899498 -0.357443228855
4.45 1.83793009226 -0.358117610828
4.455 1.83613782118 -0.358790591153
4.46 1.83434218846 -0.359462294758
4.465 1.83254320016 -0.360132843344
4.47 1.83074086176 -0.360802355351
4.475 1.82893517815 -0.361470946253
4.48 1.82712615364 -0.362138728633
4.485 1.825313792 -0.362805812266
4.49 1.82349809647 -0.36347230422
4.495 1.82167906975 -0.364138308951
4.5 1.81985671401 -0.364803928399
4.505 1.81803103094 -0.365469261949
4.51 1.81620202171 -0.36613440662
4.515 1.81436968703 -0.366799457201
4.52 1.81253402713 -0.367464506282
4.525 1.8106950418 -0.368129644335
4.53 1.80885273037 -0.368794959793
4.535 1.80700709175 -0.369460539125
4.54 1.8051581244 -0.370126466847
4.545 1.80330582637 -0.37079282558
4.55 1.80145019529 -0.371459696226
4.555 1.79959122842 -0.372127157974
4.56 1.79772892259 -0.37279528837
4.565 1.79586327428 -0.373464163371
4.57 1.79399427959 -0.374133857413
4.575 1.79212193422 -0.374804443441
4.58 1.79024623355 -0.375475992916
4.585 1.78836717257 -0.376148575968
4.59 1.78648474594 -0.376822261415
4.595 1.78459894799 -0.377497116802
4.6 1.7827097727 -0.378173208461
4.605 1.78081721372 -0.378850601551
4.61 1.7789212644 -0.379529360104
4.615 1.77702191774 -0.380209546994
4.62 1.77511916645 -0.38089122408
4.625 1.77321300292 -0.381574452222
4.63 1.77130341924 -0.382259291318
4.635 1.76939040721 -0.38294580034
4.64 1.76747395835 -0.383634037374
4.645 1.76555406386 -0.384324059667
4.65 1.76363071469 -0.385015923576
4.655 1.76170390147 -0.385709684723
4.66 1.75977361458 -0.386405397969
4.665 1.75783984414 -0.387103117457
4.67 1.75590257997 -0.387802896648
4.675 1.75396181164 -0.388504788348
4.68 1.75201752847 -0.389208844742
4.685 1.7500697195 -0.38991511738
4.69 1.74811837351 -0.390623657224
4.695 1.74616347904 -0.391334514725
4.7 1.74420502438 -0.392047739823
4.705 1.74224299757 -0.392763381972
4.71 1.7402773864 -0.393481490167
4.715 1.73830817842 -0.394202112975
4.72 1.73633536095 -0.394925298556
4.725 1.73435892106 -0.395651094687
4.73 1.73237884558 -0.396379548643
4.735 1.73039512107 -0.397110707381
4.74 1.72840773392 -0.397844617571
4.745 1.72641667023 -0.39858132558
4.75 1.72442191592 -0.399320877487
4.755 1.72242345664 -0.400063319104
4.76 1.72042127783 -0.400808696
4.765 1.71841536471 -0.401557053511
4.77 1.71640570226 -0.402308436767
4.775 1.71439227525 -0.403062890694
4.78 1.71237506819 -0.403820460047
4.785 1.71035406541 -0.404581189421
4.79 1.708329251 -0.405345123266
4.795 1.70630060882 -0.406112305899
4.8 1.70426812251 -0.406882781524
4.805 1.70223177549 -0.407656594241
4.81 1.70019155096 -0.408433788061
4.815 1.69814743191 -0.409214406975
4.82 1.69609940112 -0.409998495027
4.825 1.69404744112 -0.410786096141
4.83 1.69199153424 -0.411577254216
4.835 1.6899316626 -0.412372013145
4.84 1.68786780806 -0.413170416824
4.845 1.68579995231 -0.413972509168
4.85 1.68372807677 -0.414778334119
4.855 1.68165216268 -0.415587935656
4.86 1.67957219104 -0.416401357909
4.865 1.67748814265 -0.417218645108
4.87 1.67539999808 -0.418039841512
4.875 1.67330773766 -0.41886499148
4.88 1.67121134151 -0.41969413948
4.885 1.66911078954 -0.420527330105
4.89 1.66700606142 -0.421364608074
4.895 1.66489713659 -0.422206018253
4.9 1.66278399428 -0.423051605664
4.905 1.66066661349 -0.423901415598
4.91 1.658544973 -0.424755493501
4.915 1.65641905137 -0.425613884988
4.92 1.65428882689 -0.426476635879
4.925 1.65215427767 -0.42734379221
4.93 1.65001538156 -0.428215400244
4.935 1.64787211619 -0.429091506478
4.94 1.64572445893 -0.429972157654
4.945 1.64357238696 -0.43085740079
4.95 1.64141587719 -0.431747283247
4.955 1.63925490631 -0.432641852626
4.96 1.63708945077 -0.433541156813
4.965 1.63491948677 -0.434445243998
4.97 1.63274499027 -0.435354162687
4.975 1.63056593701 -0.436267961706
4.98 1.62838230245 -0.437186690217
4.985 1.62619406181 -0.438110397723
4.99 1.62400119008 -0.439039134126
4.995 1.621803662 -0.439972949747
5.0 1.61960145204 -0.440911895223
5.005 1.61739453443 -0.441856021578
5.01 1.61518288314 -0.44280538023
5.015 1.61296647186 -0.443760023005
5.02 1.61074527405 -0.444720002142
5.025 1.6085192629 -0.445685370303
5.03 1.60628841133 -0.446656180584
5.035 1.60405269198 -0.447632486519
5.04 1.60181207725 -0.448614342097
5.045 1.59956653923 -0.449601801766
5.05 1.59731604978 -0.450594920662
5.055 1.59506058048 -0.451593754379
5.06 1.5928001026 -0.452598358927
5.065 1.59053458715 -0.45360879083
5.07 1.58826400485 -0.454625107137
5.075 1.58598832614 -0.455647365431
5.08 1.58370752117 -0.456675623841
5.085 1.58142155977 -0.457709941047
5.09 1.57913041153 -0.458750376295
5.095 1.57683404568 -0.459796989406
5.1 1.5745324312 -0.460849840781
5.105 1.57222553673 -0.46190899145
5.11 1.56991333064 -0.462974503219
5.115 1.56759578095 -0.464046438421
5.12 1.56527285539 -0.46512486
5.125 1.56294452137 -0.46620983155
5.13 1.56061074599 -0.467301417326
5.135 1.55827149601 -0.468399682256
5.14 1.55592673786 -0.469504691948
5.145 1.55357643767 -0.470616512706
5.15 1.55122056121 -0.47173521154
5.155 1.54885907393 -0.472860856174
5.16 1.54649194092 -0.473993515062
5.165 1.54411912694 -0.475133257475
5.17 1.54174059639 -0.476280153547
5.175 1.53935631332 -0.477434274076
5.18 1.53696624144 -0.478595690647
5.185 1.53457034408 -0.479764475644
5.19 1.53216858422 -0.480940702268
5.195 1.52976092447 -0.482124444542
5.2 1.52734732706 -0.483315777333
5.205 1.52492775385 -0.484514776359
5.21 1.52250216632 -0.485721518203
5.215 1.52007052558 -0.486936080328
5.22 1.51763279231 -0.488158541091
5.225 1.51518892683 -0.489388979903
5.23 1.51273888904 -0.490627477089
5.235 1.51028263844 -0.491874113856
5.24 1.50782013413 -0.493128972373
5.245 1.50535133479 -0.494392135788
5.25 1.50287619869 -0.495663688238
5.255 1.50039468368 -0.49694371487
5.26 1.49790674716 -0.498232301853
5.265 1.49541234613 -0.499529536392
5.27 1.49291143713 -0.500835506751
5.275 1.49040397627 -0.502150302259
5.28 1.4878899192 -0.503474013359
5.285 1.48536922109 -0.504806731755
5.29 1.48284183667 -0.506148550192
5.295 1.4803077202 -0.507499562541
5.3 1.47776682548 -0.508859863838
5.305 1.47521910582 -0.510229550305
5.31 1.47266451406 -0.511608719366
5.315 1.47010300253 -0.512997469669
5.32 1.46753452309 -0.514395901099
5.325 1.46495902709 -0.515804114801
5.33 1.46237646536 -0.517222213198
5.335 1.45978678823 -0.51865030001
5.34 1.45718994549 -0.520088480357
5.345 1.45458588639 -0.521536860829
5.35 1.45197455964 -0.522995549259
5.355 1.44935591345 -0.52446465487
5.36 1.44672989544 -0.525944288301
5.365 1.44409645269 -0.527434561624
5.37 1.44145553174 -0.528935588372
5.375 1.43880707853 -0.530447483556
5.38 1.43615103842 -0.531970363693
5.385 1.43348735622 -0.533504346825
5.39 1.43081597612 -0.535049552542
5.395 1.42813684171 -0.536606102013
5.4 1.42544989593 -0.538174118234
5.405 1.42275508111 -0.539753725814
5.41 1.42005233898 -0.54134505091
5.415 1.41734161063 -0.542948221366
5.42 1.4146228365 -0.544563366741
5.425 1.41189595641 -0.546190618333
5.43 1.40916090948 -0.547830109207
5.435 1.4064176342 -0.549481974221
5.44 1.40366606837 -0.551146350055
5.445 1.40090614909 -0.552823375237
5.45 1.3981378128 -0.554513190172
5.455 1.3953609952 -0.556215937168
5.46 1.39257563133 -0.557931760469
5.465 1.38978165542 -0.559660806425
5.47 1.38697900088 -0.561403223895
5.475 1.38416760048 -0.563159163403
5.48 1.38134738621 -0.564928777512
5.485 1.37851828931 -0.566712220909
5.49 1.37568024026 -0.568509650433
5.495 1.37283316872 -0.570321225115
5.5 1.36997700358 -0.572147106208
5.505 1.3671116729 -0.573987457222
5.51 1.36423710395 -0.575842443961
5.515 1.36135322313 -0.577712234559
5.52 1.35845995604 -0.579596999511
5.525 1.35555722741 -0.581496911716
5.53 1.3526449611 -0.583412146512
5.535 1.34972307996 -0.585342882257
5.54 1.34679150597 -0.587289299853
5.545 1.34385016024 -0.589251582492
5.55 1.34089896299 -0.591229916001
5.555 1.3379378335 -0.593224488884
5.56 1.33496669009 -0.595235492366
5.565 1.33198545014 -0.597263120435
5.57 1.32899403004 -0.599307569886
5.575 1.32599234521 -0.601369040365
5.58 1.32298031006 -0.603447734416
5.585 1.31995783799 -0.605543857525
5.59 1.31692484138 -0.607657618165
5.595 1.31388123155 -0.609789227844
5.6 1.31082691875 -0.611938901356
5.605 1.30776181192 -0.614106857451
5.61 1.30468581907 -0.616293317517
5.615 1.30159884711 -0.618498506141
5.62 1.29850080185 -0.620722651251
5.625 1.29539158791 -0.622965984169
5.63 1.29227110878 -0.625228739668
5.635 1.28913926676 -0.627511156028
5.64 1.28599596298 -0.629813475093
5.645 1.28284109732 -0.632135942328
5.65 1.27967456846 -0.634478806876
5.655 1.27649627383 -0.63684232162
5.66 1.2733061096 -0.639226743239
5.665 1.27010397064 -0.641632332276
5.67 1.26688975034 -0.644059354086
5.675 1.26366334069 -0.646508078154
5.68 1.26042463251 -0.648978777515
5.685 1.25717351521 -0.651471729394
5.69 1.25390987683 -0.653987215271
5.695 1.250633604 -0.656525520954
5.7 1.24734458191 -0.659086936653
5.705 1.24404269429 -0.661671757046
5.71 1.2407278234 -0.664280281363
5.715 1.23739985001 -0.666912813449
5.72 1.23405865335 -0.66956966185
5.725 1.23070411115 -0.672251139882
5.73 1.22733609953 -0.674957565712
5.735 1.22395449298 -0.677689262728
5.74 1.22055916402 -0.680446560734
5.745 1.21714998375 -0.683229793762
5.75 1.21372682164 -0.686039300935
5.755 1.21028954547 -0.688875426734
5.76 1.20683802126 -0.691738521089
5.765 1.20337211331 -0.694628939471
5.77 1.19989168411 -0.697547042986
5.775 1.19639659436 -0.70049319847
5.78 1.1928867029 -0.703467778583
5.785 1.18936186674 -0.706471161909
5.79 1.18582194097 -0.70950373305
5.795 1.18226677879 -0.712565882729
5.8 1.17869623142 -0.715658007889
5.805 1.17511014786 -0.718780512857
5.81 1.17150837498 -0.721933808795
5.815 1.16789075779 -0.725118312801
5.82 1.16425713919 -0.728334448766
5.825 1.16060735992 -0.731582647493
5.83 1.15694125858 -0.734863346818
5.835 1.15325867155 -0.738176991736
5.84 1.14955943298 -0.74152403453
5.845 1.14584337474 -0.744904934895
5.85 1.14211032637 -0.748320160074
5.855 1.13836011509 -0.751770184983
5.86 1.13459256565 -0.755255492561
5.865 1.13080750036 -0.758776573757
5.87 1.12700473908 -0.762333927496
5.875 1.1231840992 -0.765928060957
5.88 1.11934539553 -0.769559489713
5.885 1.11548844031 -0.773228737882
5.89 1.11161304315 -0.776936338267
5.895 1.10771901097 -0.780682832514
5.9 1.103806148 -0.784468771257
5.905 1.0998742557 -0.788294714273
5.91 1.09592313273 -0.792161230644
5.915 1.09195257463 -0.796068899953
5.92 1.087962374 -0.800018311647
5.925 1.08395232061 -0.804010064463
5.93 1.07992220126 -0.808044767222
5.935 1.07587179964 -0.812123039003
5.94 1.07180089637 -0.816245509331
5.945 1.06770926887 -0.820412818352
5.95 1.06359669137 -0.824625617024
5.955 1.05946293482 -0.828884567304
5.96 1.05530776687 -0.833190342338
5.965 1.05113095178 -0.83754362666
5.97 1.04693225012 -0.841945117125
5.975 1.04271141892 -0.846395522492
5.98 1.03846821181 -0.850895563182
5.985 1.03420237878 -0.855445971895
5.99 1.02991366613 -0.860047493826
5.995 1.02560181644 -0.864700886879
6.0 1.02126656845 -0.86940692189
6.005 1.01690765704 -0.874166382852
6.01 1.01252481316 -0.878980067136
6.015 1.00811776376 -0.883848785725
6.02 1.00368623172 -0.888773363452
6.025 0.999229935474 -0.893754639983
6.03 0.994748589208 -0.898793469384
6.035 0.990241902989 -0.903890719983
6.04 0.985709582506 -0.909047275006
6.045 0.981151329004 -0.914264032827
6.05 0.976566839211 -0.919541907233
6.055 0.971955805262 -0.92488182768
6.06 0.967317914623 -0.930284739564
6.065 0.962652850016 -0.935751604483
6.07 0.95796028934 -0.941283400514
6.075 0.953239905588 -0.946881122488
6.08 0.948491366392 -0.952545782624
6.085 0.943714334301 -0.958278410476
6.09 0.938908466856 -0.96408005306
6.095 0.934073416326 -0.969951775325
6.1 0.929208829617 -0.97589466044
6.105 0.924314348189 -0.981909810094
6.11 0.91938960796 -0.9879983448
6.115 0.914434239218 -0.9941614042
6.12 0.909447866526 -1.00040014737
6.125 0.904430108631 -1.00671575314
6.13 0.899380578362 -1.01310942039
6.135 0.894298882159 -1.01958236764
6.14 0.889184620355 -1.02613583412
6.145 0.884037387201 -1.03277108032
6.15 0.878856770599 -1.03948938801
6.155 0.873642351998 -1.04629206054
6.16 0.868393706282 -1.05318042318
6.165 0.863110401671 -1.06015582346
6.17 0.857791999606 -1.06721963149
6.175 0.852438054639 -1.07437324029
6.18 0.847048114326 -1.08161806616
6.185 0.841621719102 -1.08895554891
6.19 0.836158401942 -1.09638714999
6.195 0.830657688459 -1.10391435494
6.2 0.825119096863 -1.11153867448
6.205 0.819542137739 -1.11926164389
6.21 0.813926313929 -1.12708482333
6.215 0.808271120403 -1.13500979813
6.22 0.802576044131 -1.14303817913
6.225 0.796840563957 -1.15117160296
6.23 0.791064150467 -1.1594117323
6.235 0.785246266011 -1.16776025354
6.24 0.779386364411 -1.17621887986
6.245 0.773483890802 -1.18478935194
6.25 0.767538281547 -1.19347343736
6.255 0.761548964102 -1.20227293084
6.26 0.755515356881 -1.21118965453
6.265 0.749436869115 -1.22022545821
6.27 0.743312900712 -1.2293822196
6.275 0.737142842121 -1.23866184449
6.28 0.730926074226 -1.24806626294
6.285 0.724661968223 -1.2575974285
6.29 0.718349885392 -1.26725732928
6.295 0.711989177018 -1.27704798072
6.3 0.705579184266 -1.28697142353
6.305 0.699119238015 -1.2970297273
6.31 0.692608658731 -1.30722498906
6.315 0.686046756323 -1.31755933323
6.32 0.67943283001 -1.32803491152
6.325 0.672766168189 -1.33865390263
6.33 0.666046048293 -1.34941851216
6.335 0.659271736657 -1.36033097248
6.34 0.652442488395 -1.37139354188
6.345 0.645557547267 -1.38260850435
6.35 0.638616145532 -1.39397816979
6.355 0.631617503855 -1.40550487247
6.36 0.624560831173 -1.41719097072
6.365 0.617445324545 -1.42903884715
6.37 0.610270169083 -1.44105090678
6.375 0.603034537828 -1.45322957636
6.38 0.595737591595 -1.46557730463
6.385 0.588378478931 -1.47809656007
6.39 0.580956336015 -1.49078982972
6.395 0.573470286494 -1.50365961951
6.4 0.565919441453 -1.51670845187
6.405 0.558302899394 -1.52993886325
6.41 0.550619746009 -1.54335340537
6.415 0.542869054272 -1.5569546409
6.42 0.535049884389 -1.57074514158
6.425 0.527161283552 -1.58472748964
6.43 0.519202285951 -1.59890427477
6.435 0.511171912743 -1.61327809202
6.44 0.503069172402 -1.6278515338
6.445 0.494893060408 -1.64262719184
6.45 0.486642559199 -1.65760765528
6.455 0.478316638268 -1.67279550636
6.46 0.469914254223 -1.68819331751
6.465 0.461434350916 -1.70380364888
6.47 0.452875859396 -1.7196290436
6.475 0.444237698013 -1.73567202442
6.48 0.435518772516 -1.75193508985
6.485 0.426717976308 -1.76842070884
6.49 0.417834190659 -1.78513131571
6.495 0.408866284603 -1.80206930764
6.5 0.399813115217 -1.8192370389
6.505 0.390673527832 -1.83663681553
6.51 0.381446356748 -1.85427088531
6.515 0.372130425144 -1.87214143511
6.52 0.36272454525 -1.89025058573
6.525 0.353227518774 -1.90860038434
6.53 0.343638137357 -1.92719279658
6.535 0.333955183535 -1.94602969393
6.54 0.324177430456 -1.96511285253
6.545 0.314303642504 -1.98444394345
6.55 0.304332575846 -2.0040245238
6.555 0.294262979362 -2.02385602442
6.56 0.284093595558 -2.04393973766
6.565 0.273823160404 -2.06427681418
6.57 0.26345040438 -2.08486824937
6.575 0.252974053221 -2.1057148724
6.58 0.242392829581 -2.1268173281
6.585 0.231705453356 -2.14817606891
6.59 0.220910642364 -2.16979134388
6.595 0.210007113603 -2.19166318341
6.6 0.198993584325 -2.21379138502
6.605 0.187868773571 -2.23617549653
6.61 0.17663140384 -2.25881479811
6.615 0.165280201562 -2.28170829068
6.62 0.153813898929 -2.30485467659
6.625 0.142231235468 -2.32825234142
6.63 0.130530959641 -2.35189933599
6.635 0.1187118302 -2.375793364
6.64 0.106772618448 -2.39993175416
6.645 0.0947121100966 -2.42431144069
6.65 0.0825291072545 -2.44892894272
6.655 0.070222430567 -2.47378034205
6.66 0.0577909212419 -2.4988612669
6.665 0.0452334434847 -2.52416686615
6.67 0.032548887109 -2.54969178108
6.675 0.0197361700314 -2.57543012337
6.68 0.00679424097759 -2.6013754497
6.685 -0.00627791769193 -2.62752073915
6.69 -0.019481287034 -2.65385837376
6.695 -0.0328168084067 -2.68038010045
6.7 -0.0462853802481 -2.70707700795
6.705 -0.0598878547077 -2.73393949938
6.71 -0.0736250341606 -2.7609572652
6.715 -0.0874976678689 -2.78811927033
6.72 -0.10150644792 -2.81541371186
6.725 -0.115652005306 -2.84282799113
6.73 -0.129934905914 -2.87034868805
6.735 -0.144355646298 -2.89796153272
6.74 -0.158914649855 -2.92565139335
6.745 -0.173612262376 -2.95340225034
6.75 -0.188448746843 -2.98119715136
6.755 -0.203424278978 -3.00901819499
6.76 -0.21853894235 -3.03684650552
6.765 -0.233792723633 -3.0646622147
6.77 -0.249185508629 -3.0924444644
6.775 -0.264717075857 -3.12017135986
6.78 -0.280387091657 -3.14781996027
6.785 -0.296195104959 -3.17536626576
6.79 -0.312140542234 -3.20278520458
6.795 -0.328222701856 -3.23005062287
6.8 -0.344440748461 -3.25713527683
6.805 -0.360793707429 -3.28401082717
6.81 -0.377280459896 -3.31064784789
6.815 -0.393899738156 -3.33701584523
6.82 -0.410650118569 -3.36308323955
6.825 -0.427530016659 -3.38881738746
6.83 -0.444537681831 -3.41418459997
6.835 -0.461671193664 -3.43915017233
6.84 -0.478928455382 -3.46367840547
6.845 -0.496307188918 -3.48773263989
6.85 -0.513804930246 -3.51127529593
6.855 -0.531419025801 -3.53426792471
6.86 -0.549146628232 -3.55667126146
6.865 -0.566984691238 -3.57844528013
6.87 -0.584929966241 -3.59954926283
6.875 -0.602978999323 -3.61994187285
6.88 -0.621128130008 -3.63958123078
6.885 -0.639373486538 -3.65842501014
6.89 -0.657710984284 -3.6764305329
6.895 -0.676136324224 -3.69355487403
6.9 -0.694644993034 -3.70975495224
6.905 -0.71323226196 -3.72498766062
6.91 -0.731893186545 -3.73921000054
6.915 -0.750622607652 -3.75237921189
6.92 -0.769415153193 -3.76445289583
6.925 -0.788265240769 -3.7753891333
6.93 -0.807167079793 -3.78514668523
6.935 -0.826114675495 -3.79368513443
6.94 -0.845101833407 -3.8009650446
6.945 -0.864122164156 -3.80694806248
6.95 -0.883169090048 -3.81159713932
6.955 -0.902235852103 -3.81487670461
6.96 -0.921315517432 -3.81675281136
6.965 -0.940400986958 -3.81719326175
6.97 -0.959485006165 -3.81616785429
6.975 -0.978560174997 -3.81364854159
6.98 -0.997618958407 -3.80960952433
6.985 -1.01665369814 -3.8040274019
6.99 -1.03565662563 -3.79688137243
6.995 -1.05461987495 -3.78815336633
7.0 -1.07353549694 -3.77782819147
7.005 -1.0923954742 -3.76589366755
7.01 -1.11119173545 -3.75234067022
7.015 -1.12991617231 -3.7371632907
7.02 -1.1485606557 -3.72035893283
7.025 -1.16711705044 -3.70192834969
7.03 -1.18557723461 -3.68187574624
7.035 -1.20393311638 -3.66020881778
7.04 -1.22217664971 -3.63693874364
7.045 -1.24029985474 -3.61208024984
7.05 -1.25829483402 -3.58565158639
7.055 -1.27615378851 -3.55767448865
7.06 -1.29386903845 -3.52817417156
7.065 -1.31143303796 -3.49717925444
7.07 -1.32883839165 -3.46472168423
7.075 -1.34607787395 -3.43083665806
7.08 -1.36314444179 -3.3955625092
7.085 -1.38003125107 -3.35894058249
7.09 -1.39673167341 -3.32101509417
7.095 -1.41323930655 -3.28183299048
7.1 -1.42954798984 -3.24144376872
7.105 -1.44565181747 -3.19989929313
7.11 -1.46154514657 -3.15725363523
7.115 -1.47722261058 -3.11356284178
7.12 -1.49267912847 -3.06888472952
7.125 -1.50790991073 -3.02327871158
7.13 -1.52291046935 -2.9768055246
7.135 -1.53767662319 -2.92952702482
7.14 -1.55220450173 -2.88150600046
7.145 -1.5664905509 -2.83280588075
7.15 -1.580531535 -2.78349055136
7.155 -1.59432453799 -2.73362414997
7.16 -1.60786696491 -2.68327078819
7.165 -1.621156541 -2.63249439292
7.17 -1.63419131009 -2.58135849103
7.175 -1.64696963197 -2.52992596939
7.18 -1.65949017942 -2.47825894091
7.185 -1.67175193323 -2.42641853542
7.19 -1.68375417648 -2.37446470915
7.195 -1.69549648979 -2.32245613385
7.2 -1.70697874304 -2.27045001262
7.205 -1.7182010876 -2.21850194144
7.21 -1.72916394992 -2.16666581935
7.215 -1.73986802049 -2.11499370582
7.22 -1.75031424489 -2.06353572942
7.225 -1.76050381588 -2.0123400193
7.23 -1.77043816033 -1.96145261399
7.235 -1.78011893002 -1.91091740795
7.24 -1.78954799198 -1.86077610779
7.245 -1.79872741474 -1.81106819319
7.25 -1.80765945978 -1.76183088892
7.255 -1.81634656964 -1.71309915382
7.26 -1.82479135371 -1.6649056875
7.265 -1.83299657788 -1.61728093425
7.27 -1.84096515975 -1.57025306632
7.275 -1.84870014997 -1.52384805034
7.28 -1.85620472149 -1.47808968246
7.285 -1.86348216163 -1.43299960009
7.29 -1.87053586281 -1.38859731437
7.295 -1.87736930929 -1.34490029493
7.3 -1.88398606725 -1.30192401537
7.305 -1.89038977472 -1.25968202149
7.31 -1.89658413201 -1.21818600295
7.315 -1.9025728948 -1.17744582654
7.32 -1.90835986363 -1.13746963447
7.325 -1.91394887532 -1.09826392012
7.33 -1.91934379527 -1.05983358309
7.335 -1.9245485094 -1.02218202608
7.34 -1.92956691698 -0.985311224237
7.345 -1.93440292401 -0.949221787194
7.35 -1.93906043615 -0.913913059052
7.355 -1.94354335273 -0.879383179796
7.36 -1.94785556102 -0.845629157584
7.365 -1.95200093065 -0.812646956925
7.37 -1.95598330855 -0.780431556461
7.375 -1.95980651425 -0.748977024912
7.38 -1.96347433557 -0.718276595992
7.385 -1.96699052439 -0.688322723607
7.39 -1.97035879316 -0.659107154762
7.395 -1.9735828115 -0.630620992521
7.4 -1.97666620283 -0.60285474876
7.405 -1.97961254197 -0.575798409193
7.41 -1.98242535248 -0.549441486389
7.415 -1.98510810419 -0.523773069276
7.42 -1.98766421168 -0.498781877782
7.425 -1.99009703213 -0.474456307843
7.43 -1.99240986388 -0.450784476475
7.435 -1.99460594561 -0.427754266303
7.44 -1.99668845499 -0.405353364596
7.445 -1.99866050701 -0.383569299563
7.45 -2.0005251545 -0.362389477293
7.455 -2.0022853873 -0.341801214246
7.46 -2.00394413105 -0.321791770235
7.465 -2.00550424791 -0.302348374519
7.47 -2.00696853647 -0.283458252156
7.475 -2.00833973105 -0.265108652308
7.48 -2.0096205023 -0.247286868487
7.485 -2.01081345791 -0.229980257468
7.49 -2.01192114232 -0.213176262087
7.495 -2.01294603719 -0.19686242938
7.5 -2.01389056256 -0.181026421506
7.505 -2.01475707718 -0.165656032765
7.51 -2.01554787865 -0.150739207066
7.515 -2.01626520501 -0.136264042375
7.52 -2.01691123537 -0.122218802575
7.525 -2.01748809018 -0.108591932558
7.53 -2.01799783276 -0.095372059993
7.535 -2.01844247022 -0.0825480021451
7.54 -2.01882395378 -0.0701087797114
7.545 -2.01914418033 -0.0580436153089
7.55 -2.01940499375 -0.0463419342809
7.555 -2.01960818587 -0.0349933686428
7.56 -2.01975549765 -0.0239877587421
7.565 -2.01984861903 -0.0133151698385
7.57 -2.01988919046 -0.00296588773221
7.575 -2.01987880395 0.00706958019538
7.58 -2.01981900386 0.016800501858
7.585 -2.01971129036 0.0262359451883
7.59 -2.01955711949 0.0353847684481
7.595 -2.01935790441 0.044255623266
7.6 -2.01911501323 0.0528569210407
7.605 -2.01882977203 0.0611968559428
7.61 -2.01850346708 0.0692834191908
7.615 -2.01813734624 0.0771244044547
7.62 -2.01773261908 0.0847274016472
7.625 -2.01729045663 0.0920997856171
7.63 -2.01681199376 0.0992487343246
7.635 -2.01629833011 0.106181230683
7.64 -2.01575053091 0.112904064757
7.645 -2.01516962788 0.119423836383
7.65 -2.01455662024 0.125746958701
7.655 -2.01391247561 0.131879662491
7.66 -2.01323813089 0.137827998937
7.665 -2.01253449312 0.143597843759
7.67 -2.01180244043 0.149194901041
7.675 -2.01104282284 0.154624706997
7.68 -2.01025646313 0.159892633746
7.685 -2.00944415755 0.165003892312
7.69 -2.00860667673 0.169963537875
7.695 -2.00774476644 0.174776473552
7.7 -2.00685914835 0.179447454449
7.705 -2.00595052071 0.183981090298
7.71 -2.00501955893 0.188381845688
7.715 -2.00406691653 0.192654049931
7.72 -2.00309322572 0.196801899056
7.725 -2.00209909806 0.20082945954
7.73 -2.00108512512 0.204740670138
7.735 -2.00005187907 0.208539343121
7.74 -1.99899991329 0.212229173085
7.745 -1.99792976299 0.215813738468
7.75 -1.99684194576 0.219296505014
7.755 -1.99573696215 0.22268082755
7.76 -1.99461529628 0.225969952752
7.765 -1.99347741622 0.229167024889
7.77 -1.99232377458 0.232275087834
7.775 -1.99115480895 0.235297088163
7.78 -1.98997094249 0.238235876945
7.785 -1.98877258439 0.241094212972
7.79 -1.98756013019 0.243874766562
7.795 -1.98633396228 0.246580121776
7.8 -1.98509445031 0.249212779109
7.805 -1.98384195172 0.251775157567
7.81 -1.98257681208 0.254269597534
7.815 -1.98129936538 0.256698363422
7.82 -1.98000993446 0.259063645908
7.825 -1.97870883134 0.261367564257
7.83 -1.97739635774 0.263612168545
7.835 -1.9760728053 0.265799441878
7.84 -1.97473845584 0.267931302515
7.845 -1.97339358173 0.270009605916
7.85 -1.97203844619 0.272036146817
7.855 -1.97067330399 0.274012661795
7.86 -1.96929840114 0.275940830201
7.865 -1.96791397532 0.277822276155
7.87 -1.96652025616 0.279658570391
7.875 -1.96511746547 0.281451231927
7.88 -1.96370581749 0.283201729674
7.885 -1.96228551906 0.28491148397
7.89 -1.96085676991 0.286581868155
7.895 -1.95941976399 0.288214213032
7.9 -1.95797468866 0.289809805603
7.905 -1.95652172458 0.291369889764
7.91 -1.95506104633 0.292895668572
7.915 -1.95359282257 0.294388305545
7.92 -1.9521172162 0.295848925896
7.925 -1.95063438461 0.297278618053
7.93 -1.94914447991 0.298678436085
7.935 -1.94764764893 0.300049398782
7.94 -1.94614403345 0.30139249132
7.945 -1.94463377034 0.302708666419
7.95 -1.94311699165 0.303998845313
7.955 -1.94159382481 0.30526391867
7.96 -1.9400643932 0.306504749566
7.965 -1.93852881636 0.307722174583
7.97 -1.93698720931 0.308917001386
7.975 -1.93543968304 0.310090011269
7.98 -1.93388634472 0.311241959972
7.985 -1.93232729772 0.312373578454
7.99 -1.93076264178 0.313485573756
7.995 -1.92919247348 0.314578631985
8.0 -1.92761688592 0.315653416662
8.005 -1.92603596888 0.316710569297
8.01 -1.92444980892 0.317750710605
8.015 -1.92285848955 0.318774441138
8.02 -1.92126209124 0.319782341878
8.025 -1.91966069167 0.3207749754
8.03 -1.91805436602 0.321752887993
8.035 -1.9164431866 0.322716607382
8.04 -1.91482722308 0.323666644242
8.045 -1.91320654259 0.324603492831
8.05 -1.9115812098 0.325527631476
8.055 -1.90995128698 0.32643952303
8.06 -1.90831683427 0.327339616792
8.065 -1.90667790973 0.328228348531
8.07 -1.90503456911 0.329106139373
8.075 -1.90338686608 0.329973397127
8.08 -1.90173485229 0.33083051669
8.085 -1.9000785774 0.331677880428
8.09 -1.89841808921 0.332515858659
8.095 -1.89675343383 0.333344811445
8.1 -1.89508465557 0.334165087247
8.105 -1.89341179698 0.334977023418
8.11 -1.89173489891 0.335780946811
8.115 -1.8900540006 0.336577174086
8.12 -1.88836913969 0.337366012003
8.125 -1.88668035234 0.338147758175
8.13 -1.88498767343 0.338922702149
8.135 -1.88329113625 0.33969112395
8.14 -1.88159077274 0.340453295027
8.145 -1.87988661347 0.341209478557
8.15 -1.8781786877 0.341959929683
8.155 -1.87646702342 0.34270489575
8.16 -1.87475164748 0.343444617391
8.165 -1.87303258559 0.344179328261
8.17 -1.87130986222 0.344909254683
8.175 -1.86958350076 0.345634616264
8.18 -1.86785352346 0.346355626093
8.185 -1.86611995153 0.347072490927
8.19 -1.86438280517 0.347785411483
8.195 -1.86264210365 0.348494583388
8.2 -1.86089786528 0.349200196332
8.205 -1.85915010738 0.34990243442
8.21 -1.85739884638 0.350601476464
8.215 -1.85564409778 0.351297496137
8.22 -1.85388587626 0.351990662118
8.225 -1.85212419566 0.35268113854
8.23 -1.85035906908 0.353369085424
8.235 -1.84859050879 0.354054657986
8.24 -1.84681852627 0.354738007131
8.245 -1.84504313227 0.355419279598
8.25 -1.84326433679 0.356098618082
8.255 -1.84148214913 0.356776161356
8.26 -1.83969657794 0.35745204486
8.265 -1.83790763123 0.35812640045
8.27 -1.8361153163 0.35879935632
8.275 -1.83431963985 0.359471037289
8.28 -1.83252060793 0.360141564895
8.285 -1.83071822599 0.360811057496
8.29 -1.82891249891 0.361479630436
8.295 -1.82710343103 0.362147396514
8.3 -1.82529102612 0.362814465519
8.305 -1.82347528739 0.363480944454
8.31 -1.82165621754 0.364146937669
8.315 -1.81983381872 0.364812546944
8.32 -1.81800809258 0.365477871563
8.325 -1.81617904033 0.366143008619
8.33 -1.81434666268 0.366808053149
8.335 -1.81251095989 0.367473097723
8.34 -1.81067193171 0.368138232757
8.345 -1.80882957747 0.368803546573
8.35 -1.80698389604 0.36946912546
8.355 -1.80513488586 0.37013505373
8.36 -1.80328254493 0.370801413766
8.365 -1.8014268709 0.371468286485
8.37 -1.79956786106 0.372135751526
8.375 -1.79770551227 0.372803886425
8.38 -1.79583982099 0.373472767104
8.385 -1.7939707833 0.374142467927
8.39 -1.79209839491 0.374813061749
8.395 -1.79022265115 0.375484619957
8.4 -1.78834354702 0.376157212516
8.405 -1.78646107716 0.376830908248
8.41 -1.78457523595 0.377505774979
8.415 -1.78268601734 0.378181879025
8.42 -1.78079341501 0.378859285507
8.425 -1.77889742227 0.379538058391
8.43 -1.77699803212 0.380218260525
8.435 -1.77509523726 0.38089995367
8.44 -1.77318903005 0.381583198537
8.445 -1.77127940258 0.38226805502
8.45 -1.76936634669 0.382954582331
8.455 -1.76744985389 0.383642838541
8.46 -1.76552991537 0.384332880856
8.465 -1.76360652206 0.385024765641
8.47 -1.76167966462 0.385718548459
8.475 -1.7597493334 0.386414284092
8.48 -1.75781551848 0.387112026566
8.485 -1.75587820969 0.387811829333
8.49 -1.75393739664 0.388513745377
8.495 -1.75199306862 0.389217826871
8.5 -1.75004521468 0.389924125374
8.505 -1.74809382361 0.390632691867
8.51 -1.74613888393 0.391343576769
8.515 -1.74418038392 0.392056829967
8.52 -1.74221831162 0.39277250083
8.525 -1.7402526548 0.393490638334
8.53 -1.73828340103 0.394211291144
8.535 -1.73631053762 0.394934507381
8.54 -1.73433405162 0.395660334758
8.545 -1.73235392987 0.396388820611
8.55 -1.73037015895 0.397120011908
8.555 -1.7283827252 0.397853955276
8.56 -1.72639161476 0.398590697011
8.565 -1.72439681349 0.399330283182
8.57 -1.7223983071 0.400072759711
8.575 -1.720396081 0.400818172157
8.58 -1.71839012042 0.401566565846
8.585 -1.71638041032 0.402317985885
8.59 -1.71436693547 0.403072477182
8.595 -1.71234968038 0.403830084455
8.6 -1.71032862937 0.404590852253
8.605 -1.70830376652 0.40535482505
8.61 -1.70627507571 0.406122047312
8.615 -1.70424254059 0.406892563271
8.62 -1.70220614459 0.407666417057
8.625 -1.70016587089 0.408443652713
8.63 -1.69812170248 0.409224314208
8.635 -1.69607362211 0.410008445448
8.64 -1.69402161232 0.410796090287
8.645 -1.69196565542 0.41158729254
8.65 -1.6899057335 0.412382095986
8.655 -1.68784182842 0.413180544448
8.66 -1.68577392189 0.413982682147
8.665 -1.68370199536 0.414788553124
8.67 -1.68162603006 0.415598201409
8.675 -1.67954600698 0.416411671088
8.68 -1.67746190692 0.417229006321
8.685 -1.67537371044 0.418050251348
8.69 -1.67328139786 0.418875450499
8.695 -1.6711849493 0.419704648206
8.7 -1.66908434465 0.420537889009
8.705 -1.66697956358 0.421375217575
8.71 -1.66487058554 0.422216678922
8.715 -1.66275738978 0.423062318215
8.72 -1.66063995528 0.42391218069
8.725 -1.65851826083 0.424766311767
8.73 -1.65639228497 0.425624757058
8.735 -1.654262006 0.426487562374
8.74 -1.65212740202 0.427354773739
8.745 -1.64998845086 0.428226437395
8.75 -1.64784513016 0.429102599814
8.755 -1.64569741729 0.429983307702
8.76 -1.64354528941 0.430868608111
8.765 -1.64138872345 0.431758548492
8.77 -1.63922769609 0.432653176445
8.775 -1.63706218378 0.43355253986
8.78 -1.63489216273 0.434456686929
8.785 -1.63271760888 0.435365666156
8.79 -1.63053849795 0.436279526365
8.795 -1.62835480542 0.437198316711
8.8 -1.62616650651 0.438122086686
8.805 -1.62397357618 0.439050886129
8.81 -1.62177598917 0.439984765263
8.815 -1.61957371995 0.440923774843
8.82 -1.61736674276 0.44186796592
8.825 -1.61515503155 0.442817389922
8.83 -1.61293856003 0.443772098687
8.835 -1.61071730164 0.44473214447
8.84 -1.60849122958 0.445697579955
8.845 -1.60626031675 0.446668458264
8.85 -1.60402453582 0.447644832963
8.855 -1.60178385916 0.448626758079
8.86 -1.59953825888 0.449614288101
8.865 -1.59728770683 0.450607478098
8.87 -1.59503217455 0.451606383619
8.875 -1.59277163335 0.452611060676
8.88 -1.59050605422 0.4536215658
8.885 -1.58823540787 0.454637956044
8.89 -1.58595966474 0.455660288998
8.895 -1.58367879497 0.456688622795
8.9 -1.58139276841 0.457723016124
8.905 -1.57910155461 0.458763528241
8.91 -1.57680512282 0.459810218973
8.915 -1.57450344206 0.460863148766
8.92 -1.57219648085 0.461922378813
8.925 -1.56988420761 0.462987970756
8.93 -1.56756659039 0.464059986905
8.935 -1.5652435969 0.465138490209
8.94 -1.56291519454 0.466223544267
8.945 -1.56058135041 0.467315213336
8.95 -1.55824203125 0.468413562347
8.955 -1.55589720352 0.469518656913
8.96 -1.55354683331 0.47063056334
8.965 -1.5511908864 0.471749348674
8.97 -1.54882932822 0.472875080848
8.975 -1.54646212384 0.474007828405
8.98 -1.54408923802 0.475147660617
8.985 -1.54171063517 0.476294647511
8.99 -1.53932627933 0.477448859883
8.995 -1.53693613419 0.478610369314
9.0 -1.53454016309 0.479779248174
9.005 -1.532138329 0.480955569641
9.01 -1.52973059454 0.482139407707
9.015 -1.52731692193 0.483330837192
9.02 -1.52489727305 0.484529933756
9.025 -1.52247160939 0.48573677391
9.03 -1.52003989204 0.486951435028
9.035 -1.51760208173 0.48817399543
9.04 -1.51515813863 0.489404535043
9.045 -1.5127080226 0.490643134327
9.05 -1.51025169313 0.49188987452
9.055 -1.50778910932 0.493144837808
9.06 -1.50532022983 0.494408107345
9.065 -1.50284501295 0.49567976726
9.07 -1.50036341651 0.496959902675
9.075 -1.49787539796 0.498248599712
9.08 -1.49538091431 0.499545945513
9.085 -1.49287992212 0.500852028246
9.09 -1.49037237756 0.502166937122
9.095 -1.48785823633 0.503490762409
9.1 -1.48533745372 0.50482359544
9.105 -1.48280998455 0.506165528671
9.11 -1.48027578284 0.507516656657
9.115 -1.47773480226 0.508877074832
9.12 -1.47518699611 0.510246879463
9.125 -1.47263231722 0.511626168018
9.13 -1.47007071791 0.513015039182
9.135 -1.46750215005 0.514413592872
9.14 -1.46492656496 0.515821930254
9.145 -1.46234391351 0.517240153761
9.15 -1.45975414604 0.518668367109
9.155 -1.45715721236 0.52010667531
9.16 -1.45455306181 0.521555184692
9.165 -1.45194164308 0.523014003144
9.17 -1.44932290417 0.524483240438
9.175 -1.44669679269 0.525963007284
9.18 -1.4440632557 0.527453415783
9.185 -1.44142223973 0.528954579479
9.19 -1.43877369072 0.530466613369
9.195 -1.43611755406 0.531989633932
9.2 -1.43345377456 0.533523759139
9.205 -1.43078229644 0.535069108477
9.21 -1.42810306335 0.536625802965
9.215 -1.42541601834 0.538193965172
9.22 -1.42272110385 0.53977371927
9.225 -1.42001826138 0.541365192195
9.23 -1.41730743186 0.542968512328
9.235 -1.41458855572 0.544583809272
9.24 -1.41186157275 0.546211214357
9.245 -1.4091264221 0.547850860659
9.25 -1.40638304223 0.549502883029
9.255 -1.40363137097 0.551167418108
9.26 -1.40087134545 0.552844604359
9.265 -1.39810290214 0.554534582079
9.27 -1.3953259768 0.556237493433
9.275 -1.3925405045 0.557953482467
9.28 -1.38974641951 0.55968269558
9.285 -1.38694365496 0.561425282379
9.29 -1.38413214357 0.563181393489
9.295 -1.38131181734 0.564951181503
9.3 -1.37848260751 0.566734801111
9.305 -1.37564444455 0.568532409124
9.31 -1.37279725815 0.570344164507
9.315 -1.36994097723 0.572170228397
9.32 -1.3670755299 0.574010764141
9.325 -1.36420084348 0.575865937316
9.33 -1.36131684448 0.577735915761
9.335 -1.35842345858 0.579620869628
9.34 -1.35552061017 0.581520973023
9.345 -1.35260822283 0.583436402333
9.35 -1.34968621946 0.58536733565
9.355 -1.3467545221 0.58731395358
9.36 -1.34381305189 0.589276439281
9.365 -1.34086172905 0.591254978497
9.37 -1.33790047291 0.593249759591
9.375 -1.33492920183 0.595260973578
9.38 -1.33194783328 0.59728881416
9.385 -1.32895628375 0.599333477758
9.39 -1.32595446878 0.601395163549
9.395 -1.32294230282 0.603474073973
9.4 -1.31991969885 0.605570416074
9.405 -1.31688656912 0.607684398741
9.41 -1.3138428249 0.609816233775
9.415 -1.3107883764 0.611966136088
9.42 -1.30772313272 0.614134323753
9.425 -1.30464700191 0.616321018042
9.43 -1.30155989091 0.61852644348
9.435 -1.29846170553 0.620750827881
9.44 -1.29535235044 0.622994402468
9.445 -1.29223172895 0.625257402655
9.45 -1.28909974326 0.627540067037
9.455 -1.28595629445 0.629842637578
9.46 -1.2828012824 0.632165359843
9.465 -1.27963460575 0.634508483044
9.47 -1.27645616192 0.636872260095
9.475 -1.27326584708 0.639256947659
9.48 -1.27006355613 0.641662806199
9.485 -1.26684918269 0.64409010004
9.49 -1.26362261871 0.646539098882
9.495 -1.26038375477 0.649010076606
9.5 -1.25713248027 0.651503310493
9.505 -1.25386868324 0.654019082047
9.51 -1.25059225032 0.656557677058
9.515 -1.24730306669 0.659119385663
9.52 -1.24400101615 0.661704502409
9.525 -1.240685981 0.66431332631
9.53 -1.23735784208 0.666946160911
9.535 -1.23401647852 0.669603315249
9.54 -1.23066176758 0.672285104255
9.545 -1.22729358528 0.67499184657
9.55 -1.22391180604 0.677723865762
9.555 -1.2205163027 0.680481490422
9.56 -1.21710694645 0.68326505424
9.565 -1.21368360682 0.686074896073
9.57 -1.21024615167 0.688911360022
9.575 -1.20679444719 0.691774795501
9.58 -1.20332835769 0.694665557826
9.585 -1.19984774517 0.697584009946
9.59 -1.19635247021 0.700530519171
9.595 -1.19284239159 0.703505458412
9.6 -1.18931736623 0.70650920648
9.605 -1.1857772492 0.709542148177
9.61 -1.18222189362 0.712604674379
9.615 -1.17865115072 0.715697182125
9.62 -1.17506486974 0.718820074699
9.625 -1.17146289792 0.72197376191
9.63 -1.16784507976 0.725158662667
9.635 -1.16421125795 0.728375201673
9.64 -1.16056127322 0.731623809805
9.645 -1.15689496415 0.734904924887
9.65 -1.15321216714 0.738218991789
9.655 -1.14951271641 0.741566462534
9.66 -1.14579644393 0.744947796396
9.665 -1.1420631794 0.748363460003
9.67 -1.13831275024 0.751813927454
9.675 -1.13454498088 0.755299682915
9.68 -1.13075969321 0.758821218839
9.685 -1.1269567071 0.762379034277
9.69 -1.12313583988 0.765973636459
9.695 -1.11929690641 0.769605540915
9.7 -1.11543971895 0.773275271598
9.705 -1.1115640872 0.776983361003
9.71 -1.10766981821 0.780730350292
9.715 -1.10375671639 0.784516789417
9.72 -1.09982458309 0.788343238576
9.725 -1.0958732163 0.79221026935
9.73 -1.09190241164 0.796118461064
9.735 -1.08791196182 0.800068402682
9.74 -1.08390165661 0.804060693027
9.745 -1.07987128279 0.808095940929
9.75 -1.07582062409 0.812174765382
9.755 -1.07174946117 0.816297795732
9.76 -1.06765757119 0.820465673025
9.765 -1.06354472815 0.824679048963
9.77 -1.05941070291 0.828938585777
9.775 -1.05525526302 0.833244956827
9.78 -1.0510781727 0.837598846765
9.785 -1.04687919273 0.842000951706
9.79 -1.04265808049 0.846451979396
9.795 -1.03841458968 0.850952649961
9.8 -1.03414846975 0.855503697981
9.805 -1.02985946689 0.860105869092
9.81 -1.0255473236 0.864759921362
9.815 -1.0212117786 0.869466625703
9.82 -1.0168525668 0.874226766068
9.825 -1.01246941917 0.879041139646
9.83 -1.00806206276 0.883910557055
9.835 -1.00363022012 0.888835844129
9.84 -0.999173609401 0.893817841594
9.845 -0.994691944917 0.898857403316
9.85 -0.990184936715 0.903955397709
9.855 -0.985652290509 0.909112707952
9.86 -0.981093707617 0.914330232209
9.865 -0.976508884904 0.919608883851
9.87 -0.971897514637 0.9249495919
9.875 -0.967259283653 0.930353303541
9.88 -0.962593874346 0.935820981238
9.885 -0.957900964457 0.941353603382
9.89 -0.953180226837 0.946952165034
9.895 -0.948431329381 0.952617678164
9.9 -0.943653934949 0.958351171902
9.905 -0.938847701301 0.964153692783
9.91 -0.934012280473 0.970026306402
9.915 -0.929147319146 0.975970096525
9.92 -0.924252458288 0.981986166078
9.925 -0.919327333773 0.98807563564
9.93 -0.914371575861 0.994239644821
9.935 -0.909384809124 1.00047935252
9.94 -0.904366652376 1.00679593718
9.945 -0.899316718563 1.01319059709
9.95 -0.894234613688 1.01966455255
9.955 -0.889119937718 1.02621904426
9.96 -0.883972284829 1.03285533301
9.965 -0.878791242878 1.03957470076
9.97 -0.873576393312 1.04637845095
9.975 -0.868327311058 1.05326790885
9.98 -0.863043564426 1.06024442181
9.985 -0.857724714998 1.06730935965
9.99 -0.852370317526 1.07446411494
9.995 -0.846979919813 1.08171010336
