0.0 -2.0 0.0
0.005 -1.99997530809 0.0098147728305
0.01 -1.99990245263 0.019268115946
0.015 -1.99978320668 0.0283731920667
0.02 -1.99961927986 0.0371427547151
0.025 -1.99941231846 0.0455891420897
0.03 -1.99916390769 0.0537242867544
0.035 -1.99887557518 0.0615597334559
0.04 -1.99854879137 0.0691066383644
0.045 -1.99818497224 0.0763757825224
0.05 -1.99778548008 0.0833775757045
0.055 -1.99735162549 0.0901220667239
0.06 -1.99688467095 0.0966189618371
0.065 -1.99638583196 0.102877629852
0.07 -1.99585627633 0.108907102483
0.075 -1.99529712819 0.114716092829
0.08 -1.99470946874 0.12031300239
0.085 -1.99409433802 0.125705930408
0.09 -1.99345273629 0.130902683025
0.095 -1.99278562547 0.135910782295
0.1 -1.99209393069 0.140737475257
0.105 -1.99137854132 0.145389742042
0.11 -1.99064031261 0.149874305284
0.115 -1.98988006646 0.154197636949
0.12 -1.98909859336 0.158365969202
0.125 -1.98829665375 0.162385302824
0.13 -1.9874749783 0.166261412339
0.135 -1.98663426835 0.169999851056
0.14 -1.98577519899 0.17360596638
0.145 -1.98489841954 0.177084905245
0.15 -1.98400455309 0.180441614432
0.155 -1.98309419835 0.18368085188
0.16 -1.98216793147 0.18680719751
0.165 -1.98122630639 0.189825057375
0.17 -1.9802698542 0.192738661955
0.175 -1.97929908583 0.195552082301
0.18 -1.97831449275 0.19826923564
0.185 -1.97731654709 0.200893887372
0.19 -1.97630570157 0.20342965192
0.195 -1.97528239199 0.205880008637
0.2 -1.97424703737 0.20824830394
0.205 -1.97320003996 0.210537752289
0.21 -1.97214178565 0.21275143944
0.215 -1.97107264603 0.214892336582
0.22 -1.96999297826 0.216963300539
0.225 -1.9689031246 0.218967070607
0.23 -1.96780341426 0.220906282157
0.235 -1.96669416385 0.222783470036
0.24 -1.96557567772 0.224601071557
0.245 -1.96444824829 0.226361428936
0.25 -1.96331215604 0.228066789537
0.255 -1.96216767049 0.229719313636
0.26 -1.96101505025 0.231321075356
0.265 -1.9598545433 0.232874064768
0.27 -1.95868638835 0.234380197423
0.275 -1.95751081567 0.235841319794
0.28 -1.95632804606 0.237259203899
0.285 -1.95513829189 0.238635554163
0.29 -1.95394175678 0.239972005931
0.295 -1.95273863609 0.241270129224
0.3 -1.95152911754 0.242531433076
0.305 -1.95031338124 0.243757366448
0.31 -1.94909160065 0.244949324541
0.315 -1.94786394237 0.246108648148
0.32 -1.94663056635 0.247236625234
0.325 -1.94539162623 0.248334493732
0.33 -1.94414726955 0.24940344324
0.335 -1.94289763803 0.250444617182
0.34 -1.9416428678 0.251459114572
0.345 -1.94038308958 0.252447991731
0.35 -1.93911842894 0.253412264065
0.355 -1.93784900644 0.254352907429
0.36 -1.93657493781 0.255270859636
0.365 -1.93529633421 0.25616702226
0.37 -1.93401330245 0.257042262651
0.375 -1.93272594505 0.257897414318
0.38 -1.93143436045 0.258733278566
0.385 -1.93013864313 0.259550625861
0.39 -1.92883888383 0.260350197055
0.395 -1.92753516964 0.261132704383
0.4 -1.92622758412 0.261898832603
0.405 -1.92491620758 0.262649240798
0.41 -1.92360111707 0.263384562797
0.415 -1.9222823865 0.264105407753
0.42 -1.92096008674 0.264812361291
0.425 -1.91963428576 0.265505986312
0.43 -1.91830504868 0.266186823741
0.435 -1.91697243813 0.266855395064
0.44 -1.9156365144 0.267512203697
0.445 -1.9142973351 0.268157732286
0.45 -1.91295495546 0.268792444998
0.455 -1.91160942836 0.269416788159
0.46 -1.91026080447 0.270031190832
0.465 -1.90890913238 0.27063606614
0.47 -1.90755445894 0.271231813939
0.475 -1.90619682883 0.271818817669
0.48 -1.90483628487 0.272397446106
0.485 -1.90347286799 0.27296805402
0.49 -1.90210661737 0.273530982629
0.495 -1.90073757048 0.274086560248
0.5 -1.89936576343 0.274635104882
0.505 -1.89799123066 0.275176922057
0.51 -1.89661400507 0.275712305524
0.515 -1.89523411809 0.276241538025
0.52 -1.89385159974 0.276764891643
0.525 -1.89246647866 0.277282628166
0.53 -1.89107878237 0.27779500106
0.535 -1.88968853715 0.27830225465
0.54 -1.888295768 0.278804623705
0.545 -1.88690049878 0.279302334362
0.55 -1.8855027522 0.279795604408
0.555 -1.88410254988 0.280284643545
0.56 -1.88269991246 0.280769654372
0.565 -1.88129485968 0.281250832903
0.57 -1.87988741023 0.281728367459
0.575 -1.87847758187 0.282202439557
0.58 -1.87706539145 0.28267322414
0.585 -1.87565085494 0.283140889782
0.59 -1.8742339875 0.283605599189
0.595 -1.87281480358 0.284067510218
0.6 -1.87139331682 0.284526774645
0.605 -1.86996954007 0.284983538827
0.61 -1.86854348547 0.285437943947
0.615 -1.86711516444 0.285890126183
0.62 -1.86568458772 0.28634021694
0.625 -1.86425176551 0.286788343824
0.63 -1.86281670734 0.287234629825
0.635 -1.86137942212 0.287679193576
0.64 -1.85993991815 0.28812214964
0.645 -1.85849820319 0.288563608639
0.65 -1.85705428442 0.289003677387
0.655 -1.85560816855 0.289442459562
0.66 -1.85415986179 0.289880055438
0.665 -1.85270936983 0.290316561768
0.67 -1.85125669789 0.290752072092
0.675 -1.84980185069 0.291186676845
0.68 -1.84834483253 0.291620463453
0.685 -1.84688564728 0.29205351671
0.69 -1.84542429843 0.292485918971
0.695 -1.84396078905 0.292917749721
0.7 -1.84249512179 0.293349085916
0.705 -1.84102729894 0.293780002068
0.71 -1.83955732239 0.294210570322
0.715 -1.83808519371 0.294640860664
0.72 -1.83661091414 0.295070941327
0.725 -1.83513448459 0.295500878212
0.73 -1.83365590561 0.29593073518
0.735 -1.83217517744 0.29636057415
0.74 -1.83069229999 0.29679045515
0.745 -1.82920727288 0.297220436374
0.75 -1.82772009544 0.297650574246
0.755 -1.82623076678 0.298080924216
0.76 -1.82473928574 0.298511540119
0.765 -1.82324565086 0.298942474027
0.77 -1.82174986041 0.29937377656
0.775 -1.82025191244 0.299805496928
0.78 -1.81875180472 0.300237682973
0.785 -1.81724953478 0.300670381211
0.79 -1.81574509994 0.301103637051
0.795 -1.81423849735 0.301537495077
0.8 -1.81272972389 0.301971998464
0.805 -1.81121877623 0.302407189275
0.81 -1.80970565082 0.302843108512
0.815 -1.80819034391 0.303279796148
0.82 -1.80667285155 0.303717291155
0.825 -1.8051531696 0.304155631562
0.83 -1.80363129374 0.304594854864
0.835 -1.8021072195 0.30503499761
0.84 -1.80058094219 0.305476095438
0.845 -1.79905245694 0.30591818319
0.85 -1.7975217587 0.306361294948
0.855 -1.79598884228 0.30680546405
0.86 -1.79445370227 0.307250723115
0.865 -1.79291633316 0.307697104225
0.87 -1.79137672928 0.308144639018
0.875 -1.78983488478 0.308593358357
0.88 -1.78829079367 0.309043292524
0.885 -1.78674444979 0.309494471243
0.89 -1.78519584685 0.309946923702
0.895 -1.78364497839 0.310400678565
0.9 -1.78209183784 0.310855764019
0.905 -1.78053641847 0.311312207959
0.91 -1.77897871344 0.311770037774
0.915 -1.77741871575 0.312229280402
0.92 -1.77585641826 0.312689962375
0.925 -1.77429181371 0.31315210984
0.93 -1.7727248947 0.313615748568
0.935 -1.77115565371 0.314080903969
0.94 -1.76958408309 0.314547601218
0.945 -1.76801017508 0.31501586525
0.95 -1.76643392178 0.315485720622
0.955 -1.76485531519 0.315957191612
0.96 -1.76327434715 0.316430302232
0.965 -1.76169100941 0.316905076236
0.97 -1.76010529359 0.317381537138
0.975 -1.75851719119 0.317859708239
0.98 -1.75692669361 0.318339612755
0.985 -1.75533379213 0.318821273639
0.99 -1.75373847792 0.319304713647
0.995 -1.75214074202 0.319789955357
1.0 -1.75054057536 0.320277021185
1.005 -1.74893796877 0.320765933389
1.01 -1.74733291294 0.321256714078
1.015 -1.74572539849 0.321749385226
1.02 -1.7441154159 0.32224396884
1.025 -1.74250295557 0.322740486783
1.03 -1.74088800777 0.323238960782
1.035 -1.73927056267 0.323739412474
1.04 -1.73765061032 0.324241863418
1.045 -1.73602814068 0.324746335102
1.05 -1.73440314357 0.325252848947
1.055 -1.73277560875 0.325761426314
1.06 -1.73114552582 0.32627208859
1.065 -1.72951288434 0.326784857147
1.07 -1.7278776737 0.327299753287
1.075 -1.72623988322 0.327816798295
1.08 -1.72459950211 0.328336013439
1.085 -1.72295651945 0.328857419983
1.09 -1.72131092423 0.329381039187
1.095 -1.71966270533 0.329906892317
1.1 -1.71801185154 0.330435000682
1.105 -1.71635835153 0.330965385669
1.11 -1.71470219385 0.331498068649
1.115 -1.71304336698 0.332033071028
1.12 -1.71138185925 0.332570414253
1.125 -1.70971765891 0.333110119819
1.13 -1.70805075409 0.333652209272
1.135 -1.70638113281 0.334196704215
1.14 -1.704708783 0.334743626325
1.145 -1.70303369246 0.335292997407
1.15 -1.7013558489 0.335844839314
1.155 -1.69967523991 0.336399173975
1.16 -1.69799185297 0.336956023409
1.165 -1.69630567545 0.337515409728
1.17 -1.69461669461 0.338077355144
1.175 -1.6929248976 0.338641881969
1.18 -1.69123027145 0.339209012628
1.185 -1.68953280309 0.339778769694
1.19 -1.68783247933 0.340351175851
1.195 -1.68612928687 0.3409262539
1.2 -1.6844232123 0.34150402677
1.205 -1.68271424208 0.342084517527
1.21 -1.68100236256 0.342667749372
1.215 -1.67928755998 0.343253745652
1.22 -1.67756982047 0.343842529889
1.225 -1.67584913 0.344434125678
1.23 -1.67412547448 0.345028556907
1.235 -1.67239883966 0.345625847557
1.24 -1.67066921119 0.346226021778
1.245 -1.6689365746 0.346829103894
1.25 -1.66720091527 0.347435118403
1.255 -1.66546221849 0.348044089988
1.26 -1.6637204694 0.348656043512
1.265 -1.66197565304 0.349271004057
1.27 -1.6602277543 0.34988899692
1.275 -1.65847675797 0.350510047568
1.28 -1.65672264869 0.351134181667
1.285 -1.65496541098 0.35176142509
1.29 -1.65320502923 0.352391803923
1.295 -1.65144148768 0.353025344462
1.3 -1.64967477048 0.353662073224
1.305 -1.6479048616 0.354302016949
1.31 -1.64613174491 0.3549452026
1.315 -1.64435540412 0.355591657373
1.32 -1.64257582283 0.356241408696
1.325 -1.64079298448 0.356894484313
1.33 -1.63900687236 0.357550912286
1.335 -1.63721746964 0.358210720835
1.34 -1.63542475935 0.358873938438
1.345 -1.63362872438 0.359540593834
1.35 -1.63182934745 0.36021071603
1.355 -1.63002661117 0.360884334303
1.36 -1.62822049799 0.361561478206
1.365 -1.62641099022 0.362242177571
1.37 -1.62459807001 0.362926462514
1.375 -1.62278171937 0.363614363441
1.38 -1.62096192016 0.364305911047
1.385 -1.61913865405 0.365001136381
1.39 -1.61731190253 0.365700070837
1.395 -1.61548164697 0.366402746059
1.4 -1.61364786859 0.367109194007
1.405 -1.61181054844 0.36781944696
1.41 -1.60996966743 0.368533537522
1.415 -1.60812520628 0.369251498628
1.42 -1.60627714557 0.369973363543
1.425 -1.60442546572 0.370699165875
1.43 -1.60257014695 0.371428939572
1.435 -1.60071116936 0.372162718931
1.44 -1.59884851286 0.3729005386
1.445 -1.59698215711 0.373642433667
1.45 -1.5951120816 0.374388439632
1.455 -1.59323826568 0.375138592291
1.46 -1.59136068852 0.375892927815
1.465 -1.58947932912 0.37665148276
1.47 -1.5875941663 0.37741429407
1.475 -1.58570517868 0.378181399083
1.48 -1.58381234471 0.378952835535
1.485 -1.58191564266 0.379728641565
1.49 -1.5800150506 0.38050885572
1.495 -1.5781105464 0.381293516961
1.5 -1.57620210777 0.382082664668
1.505 -1.57428971213 0.382876338796
1.51 -1.57237333669 0.383674579811
1.515 -1.5704529585 0.384477428485
1.52 -1.56852855442 0.385284926043
1.525 -1.56660010111 0.386097114167
1.53 -1.56466757502 0.386914035003
1.535 -1.56273095238 0.387735731165
1.54 -1.56079020922 0.388562245743
1.545 -1.55884532136 0.389393622307
1.55 -1.55689626439 0.39022990491
1.555 -1.5549430137 0.391071138102
1.56 -1.55298554446 0.391917366925
1.565 -1.55102383152 0.392768637152
1.57 -1.54905784949 0.393624995147
1.575 -1.54708757281 0.39448648763
1.58 -1.54511297569 0.395353161859
1.585 -1.54313403211 0.396225065638
1.59 -1.54115071579 0.397102247321
1.595 -1.53916300025 0.397984755823
1.6 -1.53717085873 0.398872640622
1.605 -1.53517426425 0.399765951768
1.61 -1.53317318957 0.40066473989
1.615 -1.53116760721 0.401569056202
1.62 -1.52915748944 0.40247895251
1.625 -1.52714280817 0.403394481534
1.63 -1.52512353501 0.404315696686
1.635 -1.52309964139 0.405242651787
1.64 -1.52107109848 0.406175401301
1.645 -1.51903787718 0.407114000342
1.65 -1.5169999481 0.408058504682
1.655 -1.51495728159 0.409008970762
1.66 -1.51290984771 0.409965455695
1.665 -1.51085761625 0.410928017279
1.67 -1.5088005567 0.411896713999
1.675 -1.50673863828 0.412871605041
1.68 -1.50467182992 0.413852750297
1.685 -1.5026001001 0.414840210804
1.69 -1.500523417 0.4158340484
1.695 -1.49844174857 0.416834325403
1.7 -1.49635506248 0.4178411049
1.705 -1.49426332603 0.41885445076
1.71 -1.49216650626 0.419874427637
1.715 -1.49006456985 0.420901100988
1.72 -1.48795748318 0.421934537074
1.725 -1.48584521229 0.422974802977
1.73 -1.48372772291 0.424021966604
1.735 -1.48160498041 0.425076096698
1.74 -1.47947694985 0.426137262853
1.745 -1.47734359575 0.427205536093
1.75 -1.47520488229 0.42828098836
1.755 -1.4730607734 0.429363692175
1.76 -1.47091123264 0.430453720983
1.765 -1.46875622319 0.431551149168
1.77 -1.46659570788 0.43265605206
1.775 -1.46442964917 0.433768505952
1.78 -1.46225800914 0.434888588107
1.785 -1.46008074947 0.436016376773
1.79 -1.45789783149 0.437151951192
1.795 -1.45570921612 0.438295391613
1.8 -1.45351486389 0.439446779311
1.805 -1.45131473472 0.440606197354
1.81 -1.44910878811 0.441773729862
1.815 -1.44689698329 0.442949461659
1.82 -1.44467927903 0.444133478681
1.825 -1.44245563371 0.445325868
1.83 -1.44022600526 0.446526717832
1.835 -1.43799035117 0.447736117555
1.84 -1.43574862849 0.448954157719
1.845 -1.43350079384 0.450180930066
1.85 -1.43124680338 0.45141652754
1.855 -1.42898661282 0.452661044302
1.86 -1.42672017739 0.45391457576
1.865 -1.4244474516 0.455177219574
1.87 -1.4221683895 0.456449074614
1.875 -1.41988294476 0.457730240604
1.88 -1.41759107059 0.459020818623
1.885 -1.41529271968 0.460320911125
1.89 -1.41298784422 0.461630621956
1.895 -1.41067639587 0.46295005637
1.9 -1.4083583258 0.464279321051
1.905 -1.40603358463 0.465618524124
1.91 -1.40370212246 0.466967775179
1.915 -1.40136388886 0.468327185285
1.92 -1.39901883286 0.469696867036
1.925 -1.39666690256 0.471076935867
1.93 -1.39430804556 0.472467508603
1.935 -1.39194220905 0.473868703115
1.94 -1.38956933962 0.47528063893
1.945 -1.38718938327 0.476703437252
1.95 -1.38480228541 0.478137220984
1.955 -1.38240799082 0.479582114751
1.96 -1.3800064437 0.481038244921
1.965 -1.37759758761 0.482505739627
1.97 -1.37518136548 0.483984728788
1.975 -1.37275771962 0.485475344134
1.98 -1.37032659169 0.486977719261
1.985 -1.36788792232 0.48849199102
1.99 -1.36544165154 0.490018298019
1.995 -1.36298771882 0.491556780356
2.0 -1.36052606291 0.493107580183
2.005 -1.35805662188 0.494670841735
2.01 -1.35557933305 0.496246711364
2.015 -1.35309413305 0.497835337563
2.02 -1.35060095772 0.499436871001
2.025 -1.34809974221 0.501051464553
2.03 -1.34559042084 0.502679273431
2.035 -1.34307292699 0.504320455857
2.04 -1.34054719336 0.505975172013
2.045 -1.33801315187 0.507643584351
2.05 -1.33547073364 0.509325857743
2.055 -1.33291986897 0.511022159519
2.06 -1.33036048733 0.512732659495
2.065 -1.32779251735 0.514457530012
2.07 -1.32521588683 0.516196945968
2.075 -1.32263052269 0.517951084852
2.08 -1.32003635085 0.519720127348
2.085 -1.31743329606 0.521504258076
2.09 -1.31482128239 0.523303663437
2.095 -1.31220023299 0.525118532635
2.1 -1.30957007008 0.526949057775
2.105 -1.30693071492 0.528795433909
2.11 -1.30428208782 0.530657859079
2.115 -1.30162410808 0.532536534355
2.12 -1.29895669405 0.534431663883
2.125 -1.29627976304 0.536343454923
2.13 -1.29359323109 0.53827211909
2.135 -1.29089701304 0.540217871748
2.14 -1.28819102291 0.542180930747
2.145 -1.28547517362 0.544161517372
2.15 -1.28274937699 0.546159856391
2.155 -1.28001354373 0.548176176109
2.16 -1.27726758342 0.550210708419
2.165 -1.2745114045 0.552263688852
2.17 -1.27174491426 0.554335356627
2.175 -1.26896801878 0.556425954813
2.18 -1.26618062245 0.558535732362
2.185 -1.26338262859 0.560664941615
2.19 -1.2605739394 0.562813838369
2.195 -1.25775445579 0.56498268256
2.2 -1.25492407741 0.567171738324
2.205 -1.25208270259 0.569381274062
2.21 -1.24923022833 0.5716115625
2.215 -1.24636655029 0.573862880751
2.22 -1.24349156279 0.576135510384
2.225 -1.24060515862 0.578429738013
2.23 -1.23770722857 0.580745857478
2.235 -1.23479766236 0.583084165862
2.24 -1.2318763483 0.585444964868
2.245 -1.22894317317 0.587828561206
2.25 -1.22599802227 0.590235266676
2.255 -1.22304077934 0.592665398242
2.26 -1.22007132656 0.595119278105
2.265 -1.21708954454 0.597597233789
2.27 -1.21409531226 0.600099598211
2.275 -1.21108850683 0.602626710962
2.28 -1.20806900324 0.60517891923
2.285 -1.20503667509 0.607756574538
2.29 -1.20199139427 0.610360034419
2.295 -1.19893303083 0.612989662568
2.3 -1.19586145304 0.615645828944
2.305 -1.19277652731 0.618328909876
2.31 -1.18967811818 0.621039288165
2.315 -1.18656608811 0.623777353965
2.32 -1.18344029752 0.626543504658
2.325 -1.18030060496 0.629338143944
2.33 -1.177146867 0.632161682567
2.335 -1.17397893814 0.635014538427
2.34 -1.17079667083 0.637897136699
2.345 -1.1675999154 0.640809909942
2.35 -1.16438852006 0.643753298254
2.355 -1.16116233038 0.64672775155
2.36 -1.15792118964 0.649733727795
2.365 -1.15466493909 0.652771692162
2.37 -1.15139341763 0.655842118134
2.375 -1.1481064618 0.65894548764
2.38 -1.14480390576 0.662082291193
2.385 -1.14148558125 0.665253028034
2.39 -1.13815131749 0.668458206425
2.395 -1.13480094064 0.671698346285
2.4 -1.13143427438 0.674973976277
2.405 -1.12805113995 0.678285634012
2.41 -1.12465135586 0.681633866896
2.415 -1.12123473793 0.685019232287
2.42 -1.11780109921 0.688442297671
2.425 -1.11435024994 0.69190364082
2.43 -1.11088199743 0.695403850417
2.435 -1.10739614534 0.698943529123
2.44 -1.10389249467 0.702523289247
2.445 -1.10037084348 0.706143753977
2.45 -1.09683098672 0.709805558074
2.455 -1.09327271616 0.713509348067
2.46 -1.08969582041 0.717255782455
2.465 -1.08610008479 0.721045531898
2.47 -1.08248529115 0.724879280443
2.475 -1.0788512171 0.72875772848
2.48 -1.0751976373 0.732681587347
2.485 -1.07152432292 0.736651581558
2.49 -1.0678310415 0.740668449334
2.495 -1.06411755692 0.744732942836
2.5 -1.06038362937 0.748845828403
2.505 -1.05662901522 0.753007886789
2.51 -1.0528534666 0.757219915369
2.515 -1.04905673091 0.761482730134
2.52 -1.04523855213 0.765797159926
2.525 -1.0413986701 0.770164049455
2.53 -1.03753682048 0.77458425969
2.535 -1.03365273463 0.779058668144
2.54 -1.02974613961 0.783588169154
2.545 -1.02581675804 0.788173674163
2.55 -1.02186430749 0.792816114801
2.555 -1.01788850037 0.797516443088
2.56 -1.01388904479 0.802275627588
2.565 -1.00986564402 0.807094655991
2.57 -1.00581799638 0.811974535481
2.575 -1.00174579513 0.816916293096
2.58 -0.997648728344 0.821920976472
2.585 -0.993526478419 0.826989655866
2.59 -0.9893787226 0.832123421871
2.595 -0.985205132726 0.837323386555
2.6 -0.98100537509 0.84259068405
2.605 -0.976779110345 0.847926470947
2.61 -0.972525993403 0.853331926747
2.615 -0.968245672588 0.858808257622
2.62 -0.963937790134 0.864356694157
2.625 -0.959601982406 0.869978490387
2.63 -0.955237879498 0.875674925561
2.635 -0.950845105124 0.881447304597
2.64 -0.946423276519 0.887296958551
2.645 -0.941972003979 0.893225246514
2.65 -0.937490890289 0.899233558038
2.655 -0.932979531772 0.905323308768
2.66 -0.928437517694 0.911495942953
2.665 -0.923864430109 0.917752934087
2.67 -0.919259843741 0.924095785434
2.675 -0.914623325777 0.930526030899
2.68 -0.909954434763 0.937045239528
2.685 -0.90525272166 0.943655011256
2.69 -0.900517729623 0.950356977843
2.695 -0.895748993653 0.957152804318
2.7 -0.890946040455 0.964044189575
2.705 -0.886108388298 0.971032866974
2.71 -0.881235546019 0.978120608181
2.715 -0.876327013464 0.985309221545
2.72 -0.871382281435 0.992600552398
2.725 -0.866400831787 0.999996482758
2.73 -0.861382136962 1.00749893314
2.735 -0.856325659842 1.01510986318
2.74 -0.851230853317 1.02283127326
2.745 -0.846097158997 1.03066520889
2.75 -0.840924008918 1.03861375519
2.755 -0.835710824777 1.04667903956
2.76 -0.830457017593 1.05486323299
2.765 -0.825161987499 1.06316855083
2.77 -0.819825123532 1.07159725375
2.775 -0.814445803407 1.08015164851
2.78 -0.809023393 1.08883408945
2.785 -0.803557245607 1.09764698018
2.79 -0.798046702862 1.10659277265
2.795 -0.792491094001 1.11567396891
2.8 -0.786889735566 1.12489312217
2.805 -0.781241931123 1.13425283783
2.81 -0.775546970983 1.14375577455
2.815 -0.769804131912 1.15340464533
2.82 -0.764012677273 1.16320221561
2.825 -0.758171856995 1.17315130261
2.83 -0.752280906352 1.18325478258
2.835 -0.746339046121 1.19351558884
2.84 -0.740345482307 1.20393671255
2.845 -0.734299405866 1.21452120364
2.85 -0.728199992363 1.22527217171
2.855 -0.72204640135 1.23619278686
2.86 -0.715837776497 1.24728628063
2.865 -0.709573245192 1.25855594695
2.87 -0.703251918177 1.27000514295
2.875 -0.696872889225 1.28163728996
2.88 -0.690435234809 1.29345587431
2.885 -0.683938013957 1.30546444414
2.89 -0.677380267834 1.31766661196
2.895 -0.67076101927 1.33006605861
2.9 -0.66407927251 1.34266653186
2.905 -0.657334012873 1.35547184705
2.91 -0.65052420641 1.36848588775
2.915 -0.643648799621 1.38171260449
2.92 -0.636706719282 1.39515601062
2.925 -0.629696871786 1.40882019098
2.93 -0.62261814289 1.42270929934
2.935 -0.615469397386 1.43682755829
2.94 -0.608249478732 1.4511792594
2.945 -0.60095720872 1.46576876303
2.95 -0.593591387555 1.48060048825
2.955 -0.586150793091 1.49567892204
2.96 -0.578634180408 1.51100862037
2.965 -0.571040281583 1.52659420507
2.97 -0.563367805334 1.54244036322
2.975 -0.555615436668 1.55855184654
2.98 -0.547781836881 1.57493346445
2.985 -0.539865643553 1.59159007699
2.99 -0.531865469463 1.60852660681
2.995 -0.523779902612 1.62574803138
3.0 -0.515607505939 1.64325938067
3.005 -0.507346817153 1.66106573328
3.01 -0.498996348647 1.67917221155
3.015 -0.49055458689 1.69758398264
3.02 -0.482019992309 1.71630625368
3.025 -0.473390999056 1.73534426829
3.03 -0.464666015072 1.75470329796
3.035 -0.455843422625 1.77438862608
3.04 -0.446921576989 1.79440556131
3.045 -0.437898806704 1.81475942574
3.05 -0.428773413495 1.83545554836
3.055 -0.419543672477 1.85649925485
3.06 -0.410207833162 1.87789584719
3.065 -0.400764117982 1.89965061436
3.07 -0.391210722765 1.92176881842
3.075 -0.381545816879 1.94425568437
3.08 -0.371767543647 1.96711638656
3.085 -0.361874022025 1.99035601802
3.09 -0.351863344943 2.01397960388
3.095 -0.341733580059 2.03799208283
3.1 -0.331482770248 2.06239829175
3.105 -0.321108934246 2.08720294877
3.11 -0.310610069054 2.11241061505
3.115 -0.299984148823 2.13802569828
3.12 -0.289229125848 2.16405243084
3.125 -0.278342931659 2.19049484685
3.13 -0.267323478506 2.21735675593
3.135 -0.256168660008 2.24464172395
3.14 -0.244876352249 2.27235304943
3.145 -0.233444415123 2.30049373729
3.15 -0.221870695408 2.32906645375
3.155 -0.210153027531 2.35807350557
3.16 -0.198289234653 2.38751681574
3.165 -0.186277130953 2.41739788608
3.17 -0.174114525019 2.44771775128
3.175 -0.161799221997 2.47847694273
3.18 -0.149329024877 2.50967545878
3.185 -0.136701737635 2.54131271935
3.19 -0.1239151692 2.57338751407
3.195 -0.110967137298 2.60589795067
3.2 -0.0978554697887 2.63884142182
3.205 -0.0845780089536 2.67221454895
3.21 -0.0711326162102 2.70601312468
3.215 -0.057517177923 2.74023204842
3.22 -0.0437296069995 2.77486528335
3.225 -0.0297678484499 2.8099057913
3.23 -0.0156298849811 2.84534546858
3.235 -0.00131374465029 2.88117507507
3.24 0.0131824965094 2.91738417438
3.245 0.0278607077764 2.95396106211
3.25 0.0427226969849 2.99089269437
3.255 0.0577702011674 3.02816461942
3.26 0.0730048822872 3.06576089619
3.265 0.0884283194068 3.10366401719
3.27 0.104042000503 3.14185483109
3.275 0.119847311857 3.18031248806
3.28 0.135845531397 3.21901433727
3.285 0.152037819774 3.25793584323
3.29 0.16842521056 3.29705050679
3.295 0.185008599146 3.33632982531
3.3 0.201788732873 3.37574319753
3.305 0.218766200656 3.41525783179
3.31 0.23594142192 3.45483869007
3.315 0.253314635747 3.49444843514
3.32 0.270885888256 3.53404733112
3.325 0.288655020783 3.57359318967
3.33 0.306621657949 3.61304137966
3.335 0.324785194512 3.65234472322
3.34 0.343144782225 3.69145344465
3.345 0.361699318208 3.73031518948
3.35 0.380447432212 3.76887501666
3.355 0.399387471238 3.80707532104
3.36 0.41851748709 3.84485586125
3.365 0.437835225976 3.88215385645
3.37 0.457338112956 3.91890395085
3.375 0.477023239727 3.95503827429
3.38 0.496887353304 3.99048652111
3.385 0.516926841905 4.02517600967
3.39 0.537137725068 4.05903181937
3.395 0.557515643712 4.09197694246
3.4 0.578055846658 4.12393237767
3.405 0.598753184527 4.15481734718
3.41 0.61960210039 4.18454948583
3.415 0.64059662001 4.21304503977
3.42 0.661730349679 4.2402191527
3.425 0.682996468428 4.26598611596
3.43 0.70438772353 4.29025965911
3.435 0.725896433186 4.3129532953
3.44 0.747514481537 4.33398065192
3.445 0.769233320973 4.35325584191
3.45 0.791043979353 4.37069385547
3.455 0.812937060098 4.3862109828
3.46 0.83490275289 4.39972522624
3.465 0.856930844819 4.41115673811
3.47 0.879010726476 4.42042833771
3.475 0.901131408154 4.42746596567
3.48 0.923281543809 4.43219905415
3.485 0.945449444484 4.4345611126
3.49 0.967623099236 4.4344901725
3.495 0.989790197624 4.43192925887
3.5 1.01193815727 4.42682690848
3.505 1.03405415435 4.41913748489
3.51 1.05612515323 4.40882169671
3.515 1.07813793857 4.3958470085
3.52 1.10007914811 4.38018790224
3.525 1.12193531208 4.36182635524
3.53 1.14369288884 4.34075202691
3.535 1.16533830459 4.31696251445
3.54 1.18685799606 4.29046364617
3.545 1.20823844665 4.26126948886
3.55 1.22946623307 4.22940255226
3.555 1.25052806653 4.19489380876
3.56 1.27141083066 4.15778259372
3.565 1.292101631 4.11811663289
3.57 1.3125878294 4.07595182489
3.575 1.33285708709 4.03135205289
3.58 1.35289740768 3.98438894913
3.585 1.37269716654 3.93514154719
3.59 1.39224515548 3.88369591554
3.595 1.4115306136 3.83014474308
3.6 1.43054325549 3.77458687693
3.605 1.44927330881 3.71712676038
3.61 1.46771153318 3.65787396355
3.615 1.48584924803 3.59694254383
3.62 1.50367835537 3.53445041696
3.625 1.52119135183 3.47051885292
3.63 1.53838134954 3.40527167866
3.635 1.55524208519 3.33883471354
3.64 1.57176792652 3.27133518308
3.645 1.58795387964 3.20290099563
3.65 1.60379559166 3.13366012906
3.655 1.61928934865 3.06373999792
3.66 1.63443207065 2.99326695086
3.665 1.64922130499 2.92236562528
3.67 1.66365521775 2.85115847036
3.675 1.67773258011 2.77976521032
3.68 1.69145275468 2.70830242592
3.685 1.70481567763 2.63688311163
3.69 1.71782184082 2.56561631304
3.695 1.7304722705 2.49460679182
3.7 1.7427685054 2.42395473338
3.705 1.75471257356 2.35375551125
3.71 1.766306967 2.28409947605
3.715 1.77755461756 2.2150718044
3.72 1.78845886746 2.14675237721
3.725 1.79902344743 2.0792157001
3.73 1.80925244607 2.01253087373
3.735 1.81915028354 1.94676158067
3.74 1.82872168648 1.88196610381
3.745 1.83797165742 1.81819741664
3.75 1.84690545262 1.75550322394
3.755 1.85552855288 1.6939261152
3.76 1.86384663927 1.63350367907
3.765 1.87186556969 1.57426864002
3.77 1.87959135242 1.51624907459
3.775 1.88703012613 1.45946853244
3.78 1.89418813568 1.40394628598
3.785 1.90107171197 1.34969750717
3.79 1.90768725247 1.29673346949
3.795 1.91404120105 1.24506180194
3.8 1.92014003162 1.19468665138
3.805 1.92599023033 1.14560895199
3.81 1.93159828017 1.09782663877
3.815 1.9369706467 1.05133482717
3.82 1.94211376516 1.0061260391
3.825 1.94703402815 0.962190401771
3.83 1.95173777182 0.919515909312
3.835 1.9562312668 0.878088583591
3.84 1.96052070992 0.837892644915
3.845 1.9646122158 0.798910691054
3.85 1.96851180845 0.761123888906
3.855 1.97222541353 0.724512159538
3.86 1.97575885354 0.689054313029
3.865 1.97911784296 0.654728191712
3.87 1.98230798335 0.621510817374
3.875 1.98533475955 0.589378526726
3.88 1.98820353664 0.558307091565
3.885 1.99091955744 0.528271832017
3.89 1.99348794034 0.49924772538
3.895 1.99591367792 0.471209502408
3.9 1.99820163611 0.444131739104
3.905 2.00035655353 0.417988938667
3.91 2.00238304128 0.392755609149
3.915 2.00428558309 0.368406332547
3.92 2.00606853594 0.3449158271
3.925 2.00773613094 0.322259004362
3.93 2.0092924742 0.300411019304
3.935 2.01074154835 0.279347316412
3.94 2.01208721416 0.259043670867
3.945 2.01333321211 0.239476222336
3.95 2.01448316432 0.220621506724
3.955 2.01554057673 0.202456483439
3.96 2.01650884109 0.184958557791
3.965 2.01739123731 0.168105600419
3.97 2.01819093599 0.151875963144
3.975 2.01891100061 0.136248492639
3.98 2.01955439014 0.121202540164
3.985 2.02012396168 0.106717968775
3.99 2.02062247283 0.092775159929
3.995 2.02105258441 0.079355015911
4.0 2.02141686315 0.0664389604785
4.005 2.02171778411 0.0540089401087
4.01 2.0219577334 0.0420474210981
4.015 2.0221390108 0.0305373855368
4.02 2.02226383224 0.019462328448
4.025 2.02233433239 0.00880625117488
4.03 2.02235256722 -0.00144634590667
4.035 2.0223205164 -0.0113104691675
4.04 2.0222400858 -0.020800641053
4.045 2.0221131099 -0.0299309093569
4.05 2.02194135406 -0.0387148543877
4.055 2.0217265168 -0.0471655989135
4.06 2.02147023229 -0.0552958219679
4.065 2.02117407239 -0.0631177660781
4.07 2.02083954877 -0.0706432472585
4.075 2.02046811502 -0.0778836670576
4.08 2.02006116885 -0.0848500249571
4.085 2.0196200539 -0.0915529263746
4.09 2.01914606167 -0.0980025941965
4.095 2.01864043358 -0.104208882039
4.1 2.01810436266 -0.110181283539
4.105 2.01753899534 -0.115928942437
4.11 2.01694543313 -0.121460664073
4.115 2.01632473443 -0.126784927393
4.12 2.01567791601 -0.131909893277
4.125 2.01500595456 -0.13684341521
4.13 2.01430978831 -0.141593050538
4.135 2.01359031841 -0.146166069772
4.14 2.01284841033 -0.150569465682
4.145 2.01208489524 -0.154809963171
4.15 2.01130057139 -0.158894029531
4.155 2.01049620529 -0.162827882224
4.16 2.00967253295 -0.16661749788
4.165 2.00883026111 -0.170268621466
4.17 2.00797006834 -0.173786774483
4.175 2.00709260613 -0.177177262642
4.18 2.00619849998 -0.18044518399
4.185 2.0052883504 -0.18359543722
4.19 2.00436273389 -0.186632728095
4.195 2.00342220388 -0.1895615767
4.2 2.00246729163 -0.192386324255
4.205 2.00149850717 -0.195111141298
4.21 2.00051634005 -0.197740033599
4.215 1.99952126024 -0.200276847503
4.22 1.99851371883 -0.202725276443
4.225 1.99749414882 -0.205088866955
4.23 1.99646296583 -0.207371025084
4.235 1.99542056879 -0.209575020796
4.24 1.99436734061 -0.211703993493
4.245 1.99330364883 -0.213760957088
4.25 1.9922298462 -0.215748805467
4.255 1.9911462713 -0.217670316903
4.26 1.99005324911 -0.219528158357
4.265 1.98895109153 -0.221324890005
4.27 1.98784009794 -0.223062969533
4.275 1.98672055563 -0.224744756433
4.28 1.98559274037 -0.226372515575
4.285 1.98445691683 -0.227948421089
4.29 1.98331333906 -0.229474559988
4.295 1.98216225082 -0.230952935662
4.3 1.98100388608 -0.232385471222
4.305 1.97983846941 -0.233774012715
4.31 1.9786662163 -0.235120332224
4.315 1.9774873336 -0.236426130848
4.32 1.97630201979 -0.23769304159
4.325 1.97511046536 -0.238922632074
4.33 1.97391285313 -0.24011640721
4.335 1.97270935855 -0.241275811734
4.34 1.97150014997 -0.242402232527
4.345 1.97028538896 -0.24349700105
4.35 1.96906523056 -0.244561395617
4.355 1.96783982355 -0.245596643535
4.36 1.96660931072 -0.246603923109
4.365 1.96537382902 -0.24758436557
4.37 1.96413350992 -0.248539057165
4.375 1.96288847955 -0.249469040932
4.38 1.96163885894 -0.250375318487
4.385 1.96038476423 -0.251258851657
4.39 1.95912630678 -0.252120563763
4.395 1.95786359345 -0.252961341634
4.4 1.95659672678 -0.253782037006
4.405 1.95532580513 -0.25458346794
4.41 1.95405092287 -0.255366420203
4.415 1.95277217047 -0.256131648266
4.42 1.95148963471 -0.256879876835
4.425 1.95020339884 -0.257611802141
4.43 1.94891354269 -0.258328093044
4.435 1.94762014285 -0.259029392166
4.44 1.94632327272 -0.259716316768
4.445 1.94502300265 -0.260389459738
4.45 1.94371940012 -0.261049390889
4.455 1.94241252981 -0.261696657773
4.46 1.94110245374 -0.262331786606
4.465 1.93978923132 -0.262955283069
4.47 1.93847291948 -0.263567632905
4.475 1.93715357278 -0.264169303098
4.48 1.93583124348 -0.264760742533
4.485 1.93450598166 -0.265342382729
4.49 1.93317783528 -0.265914638545
4.495 1.93184685025 -0.266477908617
4.5 1.93051307053 -0.267032576258
4.505 1.92917653819 -0.267579010074
4.51 1.92783729353 -0.268117564537
4.515 1.92649537509 -0.268648580574
4.52 1.92515081974 -0.269172385942
4.525 1.92380366273 -0.269689295824
4.53 1.92245393776 -0.270199613467
4.535 1.92110167707 -0.270703630601
4.54 1.91974691147 -0.271201627913
4.545 1.91838967037 -0.271693875437
4.55 1.91702998187 -0.272180632879
4.555 1.91566787277 -0.272662150233
4.56 1.91430336869 -0.273138668112
4.565 1.91293649402 -0.27361041812
4.57 1.91156727207 -0.274077623214
4.575 1.91019572501 -0.274540497909
4.58 1.90882187396 -0.274999248781
4.585 1.90744573905 -0.275454074764
4.59 1.90606733942 -0.275905167443
4.595 1.90468669329 -0.276352711362
4.6 1.90330381793 -0.276796884194
4.605 1.90191872978 -0.277237857089
4.61 1.90053144441 -0.277675794976
4.615 1.89914197661 -0.278110856786
4.62 1.89775034037 -0.278543195695
4.625 1.89635654895 -0.278972959318
4.63 1.89496061484 -0.279400289878
4.635 1.89356254987 -0.279825324556
4.64 1.89216236519 -0.280248195617
4.645 1.8907600713 -0.280669030629
4.65 1.88935567807 -0.281087952628
4.655 1.88794919476 -0.281505080205
4.66 1.88654063004 -0.28192052784
4.665 1.88512999205 -0.282334406029
4.67 1.88371728837 -0.282746821443
4.675 1.88230252606 -0.28315787709
4.68 1.88088571168 -0.283567672451
4.685 1.87946685127 -0.283976303369
4.69 1.87804595043 -0.284383862484
4.695 1.87662301429 -0.284790439338
4.7 1.87519804753 -0.285196120453
4.705 1.87377105444 -0.285600989447
4.71 1.87234203887 -0.286005127147
4.715 1.87091100427 -0.286408611711
4.72 1.86947795374 -0.286811518718
4.725 1.86804288998 -0.287213921254
4.73 1.86660581531 -0.287615890005
4.735 1.86516673175 -0.288017493343
4.74 1.86372564093 -0.288418797399
4.745 1.86228254418 -0.288819866326
4.75 1.86083744256 -0.289220762403
4.755 1.85939033677 -0.289621545806
4.76 1.85794122723 -0.29002227483
4.765 1.85649011406 -0.290423005945
4.77 1.8550369971 -0.290823793865
4.775 1.85358187594 -0.291224691688
4.78 1.85212474991 -0.291625751147
4.785 1.85066561808 -0.292027022296
4.79 1.84920447927 -0.292428553701
4.795 1.84774133206 -0.2928303925
4.8 1.84627617479 -0.293232584452
4.805 1.84480900556 -0.293635174012
4.81 1.84333982231 -0.2940382046
4.815 1.84186862271 -0.294441718347
4.82 1.84039540426 -0.2948457562
4.825 1.83892016424 -0.29525035799
4.83 1.8374428997 -0.295655562473
4.835 1.83596360755 -0.296061407369
4.84 1.8344822845 -0.296467929573
4.845 1.83299892707 -0.296875165024
4.85 1.8315135316 -0.29728314872
4.855 1.83002609429 -0.297691914791
4.86 1.82853661111 -0.298101496533
4.865 1.82704507792 -0.298511926433
4.87 1.82555149038 -0.298923236329
4.875 1.82405584405 -0.299335457367
4.88 1.82255813427 -0.299748619919
4.885 1.82105835628 -0.300162753681
4.89 1.81955650514 -0.300577887691
4.895 1.81805257577 -0.300994050354
4.9 1.81654656294 -0.301411269458
4.905 1.8150384613 -0.301829572227
4.91 1.81352826537 -0.302248985647
4.915 1.81201596954 -0.302669536074
4.92 1.81050156807 -0.303091249312
4.925 1.80898505508 -0.30351415069
4.93 1.80746642456 -0.303938265083
4.935 1.80594567039 -0.304363616924
4.94 1.8044227863 -0.30479023022
4.945 1.80289776593 -0.305218128644
4.95 1.80137060281 -0.305647335641
4.955 1.79984129034 -0.30607787419
4.96 1.79830982181 -0.306509766925
4.965 1.79677619039 -0.306943036155
4.97 1.79524038914 -0.307377703875
4.975 1.793702411 -0.307813791779
4.98 1.79216224882 -0.308251321271
4.985 1.79061989534 -0.308690313618
4.99 1.7890753432 -0.309130789847
4.995 1.78752858494 -0.309572770694
5.0 1.78597961297 -0.310016276671
5.005 1.78442841962 -0.31046132808
5.01 1.7828749971 -0.310907945018
5.015 1.78131933754 -0.311356147387
5.02 1.77976143295 -0.311805954927
5.025 1.77820127527 -0.31225738733
5.03 1.77663885633 -0.312710464082
5.035 1.77507416785 -0.313165204511
5.04 1.77350720148 -0.313621627815
5.045 1.77193794874 -0.314079753067
5.05 1.77036640108 -0.314539599225
5.055 1.76879254985 -0.315001185139
5.06 1.7672163863 -0.315464529593
5.065 1.76563790159 -0.315929651333
5.07 1.76405708679 -0.316396568983
5.075 1.76247393288 -0.3168653011
5.08 1.76088843073 -0.317335866176
5.085 1.75930057114 -0.317808282647
5.09 1.7577103448 -0.318282568898
5.095 1.75611774232 -0.318758743336
5.1 1.75452275419 -0.319236824159
5.105 1.75292537086 -0.319716829824
5.11 1.75132558265 -0.32019877862
5.115 1.7497233798 -0.320682688822
5.12 1.74811875247 -0.321168578706
5.125 1.74651169069 -0.321656466544
5.13 1.74490218444 -0.322146370613
5.135 1.74329022359 -0.322638309218
5.14 1.74167579793 -0.323132300739
5.145 1.74005889715 -0.323628363538
5.15 1.73843951083 -0.324126515992
5.155 1.7368176285 -0.32462677651
5.16 1.73519323956 -0.325129163536
5.165 1.73356633333 -0.325633695554
5.17 1.73193689904 -0.32614039109
5.175 1.73030492582 -0.326649268717
5.18 1.7286704027 -0.327160347063
5.185 1.72703331864 -0.327673644908
5.19 1.72539366249 -0.328189181108
5.195 1.72375142303 -0.328706974541
5.2 1.7221065889 -0.32922704417
5.205 1.7204591487 -0.329749409039
5.21 1.71880909088 -0.330274088285
5.215 1.71715640385 -0.33080110114
5.22 1.71550107588 -0.331330466936
5.225 1.71384309516 -0.331862205111
5.23 1.7121824498 -0.332396335199
5.235 1.71051912776 -0.33293287678
5.24 1.70885311694 -0.333471849594
5.245 1.70718440512 -0.334013273505
5.25 1.70551298 -0.334557168503
5.255 1.70383882918 -0.335103554706
5.26 1.70216194016 -0.335652452364
5.265 1.70048230034 -0.336203881868
5.27 1.69879989701 -0.336757863748
5.275 1.69711471737 -0.337314418684
5.28 1.69542674849 -0.337873567424
5.285 1.69373597733 -0.338435330854
5.29 1.69204239077 -0.338999730059
5.295 1.69034597557 -0.33956678628
5.3 1.68864671839 -0.340136520919
5.305 1.6869446058 -0.340708955542
5.31 1.68523962423 -0.341284111884
5.315 1.68353176004 -0.341862011851
5.32 1.68182099946 -0.342442677525
5.325 1.68010732861 -0.343026131162
5.33 1.67839073347 -0.343612395154
5.335 1.67667119992 -0.344201492108
5.34 1.67494871375 -0.344793444823
5.345 1.67322326063 -0.34538827629
5.35 1.67149482609 -0.345986009697
5.355 1.66976339558 -0.34658666843
5.36 1.66802895441 -0.347190276082
5.365 1.6662914878 -0.347796856449
5.37 1.66455098081 -0.348406433541
5.375 1.66280741841 -0.349019031568
5.38 1.66106078541 -0.34963467495
5.385 1.65931106652 -0.350253388342
5.39 1.65755824632 -0.35087519662
5.395 1.65580230929 -0.351500124891
5.4 1.65404323976 -0.35212819849
5.405 1.65228102194 -0.352759442991
5.41 1.65051563992 -0.353393884205
5.415 1.64874707767 -0.354031548187
5.42 1.646975319 -0.35467246124
5.425 1.64520034759 -0.355316649934
5.43 1.64342214697 -0.355964141083
5.435 1.64164070057 -0.356614961759
5.44 1.63985599167 -0.357269139296
5.445 1.63806800343 -0.357926701294
5.45 1.63627671886 -0.358587675623
5.455 1.63448212082 -0.359252090427
5.46 1.63268419206 -0.359919974127
5.465 1.63088291516 -0.360591355425
5.47 1.62907827258 -0.361266263313
5.475 1.62727024658 -0.361944727129
5.48 1.6254588193 -0.362626776477
5.485 1.62364397273 -0.363312441254
5.49 1.62182568873 -0.36400175166
5.495 1.62000394899 -0.364694738203
5.5 1.61817873505 -0.365391431704
5.505 1.61635002831 -0.366091863302
5.51 1.61451781001 -0.366796064452
5.515 1.61268206123 -0.367504066939
5.52 1.6108427629 -0.368215902877
5.525 1.60899989574 -0.368931604799
5.53 1.60715344032 -0.369651205548
5.535 1.60530337706 -0.370374738292
5.54 1.60344968623 -0.371102236551
5.545 1.60159234791 -0.371833734201
5.55 1.59973134202 -0.372569265477
5.555 1.59786664833 -0.37330886498
5.56 1.59599824639 -0.374052567679
5.565 1.59412611564 -0.374800408917
5.57 1.59225023528 -0.37555242442
5.575 1.59037058434 -0.376308650405
5.58 1.58848714166 -0.377069123455
5.585 1.58659988589 -0.377833880519
5.59 1.58470879554 -0.378602958949
5.595 1.5828138489 -0.379376396507
5.6 1.58091502409 -0.380154231371
5.605 1.57901229902 -0.380936502138
5.61 1.57710565144 -0.38172324783
5.615 1.57519505889 -0.3825145079
5.62 1.5732804987 -0.383310322235
5.625 1.57136194797 -0.384110731299
5.63 1.56943938361 -0.384915775994
5.635 1.56751278233 -0.385725497627
5.64 1.56558212064 -0.386539937972
5.645 1.56364737485 -0.387359139275
5.65 1.56170852106 -0.38818314426
5.655 1.55976553514 -0.389011996137
5.66 1.55781839276 -0.389845738602
5.665 1.55586706937 -0.390684415851
5.67 1.55391154016 -0.391528072701
5.675 1.5519517802 -0.3923767542
5.68 1.54998776414 -0.393230506446
5.685 1.54801946652 -0.394089375767
5.69 1.54604686164 -0.394953409035
5.695 1.54406992357 -0.395822653667
5.7 1.54208862613 -0.396697157637
5.705 1.54010294292 -0.397576969477
5.71 1.53811284729 -0.398462138286
5.715 1.53611831234 -0.399352713734
5.72 1.53411931093 -0.400248746073
5.725 1.53211581563 -0.40115028632
5.73 1.5301077987 -0.40205738617
5.735 1.52809523223 -0.402970097776
5.74 1.52607808801 -0.403888473919
5.745 1.5240563376 -0.404812568011
5.75 1.52202995228 -0.405742434106
5.755 1.51999890305 -0.406678126907
5.76 1.51796316065 -0.407619701775
5.765 1.51592269555 -0.408567214739
5.77 1.51387747793 -0.409520722504
5.775 1.51182747769 -0.41048028246
5.78 1.50977266446 -0.411445952692
5.785 1.50771300755 -0.41241779199
5.79 1.50564847599 -0.413395859931
5.795 1.50357903841 -0.414380217126
5.8 1.50150466321 -0.415370924722
5.805 1.49942531847 -0.416368044596
5.81 1.49734097199 -0.417371639404
5.815 1.49525159123 -0.418381772593
5.82 1.49315714334 -0.419398508411
5.825 1.49105759513 -0.420421911924
5.83 1.48895291311 -0.421452049025
5.835 1.48684306342 -0.422488986447
5.84 1.48472801191 -0.423532791779
5.845 1.48260772404 -0.424583533479
5.85 1.48048216495 -0.425641280883
5.855 1.47835129943 -0.426706104225
5.86 1.47621509194 -0.427778074562
5.865 1.47407350658 -0.428857263883
5.87 1.47192650708 -0.429943745146
5.875 1.46977405678 -0.431037592254
5.88 1.46761611868 -0.432138880072
5.885 1.46545265538 -0.433247684439
5.89 1.46328362911 -0.434364082183
5.895 1.46110900169 -0.435488151138
5.9 1.4589287346 -0.436619970155
5.905 1.45674278887 -0.437759619122
5.91 1.45455112516 -0.438907178976
5.915 1.4523537037 -0.440062731719
5.92 1.45015048435 -0.441226360437
5.925 1.4479414265 -0.442398149384
5.93 1.4457264891 -0.44357818408
5.935 1.44350563072 -0.444766551049
5.94 1.44127880947 -0.445963337969
5.945 1.43904598302 -0.447168633694
5.95 1.43680710861 -0.448382528277
5.955 1.43456214303 -0.449605112984
5.96 1.43231104258 -0.450836480315
5.965 1.43005376313 -0.452076724021
5.97 1.42779026008 -0.453325939122
5.975 1.42552048832 -0.454584221932
5.98 1.4232444023 -0.455851670072
5.985 1.42096195596 -0.457128382491
5.99 1.41867310274 -0.458414459514
5.995 1.41637779551 -0.459710003192
6.0 1.41407598664 -0.461015116837
6.005 1.41176762802 -0.462329905098
6.01 1.40945267102 -0.463654474086
6.015 1.40713106647 -0.464988931388
6.02 1.40480276465 -0.466333386095
6.025 1.4024677153 -0.467687948827
6.03 1.40012586762 -0.469052731755
6.035 1.39777717023 -0.470427848622
6.04 1.39542157119 -0.471813414775
6.045 1.39305901798 -0.473209547183
6.05 1.3906894575 -0.474616364465
6.055 1.38831283606 -0.476033986916
6.06 1.38592909929 -0.477462536794
6.065 1.38353819215 -0.478902138304
6.07 1.38114005908 -0.480352917141
6.075 1.37873464388 -0.481815000811
6.08 1.37632188968 -0.483288518662
6.085 1.373901739 -0.484773601912
6.09 1.37147413368 -0.486270383684
6.095 1.36903901489 -0.487778999028
6.1 1.36659632315 -0.489299584961
6.105 1.36414599827 -0.490832280493
6.11 1.36168797936 -0.492377226661
6.115 1.35922220484 -0.493934566559
6.12 1.35674861242 -0.495504445373
6.125 1.35426713905 -0.497087010524
6.13 1.35177772079 -0.49868241225
6.135 1.34928029307 -0.500290802611
6.14 1.34677479055 -0.50191233584
6.145 1.34426114712 -0.503547168479
6.15 1.3417392959 -0.505195459417
6.155 1.33920916919 -0.506857369931
6.16 1.33667069849 -0.508533063725
6.165 1.3341238145 -0.510222706967
6.17 1.33156844706 -0.511926468337
6.175 1.32900452518 -0.51364451906
6.18 1.32643197701 -0.515377032955
6.185 1.32385072984 -0.51712418647
6.19 1.32126071007 -0.518886158737
6.195 1.31866184306 -0.520663132315
6.2 1.31605405322 -0.522455292608
6.205 1.31343726415 -0.524262827464
6.21 1.3108113985 -0.526085927649
6.215 1.30817637796 -0.527924786893
6.22 1.30553212324 -0.529779601943
6.225 1.30287855409 -0.531650572615
6.23 1.30021558923 -0.533537901847
6.235 1.29754314638 -0.535441795749
6.24 1.29486114222 -0.53736246366
6.245 1.29216949239 -0.539300118201
6.25 1.28946811147 -0.541254975331
6.255 1.28675691297 -0.5432272544
6.26 1.28403580922 -0.545217178577
6.265 1.28130471119 -0.547224975589
6.27 1.27856352892 -0.549250875954
6.275 1.2758121713 -0.551295113817
6.28 1.27305054606 -0.5533579271
6.285 1.27027855971 -0.555439557565
6.29 1.26749611758 -0.557540250881
6.295 1.26470312373 -0.559660256699
6.3 1.261899481 -0.561799828715
6.305 1.25908509096 -0.563959224744
6.31 1.25625985387 -0.566138706789
6.315 1.2534236687 -0.568338541119
6.32 1.25057643311 -0.570558998335
6.325 1.24771804336 -0.572800353504
6.33 1.2448483941 -0.575062887427
6.335 1.24196737864 -0.577346885262
6.34 1.23907488892 -0.579652636537
6.345 1.23617081545 -0.581980435639
6.35 1.23325504723 -0.584330581911
6.355 1.23032747177 -0.586703379743
6.36 1.22738797503 -0.589099138668
6.365 1.22443644144 -0.591518173459
6.37 1.22147275381 -0.593960804227
6.375 1.21849679338 -0.596427356524
6.38 1.21550843973 -0.598918161463
6.385 1.21250757067 -0.601433556189
6.39 1.20949406238 -0.603973883505
6.395 1.20646778932 -0.606539491997
6.4 1.2034286242 -0.609130736255
6.405 1.20037643794 -0.611747976987
6.41 1.19731109966 -0.614391581134
6.415 1.19423247665 -0.617061921982
6.42 1.19114043432 -0.619759379283
6.425 1.18803483616 -0.622484339376
6.43 1.18491554377 -0.625237195304
6.435 1.18178241672 -0.628018347058
6.44 1.17863531233 -0.630828203078
6.445 1.17547408595 -0.63366717843
6.45 1.17229859093 -0.63653569519
6.455 1.16910867849 -0.639434182935
6.46 1.1659041977 -0.642363078894
6.465 1.16268499543 -0.645322828093
6.47 1.1594509163 -0.648313883507
6.475 1.15620180267 -0.651336706215
6.48 1.15293749461 -0.654391765554
6.485 1.1496578298 -0.657479539277
6.49 1.14636264354 -0.660600513864
6.495 1.14305176834 -0.663755185982
6.5 1.13972503439 -0.666944060682
6.505 1.13638226938 -0.67016765194
6.51 1.13302329842 -0.673426483136
6.515 1.12964794401 -0.676721087237
6.52 1.12625602593 -0.680052006987
6.525 1.12284736128 -0.683419795102
6.53 1.11942176437 -0.686825014461
6.535 1.11597904667 -0.690268238306
6.54 1.11251901682 -0.693750050446
6.545 1.10904148047 -0.697271045718
6.55 1.10554623986 -0.700831831961
6.555 1.10203309443 -0.704433027357
6.56 1.09850184055 -0.708075261353
6.565 1.09495227143 -0.711759175233
6.57 1.09138417705 -0.715485422358
6.575 1.08779734412 -0.719254668412
6.58 1.084191556 -0.723067591646
6.585 1.08056659266 -0.72692488313
6.59 1.0769222306 -0.730827247005
6.595 1.0732582428 -0.734775400745
6.6 1.0695743986 -0.73877007574
6.605 1.06587046323 -0.742812019322
6.61 1.06214619838 -0.746901992196
6.615 1.05840136198 -0.751040769494
6.62 1.05463570801 -0.755229141365
6.625 1.05084898651 -0.759467913293
6.63 1.04704094341 -0.763757906421
6.635 1.04321132055 -0.768099957877
6.64 1.03935985553 -0.772494921111
6.645 1.03548628165 -0.776943666298
6.65 1.03159032766 -0.781447081227
6.655 1.02767171792 -0.786006070876
6.66 1.02373017227 -0.790621557912
6.665 1.01976540587 -0.795294483175
6.67 1.01577712917 -0.800025806056
6.675 1.0117650478 -0.80481650488
6.68 1.00772886245 -0.809667577295
6.685 1.00366826885 -0.814580040671
6.69 0.999582957563 -0.81955493263
6.695 0.995472613553 -0.824593313287
6.7 0.991336916565 -0.829696263355
6.705 0.987175541002 -0.83486488473
6.71 0.982988155714 -0.840100301419
6.715 0.978774423888 -0.845403660008
6.72 0.974534002945 -0.850776130137
6.725 0.970266544424 -0.856218904986
6.73 0.965971693868 -0.86173320176
6.735 0.961649090701 -0.86732026225
6.74 0.957298367713 -0.872981354777
6.745 0.952919151373 -0.878717773141
6.75 0.948511061753 -0.884530836959
6.755 0.944073712279 -0.890421892706
6.76 0.939606709589 -0.896392314271
6.765 0.935109653408 -0.902443503542
6.77 0.930582136412 -0.90857689098
6.775 0.926023744089 -0.914793936216
6.78 0.921434054593 -0.92109612868
6.785 0.916812638168 -0.927484989671
6.79 0.912159057394 -0.933962071673
6.795 0.90747286721 -0.940528958419
6.8 0.90275361457 -0.947187266181
6.805 0.898000838285 -0.953938644454
6.81 0.893214068864 -0.960784776638
6.815 0.888392828347 -0.967727380744
6.82 0.88353663014 -0.974768210098
6.825 0.878644978847 -0.981909054063
6.83 0.873717369636 -0.989151739808
6.835 0.868753288364 -0.996498132377
6.84 0.863752211741 -1.00395013467
6.845 0.858713606883 -1.01150968884
6.85 0.853636931118 -1.01917877703
6.855 0.848521631788 -1.02695942225
6.86 0.843367146058 -1.03485368917
6.865 0.838172900708 -1.04286368493
6.87 0.832938311933 -1.05099156001
6.875 0.827662784728 -1.05923950916
6.88 0.82234571279 -1.06760977228
6.885 0.81698647884 -1.07610463511
6.89 0.811584454067 -1.08472643026
6.895 0.806138997899 -1.09347753806
6.9 0.800649457771 -1.10236038753
6.905 0.795115168886 -1.11137745728
6.91 0.789535453972 -1.12053127642
6.915 0.783909623042 -1.12982442558
6.92 0.778236972831 -1.13925953645
6.925 0.772516786486 -1.14883929254
6.93 0.766748333938 -1.15856643288
6.935 0.760930871298 -1.16844375152
6.94 0.755063640585 -1.17847409849
6.945 0.749145869445 -1.18866038076
6.95 0.743176770873 -1.19900556326
6.955 0.737155542927 -1.20951266985
6.96 0.73108136844 -1.2201847843
6.965 0.724953414604 -1.2310250489
6.97 0.71877083255 -1.24203666288
6.975 0.712532757382 -1.25322289033
6.98 0.706238307712 -1.264587058
6.985 0.699886585339 -1.27613255602
6.99 0.693476674919 -1.28786283873
6.995 0.687007643638 -1.29978142551
7.0 0.680478541008 -1.3118919001
7.005 0.673888398703 -1.32419790939
7.01 0.6672362298 -1.33670316906
7.015 0.660521028617 -1.34941146219
7.02 0.653741770388 -1.36232663983
7.025 0.64689741091 -1.37545262168
7.03 0.639986886198 -1.3887933967
7.035 0.633009112203 -1.40235301967
7.04 0.625962984561 -1.41613560496
7.045 0.618847378006 -1.43014534134
7.05 0.611661146104 -1.44438648684
7.055 0.604403120907 -1.45886336866
7.06 0.597072112598 -1.47358038344
7.065 0.589666909482 -1.48854198753
7.07 0.582186277487 -1.5037527017
7.075 0.57462895961 -1.51921711696
7.08 0.566993675719 -1.53493989061
7.085 0.559279122236 -1.55092574408
7.09 0.551483971991 -1.56717944883
7.095 0.543606873672 -1.58370584184
7.1 0.53564645153 -1.60050982239
7.105 0.527601305069 -1.61759634953
7.11 0.519470008984 -1.63497043276
7.115 0.511251113195 -1.65263711924
7.12 0.502943141919 -1.67060151263
7.125 0.494544593615 -1.68886876336
7.13 0.486053941072 -1.70744405869
7.135 0.477469631302 -1.72633261691
7.14 0.468790084751 -1.74553969548
7.145 0.460013695284 -1.76507058326
7.15 0.451138830789 -1.78493057926
7.155 0.44216383281 -1.80512499204
7.16 0.433087015748 -1.82565914892
7.165 0.423906667046 -1.84653838378
7.17 0.41462104846 -1.86776800658
7.175 0.405228395186 -1.88935331145
7.18 0.395726915281 -1.9112995793
7.185 0.386114790106 -1.9336120625
7.19 0.376390176408 -1.95629594241
7.195 0.366551204685 -1.97935634926
7.2 0.356595979071 -2.00279835643
7.205 0.346522578087 -2.02662696067
7.21 0.336329057328 -2.0508470329
7.215 0.326013447755 -2.07546333698
7.22 0.31557375623 -2.10048051384
7.225 0.305007967555 -2.12590304543
7.23 0.294314044203 -2.15173524972
7.235 0.283489926604 -2.17798126855
7.24 0.2725335361 -2.20464501821
7.245 0.261442775323 -2.23173017609
7.25 0.250215527781 -2.25924017833
7.255 0.238849661169 -2.28717816798
7.26 0.227343029383 -2.31554696014
7.265 0.215693471313 -2.34434904813
7.27 0.20389881442 -2.37358654968
7.275 0.191956878703 -2.40326114867
7.28 0.179865474693 -2.43337410998
7.285 0.167622407268 -2.46392622396
7.29 0.155225481617 -2.49491772734
7.295 0.142672500931 -2.52634831864
7.3 0.129961270159 -2.5582171047
7.305 0.117089603828 -2.59052250469
7.31 0.104055324281 -2.62326225625
7.315 0.0908562649771 -2.65643336803
7.32 0.0774902799027 -2.69003201215
7.325 0.0639552434238 -2.7240535107
7.33 0.0502490529374 -2.75849229525
7.335 0.036369638098 -2.79334180623
7.34 0.0223149661823 -2.82859442735
7.345 0.00808304058517 -2.86424148069
7.35 -0.00632808716016 -2.90027310842
7.355 -0.0209203101606 -2.93667819446
7.36 -0.0356954662945 -2.97344434223
7.365 -0.0506553292415 -3.01055778328
7.37 -0.0658015979819 -3.04800329168
7.375 -0.0811358909615 -3.08576410808
7.38 -0.0966597383533 -3.12382185626
7.385 -0.112374573362 -3.16215646587
7.39 -0.128281727677 -3.20074615346
7.395 -0.144382419115 -3.23956729108
7.4 -0.160677742836 -3.27859433634
7.405 -0.177168659944 -3.31779974644
7.41 -0.193855988845 -3.35715390443
7.415 -0.210740394442 -3.39662504249
7.42 -0.227822377918 -3.43617920356
7.425 -0.245102264725 -3.47578013599
7.43 -0.262580193105 -3.51538923151
7.435 -0.28025610255 -3.55496549012
7.44 -0.298129721208 -3.59446543629
7.445 -0.316200553416 -3.63384307076
7.45 -0.33446786772 -3.67304986764
7.455 -0.352930683104 -3.71203470017
7.46 -0.371587755955 -3.75074381784
7.465 -0.390437568574 -3.7891208824
7.47 -0.409478314303 -3.82710691782
7.475 -0.428707884373 -3.86464032215
7.48 -0.448123857202 -3.9016569522
7.485 -0.467723483177 -3.93809011017
7.49 -0.487503671934 -3.97387060122
7.495 -0.507460983397 -4.00892687582
7.5 -0.527591612763 -4.04318506749
7.505 -0.547891378959 -4.07656910709
7.51 -0.568355718305 -4.10900092896
7.515 -0.588979670637 -4.14040057515
7.52 -0.609757869862 -4.1706863765
7.525 -0.63068454121 -4.19977522384
7.53 -0.651753489637 -4.22758275339
7.535 -0.672958093502 -4.25402360198
7.54 -0.694291306351 -4.27901173786
7.545 -0.715745648941 -4.30246073865
7.55 -0.737313207153 -4.32428412344
7.555 -0.758985639109 -4.34439572965
7.56 -0.780754172277 -4.36271008814
7.565 -0.802609606732 -4.37914282866
7.57 -0.824542328138 -4.39361107982
7.575 -0.846542311375 -4.40603393648
7.58 -0.868599130177 -4.41633292608
7.585 -0.890701976084 -4.42443240093
7.59 -0.912839669859 -4.43026007968
7.595 -0.93500067822 -4.43374755493
7.6 -0.957173137953 -4.43483066184
7.605 -0.979344877462 -4.43345000872
7.61 -1.0015034409 -4.42955145805
7.615 -1.0236361148 -4.42308655059
7.62 -1.04572995864 -4.41401300617
7.625 -1.06777183666 -4.40229502471
7.63 -1.08974845195 -4.38790374307
7.635 -1.11164638144 -4.37081758849
7.64 -1.13345211163 -4.3510225223
7.645 -1.15515208012 -4.32851241837
7.65 -1.1767327123 -4.30328917591
7.655 -1.19818046464 -4.27536296146
7.66 -1.21948186596 -4.24475232955
7.665 -1.24062355656 -4.21148422186
7.67 -1.26159233569 -4.17559406633
7.675 -1.28237519793 -4.13712564274
7.68 -1.30295937883 -4.09613100928
7.685 -1.32333239557 -4.05267033104
7.69 -1.34348208286 -4.00681161484
7.695 -1.36339663828 -3.95863044732
7.7 -1.38306465241 -3.90820963862
7.705 -1.40247514847 -3.85563881216
7.71 -1.42161761499 -3.80101396312
7.715 -1.44048203246 -3.74443698443
7.72 -1.4590589078 -3.68601508014
7.725 -1.47733929358 -3.62586027511
7.73 -1.49531481417 -3.56408875567
7.735 -1.51297768489 -3.5008202641
7.74 -1.53032072544 -3.43617752923
7.745 -1.54733737706 -3.37028550334
7.75 -1.56402170903 -3.30327085164
7.755 -1.58036842692 -3.23526121344
7.76 -1.59637287611 -3.16638458132
7.765 -1.61203104114 -3.09676876408
7.77 -1.62733954369 -3.02654064824
7.775 -1.64229563709 -2.9558257653
7.78 -1.65689719708 -2.8847476557
7.785 -1.67114271106 -2.81342736715
7.79 -1.68503126548 -2.74198304828
7.795 -1.69856252752 -2.6705294053
7.8 -1.71173673042 -2.59917740451
7.805 -1.72455465101 -2.52803386409
7.81 -1.73701758878 -2.45720114886
7.815 -1.74912734526 -2.38677694085
7.82 -1.76088619556 -2.31685397196
7.825 -1.77229686812 -2.24751987637
7.83 -1.78336251528 -2.17885704465
7.835 -1.79408668747 -2.11094252418
7.84 -1.80447330891 -2.04384796232
7.845 -1.81452664591 -1.97763959844
7.85 -1.82425128468 -1.91237824954
7.855 -1.83365210101 -1.84811938275
7.86 -1.8427342343 -1.78491318012
7.865 -1.85150306351 -1.72280461585
7.87 -1.85996417773 -1.66183362894
7.875 -1.868123355 -1.60203520766
7.88 -1.87598653564 -1.54343959725
7.885 -1.88355979927 -1.48607246594
7.89 -1.89084934389 -1.4299550641
7.895 -1.89786146199 -1.37510448298
7.9 -1.90460252232 -1.32153379828
7.905 -1.91107894917 -1.2692523297
7.91 -1.91729720428 -1.21826584594
7.915 -1.92326377023 -1.16857675771
7.92 -1.92898513334 -1.12018438784
7.925 -1.9344677691 -1.07308515947
7.93 -1.93971812845 -1.02727279198
7.935 -1.94474262558 -0.982738515433
7.94 -1.94954762504 -0.939471293926
7.945 -1.95413942955 -0.897458056464
7.95 -1.9585242714 -0.856683857582
7.955 -1.96270830495 -0.817132037879
7.96 -1.96669759805 -0.778784412103
7.965 -1.97049812352 -0.741621468003
7.97 -1.97411575317 -0.705622520534
7.975 -1.97755625282 -0.670765852763
7.98 -1.98082527784 -0.637028855623
7.985 -1.98392836853 -0.604388171166
7.99 -1.98687094671 -0.572819823964
7.995 -1.98965831314 -0.542299332767
8.0 -1.99229564507 -0.512801823695
8.005 -1.99478799454 -0.484302132012
8.01 -1.9971402872 -0.45677489578
8.015 -1.99935732175 -0.430194642905
8.02 -2.00144376939 -0.404535869596
8.025 -2.00340417383 -0.379773115042
8.03 -2.00524295169 -0.355881025744
8.035 -2.00696439329 -0.332834415491
8.04 -2.00857266351 -0.310608318694
8.045 -2.01007180297 -0.289178037883
8.05 -2.01146572966 -0.268519187714
8.055 -2.01275824054 -0.248607732033
8.06 -2.01395301326 -0.229420016325
8.065 -2.01505360824 -0.21093279731
8.07 -2.01606347081 -0.193123267499
8.075 -2.01698593324 -0.175969076132
8.08 -2.01782421737 -0.159448346414
8.085 -2.01858143688 -0.14353969026
8.09 -2.01926059963 -0.12822222019
8.095 -2.01986461044 -0.113475557187
8.1 -2.02039627349 -0.0992798377217
8.105 -2.02085829487 -0.0856157185711
8.11 -2.02125328532 -0.0724643775985
8.115 -2.0215837628 -0.0598075149276
8.12 -2.021852155 -0.0476273524437
8.125 -2.02206080206 -0.0359066295606
8.13 -2.02221195913 -0.0246286000512
8.135 -2.02230779884 -0.0137770276371
8.14 -2.02235041394 -0.00333617829803
8.145 -2.02234181978 0.00670918596454
8.15 -2.02228395665 0.0163738142859
8.155 -2.02217869243 0.0256719772083
8.16 -2.02202782476 0.0346174743768
8.165 -2.02183308339 0.043223643108
8.17 -2.02159613247 0.0515033693114
8.175 -2.02131857302 0.0594691007343
8.18 -2.02100194479 0.0671328530873
8.185 -2.02064772848 0.0745062215389
8.19 -2.02025734789 0.0816003937535
8.195 -2.01983217189 0.0884261597016
8.2 -2.01937351634 0.0949939213216
8.205 -2.01888264599 0.101313704239
8.21 -2.01836077648 0.107395170907
8.215 -2.01780907597 0.113247628652
8.22 -2.01722866695 0.118880040786
8.225 -2.0166206279 0.124301038689
8.23 -2.01598599504 0.129518932025
8.235 -2.01532576376 0.134541717955
8.24 -2.0146408902 0.139377091793
8.245 -2.01393229283 0.144032458266
8.25 -2.01320085376 0.148514939873
8.255 -2.01244742016 0.152831386524
8.26 -2.01167280563 0.156988385659
8.265 -2.01087779147 0.160992271511
8.27 -2.01006312794 0.164849133161
8.275 -2.00922953541 0.16856482352
8.28 -2.00837770559 0.172144968495
8.285 -2.00750830261 0.175594974518
8.29 -2.00662196408 0.178920036496
8.295 -2.00571930215 0.182125146027
8.3 -2.00480090454 0.185215099042
8.305 -2.00386733543 0.1881945023
8.31 -2.00291913642 0.191067780575
8.315 -2.00195682742 0.193839183533
8.32 -2.00098090754 0.196512794111
8.325 -1.99999185588 0.199092533006
8.33 -1.99899013233 0.201582165018
8.335 -1.99797617833 0.20398530513
8.34 -1.9969504176 0.206305424792
8.345 -1.99591325684 0.208545857563
8.35 -1.99486508645 0.210709803739
8.355 -1.99380628111 0.212800335793
8.36 -1.99273720049 0.214820403397
8.365 -1.99165818977 0.216772838849
8.37 -1.99056958026 0.218660361009
8.375 -1.98947168996 0.220485579862
8.38 -1.98836482409 0.222251000852
8.385 -1.98724927558 0.223959029219
8.39 -1.98612532557 0.225611973978
8.395 -1.9849932439 0.227212051559
8.4 -1.98385328956 0.22876138959
8.405 -1.98270571112 0.230262030447
8.41 -1.98155074713 0.231715934666
8.415 -1.98038862652 0.233124984219
8.42 -1.97921956901 0.234490985673
8.425 -1.9780437855 0.235815673217
8.43 -1.97686147835 0.237100711592
8.435 -1.97567284178 0.238347698896
8.44 -1.97447806219 0.239558169266
8.445 -1.97327731846 0.240733595484
8.45 -1.97207078226 0.241875391437
8.455 -1.97085861832 0.242984914393
8.46 -1.96964098471 0.244063467435
8.465 -1.96841803315 0.245112301639
8.47 -1.9671899092 0.246132618179
8.475 -1.96595675256 0.247125570232
8.48 -1.96471869723 0.248092264991
8.485 -1.96347587183 0.249033765624
8.49 -1.96222839977 0.249951093033
8.495 -1.96097639948 0.250845227606
8.5 -1.95971998455 0.251717110712
8.505 -1.95845926394 0.2525676461
8.51 -1.95719434219 0.253397701867
8.515 -1.95592531961 0.254208111753
8.52 -1.95465229243 0.254999676562
8.525 -1.95337535295 0.255773165466
8.53 -1.95209458967 0.256529316972
8.535 -1.95081008748 0.25726884058
8.54 -1.9495219278 0.257992417894
8.545 -1.94823018873 0.258700703743
8.55 -1.94693494517 0.259394327289
8.555 -1.94563626889 0.260073892765
8.56 -1.9443342287 0.260739980714
8.565 -1.94302889058 0.261393149056
8.57 -1.9417203178 0.262033933933
8.575 -1.94040857099 0.262662850623
8.58 -1.93909370825 0.263280394222
8.585 -1.93777578521 0.263887040398
8.59 -1.93645485523 0.264483246474
8.595 -1.93513096939 0.265069452051
8.6 -1.93380417665 0.265646079748
8.605 -1.93247452387 0.266213535841
8.61 -1.93114205593 0.266772210729
8.615 -1.92980681577 0.267322479874
8.62 -1.92846884451 0.267864704328
8.625 -1.92712818153 0.268399231315
8.63 -1.92578486446 0.268926394795
8.635 -1.92443892932 0.269446515788
8.64 -1.92309041052 0.269959903093
8.645 -1.921739341 0.270466853805
8.65 -1.92038575222 0.270967653747
8.655 -1.91902967424 0.271462577942
8.66 -1.91767113579 0.271951890928
8.665 -1.91631016426 0.272435847205
8.67 -1.91494678583 0.272914691754
8.675 -1.91358102546 0.273388660373
8.68 -1.91221290696 0.27385798005
8.685 -1.91084245304 0.274322869277
8.69 -1.9094696853 0.274783538299
8.695 -1.90809462434 0.275240189612
8.7 -1.90671728976 0.275693018222
8.705 -1.90533770021 0.276142211949
8.71 -1.9039558734 0.276587951707
8.715 -1.90257182616 0.277030411666
8.72 -1.90118557446 0.277469759653
8.725 -1.89979713347 0.277906157391
8.73 -1.89840651754 0.278339760735
8.735 -1.89701374027 0.278770719918
8.74 -1.8956188145 0.279199179651
8.745 -1.8942217524 0.279625279485
8.75 -1.89282256541 0.280049153964
8.755 -1.89142126435 0.280470932843
8.76 -1.89001785936 0.280890741278
8.765 -1.88861236001 0.281308699959
8.77 -1.88720477524 0.281724925254
8.775 -1.88579511343 0.282139529514
8.78 -1.88438338242 0.282552621184
8.785 -1.88296958952 0.282964304968
8.79 -1.88155374151 0.283374681989
8.795 -1.8801358447 0.283783849876
8.8 -1.87871590487 0.284191902695
8.805 -1.87729392738 0.284598931436
8.81 -1.87586991712 0.285005024029
8.815 -1.87444387856 0.285410265446
8.82 -1.87301581575 0.285814737814
8.825 -1.87158573234 0.28621852053
8.83 -1.87015363159 0.286621690381
8.835 -1.86871951637 0.287024321623
8.84 -1.8672833892 0.287426486066
8.845 -1.86584525223 0.287828253174
8.85 -1.86440510728 0.288229690138
8.855 -1.86296295581 0.288630861959
8.86 -1.86151879901 0.289031831795
8.865 -1.86007263774 0.289432660835
8.87 -1.85862447256 0.289833408256
8.875 -1.85717430373 0.290234131389
8.88 -1.85572213123 0.290634885783
8.885 -1.85426795476 0.291035725255
8.89 -1.85281177375 0.291436702121
8.895 -1.85135358742 0.291837867276
8.9 -1.84989339469 0.292239269981
8.905 -1.84843119427 0.292640958049
8.91 -1.84696698459 0.293042977893
8.915 -1.84550076389 0.293445374572
8.92 -1.84403253015 0.293848191909
8.925 -1.84256228119 0.294251472696
8.93 -1.84109001459 0.294655258434
8.935 -1.83961572771 0.29505958948
8.94 -1.83813941774 0.295464505099
8.945 -1.83666108164 0.295870043501
8.95 -1.83518071621 0.2962762419
8.955 -1.83369831806 0.296683136717
8.96 -1.83221388362 0.297090763394
8.965 -1.83072740915 0.29749915647
8.97 -1.82923889074 0.297908349635
8.975 -1.82774832428 0.298318375762
8.98 -1.82625570554 0.298729266938
8.985 -1.82476103012 0.299141054646
8.99 -1.82326429347 0.299553769637
8.995 -1.82176549087 0.299967441929
9.0 -1.82026461746 0.300382100873
9.005 -1.81876166824 0.30079777518
9.01 -1.81725663805 0.301214492938
9.015 -1.81574952159 0.301632281634
9.02 -1.81424031342 0.302051168237
9.025 -1.81272900802 0.302471179485
9.03 -1.81121559971 0.302892341441
9.035 -1.80970008265 0.303314679659
9.04 -1.80818245092 0.30373821923
9.045 -1.80666269844 0.304162984801
9.05 -1.80514081901 0.304589000584
9.055 -1.80361680631 0.305016290378
9.06 -1.80209065393 0.305444877698
9.065 -1.80056235532 0.305874785783
9.07 -1.79903190382 0.306306037427
9.075 -1.79749929267 0.306738655094
9.08 -1.79596451497 0.307172660931
9.085 -1.79442756372 0.307608076776
9.09 -1.79288843183 0.308044924178
9.095 -1.79134711206 0.308483224407
9.1 -1.78980359712 0.308922998625
9.105 -1.78825787958 0.309364267716
9.11 -1.78670995192 0.309807052298
9.115 -1.78515980651 0.310251372774
9.12 -1.78360743562 0.310697249339
9.125 -1.78205283141 0.311144701992
9.13 -1.78049598595 0.311593750544
9.135 -1.77893689121 0.312044414663
9.14 -1.77737553907 0.312496713963
9.145 -1.77581192131 0.312950667848
9.15 -1.7742460296 0.313406295576
9.155 -1.77267785553 0.31386361628
9.16 -1.77110739059 0.314322648974
9.165 -1.76953462616 0.314783412562
9.17 -1.76795955354 0.315245925841
9.175 -1.76638216395 0.315710207567
9.18 -1.76480244848 0.316176276434
9.185 -1.76322039817 0.31664415103
9.19 -1.76163600394 0.317113849879
9.195 -1.76004925661 0.317585391445
9.2 -1.75846014693 0.318058794138
9.205 -1.75686866555 0.318534076321
9.21 -1.75527480302 0.319011256379
9.215 -1.75367854979 0.319490352527
9.22 -1.75207989626 0.319971383191
9.225 -1.7504788327 0.320454366651
9.23 -1.74887534931 0.320939321182
9.235 -1.74726943618 0.321426265059
9.24 -1.74566108332 0.321915216558
9.245 -1.74405028064 0.322406193961
9.25 -1.74243701797 0.322899215592
9.255 -1.74082128505 0.323394299843
9.26 -1.73920307152 0.323891465084
9.265 -1.73758236692 0.324390729711
9.27 -1.73595916072 0.324892112153
9.275 -1.73433344228 0.325395630878
9.28 -1.73270520086 0.325901304393
9.285 -1.73107442565 0.326409151254
9.29 -1.72944110572 0.326919190064
9.295 -1.72780523007 0.327431439488
9.3 -1.7261667876 0.327945918358
9.305 -1.72452576712 0.328462645554
9.31 -1.72288215733 0.32898164
9.315 -1.72123594685 0.329502920697
9.32 -1.71958712422 0.33002650674
9.325 -1.71793567784 0.330552417312
9.33 -1.71628159606 0.331080671697
9.335 -1.71462486711 0.331611289279
9.34 -1.71296547913 0.332144289551
9.345 -1.71130342017 0.332679692098
9.35 -1.70963867815 0.333217516561
9.355 -1.70797124089 0.333757782744
9.36 -1.70630109615 0.334300510576
9.365 -1.70462823156 0.334845720111
9.37 -1.70295263468 0.335393431535
9.375 -1.70127429294 0.335943665168
9.38 -1.69959319369 0.336496441473
9.385 -1.69790932417 0.337051781053
9.39 -1.69622267153 0.337609704663
9.395 -1.69453322278 0.338170233119
9.4 -1.69284096482 0.338733387394
9.405 -1.69114588447 0.339299188655
9.41 -1.68944796845 0.339867658227
9.415 -1.68774720335 0.340438817596
9.42 -1.68604357569 0.341012688417
9.425 -1.68433707185 0.341589292512
9.43 -1.68262767811 0.342168651879
9.435 -1.68091538066 0.342750788693
9.44 -1.67920016555 0.343335725302
9.445 -1.6774820187 0.343923484197
9.45 -1.67576092595 0.344514088083
9.455 -1.67403687301 0.345107559862
9.46 -1.67230984548 0.345703922626
9.465 -1.67057982885 0.346303199667
9.47 -1.66884680851 0.34690541448
9.475 -1.6671107697 0.347510590763
9.48 -1.66537169756 0.348118752424
9.485 -1.66362957712 0.348729923585
9.49 -1.66188439326 0.349344128569
9.495 -1.66013613072 0.349961391914
9.5 -1.65838477417 0.350581738393
9.505 -1.65663030811 0.351205193003
9.51 -1.65487271695 0.351831780971
9.515 -1.65311198496 0.35246152776
9.52 -1.65134809628 0.353094459066
9.525 -1.64958103494 0.353730600831
9.53 -1.64781078482 0.354369979239
9.535 -1.64603732969 0.355012620724
9.54 -1.64426065312 0.355658551992
9.545 -1.64248073861 0.356307799994
9.55 -1.6406975695 0.356960391941
9.555 -1.638911129 0.357616355307
9.56 -1.6371214002 0.358275717835
9.565 -1.63532836601 0.35893850754
9.57 -1.63353200926 0.359604752714
9.575 -1.63173231259 0.360274481927
9.58 -1.62992925852 0.360947724032
9.585 -1.62812282942 0.361624508188
9.59 -1.62631300747 0.362304863887
9.595 -1.62449977474 0.362988820884
9.6 -1.62268311315 0.363676409235
9.605 -1.62086300446 0.364367659304
9.61 -1.6190394303 0.365062601766
9.615 -1.61721237213 0.365761267608
9.62 -1.61538181126 0.366463688137
9.625 -1.61354772884 0.367169894984
9.63 -1.61171010588 0.367879920106
9.635 -1.6098689232 0.368593795835
9.64 -1.60802416143 0.369311554875
9.645 -1.60617580107 0.370033230231
9.65 -1.60432382246 0.370758855255
9.655 -1.60246820578 0.371488463656
9.66 -1.60060893102 0.372222089498
9.665 -1.59874597801 0.372959767209
9.67 -1.59687932641 0.373701531585
9.675 -1.59500895572 0.37444741779
9.68 -1.59313484524 0.375197461368
9.685 -1.59125697409 0.375951698334
9.69 -1.58937532117 0.376710165089
9.695 -1.58748986526 0.377472898388
9.7 -1.58560058492 0.378239935393
9.705 -1.58370745855 0.379011313668
9.71 -1.58181046435 0.379787071194
9.715 -1.57990958033 0.380567246368
9.72 -1.57800478432 0.381351878008
9.725 -1.57609605395 0.382141005361
9.73 -1.57418336665 0.382934668116
9.735 -1.57226669961 0.383732906534
9.74 -1.57034602984 0.384535761273
9.745 -1.56842133415 0.385343273417
9.75 -1.56649258916 0.386155484518
9.755 -1.56455977126 0.386972436593
9.76 -1.56262285666 0.387794172137
9.765 -1.56068182133 0.388620734126
9.77 -1.55873664105 0.389452166019
9.775 -1.55678729137 0.39028851177
9.78 -1.55483374758 0.391129815942
9.785 -1.55287598482 0.391976123497
9.79 -1.55091397789 0.392827480133
9.795 -1.54894770143 0.393683931926
9.8 -1.54697712986 0.394545525488
9.805 -1.54500223736 0.395412307973
9.81 -1.54302299787 0.396284327087
9.815 -1.54103938509 0.397161631089
9.82 -1.53905137249 0.398044268801
9.825 -1.53705893331 0.398932289613
9.83 -1.53506204048 0.399825743591
9.835 -1.53306066665 0.400724681558
9.84 -1.53105478428 0.401629154768
9.845 -1.52904436554 0.402539215078
9.85 -1.52702938239 0.403454914965
9.855 -1.52500980649 0.404376307534
9.86 -1.52298560925 0.405303446525
9.865 -1.52095676181 0.406236386322
9.87 -1.51892323505 0.407175181962
9.875 -1.51688499956 0.408119889144
9.88 -1.51484202566 0.409070564235
9.885 -1.51279428339 0.410027264285
9.89 -1.51074174251 0.41099004703
9.895 -1.50868437248 0.411958970933
9.9 -1.50662214239 0.412934095497
9.905 -1.50455502106 0.413915480808
9.91 -1.50248297704 0.414903187623
9.915 -1.50040597856 0.41589727746
9.92 -1.49832399356 0.416897812608
9.925 -1.49623698966 0.417904856143
9.93 -1.49414493413 0.418918471938
9.935 -1.49204779397 0.419938724674
9.94 -1.48994553582 0.420965679856
9.945 -1.487838126 0.421999403823
9.95 -1.48572553048 0.423039963766
9.955 -1.48360771491 0.424087427732
9.96 -1.48148464459 0.425141864647
9.965 -1.47935628448 0.426203344272
9.97 -1.47722259922 0.427271937231
9.975 -1.47508355306 0.428347715115
9.98 -1.4729391099 0.42943075044
9.985 -1.47078923327 0.430521116659
9.99 -1.46863388632 0.43161888818
9.995 -1.46647303184 0.432724140377
