0.0 -2.0 0.0
0.005 -1.99997513049 0.00992534934642
0.01 -1.99990099854 0.0197026827731
0.015 -1.9997783463 0.0293340233204
0.02 -1.99960789817 0.0388213736873
0.025 -1.99939036531 0.0481667364425
0.03 -1.99912645051 0.0573721123078
0.035 -1.99881685967 0.0664395026318
0.04 -1.99846226955 0.0753708966614
0.045 -1.99806335492 0.0841682828206
0.05 -1.99762079175 0.0928336481808
0.055 -1.99713522133 0.101368955443
0.06 -1.99660729648 0.109776175396
0.065 -1.99603765844 0.118057266803
0.07 -1.99542692406 0.126214164726
0.075 -1.99477571381 0.1342488058
0.08 -1.99408462904 0.142163102909
0.085 -1.99335427276 0.149958970174
0.09 -1.99258522621 0.157638291286
0.095 -1.99177807125 0.165202949758
0.1 -1.99093337748 0.17265480986
0.105 -1.99005170379 0.179995718767
0.11 -1.98913360219 0.187227509396
0.115 -1.98817961203 0.19435199414
0.12 -1.987190262 0.201370967091
0.125 -1.98616607852 0.20828621175
0.13 -1.98510757451 0.215099488977
0.135 -1.98401525324 0.221812540712
0.14 -1.98288961366 0.228427094646
0.145 -1.98173114398 0.234944858798
0.15 -1.98054032383 0.241367521864
0.155 -1.97931762479 0.247696752183
0.16 -1.97806350968 0.253934200095
0.165 -1.97677843332 0.260081495992
0.17 -1.97546284265 0.26614025018
0.175 -1.97411717613 0.27211205403
0.18 -1.97274186504 0.277998478237
0.185 -1.97133733268 0.283801073748
0.19 -1.969903994 0.289521372286
0.195 -1.96844225588 0.29516088593
0.2 -1.96695251845 0.300721106208
0.205 -1.96543517575 0.306203503649
0.21 -1.963890613 0.311609529659
0.215 -1.96231920783 0.316940615709
0.22 -1.96072133077 0.322198173381
0.225 -1.95909734734 0.327383594595
0.23 -1.9574476148 0.332498251257
0.235 -1.95577248307 0.337543495349
0.24 -1.954072295 0.342520659053
0.245 -1.95234738871 0.347431056411
0.25 -1.95059809524 0.352275981649
0.255 -1.94882473835 0.357056709024
0.26 -1.94702763392 0.361774491796
0.265 -1.94520709698 0.366430570919
0.27 -1.9433634314 0.371026162337
0.275 -1.94149693672 0.375562465368
0.28 -1.9396079059 0.380040659978
0.285 -1.93769662608 0.384461907978
0.29 -1.93576337999 0.388827355359
0.295 -1.93380844377 0.393138128577
0.3 -1.93183208797 0.397395336165
0.305 -1.92983457772 0.401600069084
0.31 -1.92781617265 0.405753401058
0.315 -1.92577712673 0.409856388892
0.32 -1.92371768918 0.413910072496
0.325 -1.9216381043 0.417915475222
0.33 -1.91953861158 0.421873604113
0.335 -1.91741944483 0.425785449342
0.34 -1.91528083248 0.429651984556
0.345 -1.91312299868 0.433474167917
0.35 -1.91094616288 0.437252941869
0.355 -1.90875053988 0.44098923334
0.36 -1.90653633976 0.444683954147
0.365 -1.90430376805 0.448338001076
0.37 -1.90205302593 0.451952256013
0.375 -1.89978431021 0.455527586214
0.38 -1.89749781342 0.459064844529
0.385 -1.89519372376 0.462564869724
0.39 -1.8928722253 0.466028486587
0.395 -1.89053349807 0.469456506141
0.4 -1.88817771808 0.472849725878
0.405 -1.88580505741 0.476208929974
0.41 -1.88341568414 0.479534889501
0.415 -1.88100976256 0.482828362647
0.42 -1.87858745326 0.486090094931
0.425 -1.87614891314 0.489320819418
0.43 -1.87369429541 0.492521256866
0.435 -1.87122374943 0.495692115748
0.44 -1.86873742129 0.498834092881
0.445 -1.86623545365 0.501947873483
0.45 -1.86371798586 0.505034131371
0.455 -1.86118515395 0.508093529167
0.46 -1.85863709073 0.511126718518
0.465 -1.85607392588 0.514134340308
0.47 -1.85349578597 0.517117024867
0.475 -1.85090279455 0.520075392157
0.48 -1.84829507092 0.523010050503
0.485 -1.84567273157 0.525921598389
0.49 -1.84303589055 0.528810625056
0.495 -1.84038465906 0.531677710103
0.5 -1.83771914544 0.534523423695
0.505 -1.83503945532 0.537348326766
0.51 -1.8323456916 0.540152971223
0.515 -1.82963795456 0.542937900151
0.52 -1.82691634189 0.545703648015
0.525 -1.82418094829 0.548450739952
0.53 -1.82143186485 0.551179690827
0.535 -1.81866918093 0.553891008681
0.54 -1.81589298341 0.556585193509
0.545 -1.81310335671 0.559262737362
0.55 -1.81030038283 0.561924124526
0.555 -1.8074841414 0.564569831702
0.56 -1.80465470973 0.567200328188
0.565 -1.80181216262 0.569816075352
0.57 -1.79895657246 0.572417526887
0.575 -1.7960880096 0.575005130108
0.58 -1.79320654223 0.577579325491
0.585 -1.79031223635 0.580140546842
0.59 -1.7874051559 0.582689221462
0.595 -1.78448536277 0.585225770318
0.6 -1.7815529168 0.587750608191
0.605 -1.77860787523 0.590264142168
0.61 -1.77565029328 0.592766773215
0.615 -1.77268022445 0.595258897148
0.62 -1.76969772033 0.597740904022
0.625 -1.76670283059 0.60021317828
0.63 -1.76369560304 0.602676098898
0.635 -1.76067608363 0.605130039538
0.64 -1.75764431653 0.607575368592
0.645 -1.75460034356 0.610012447802
0.65 -1.75154420493 0.612441634316
0.655 -1.74847593923 0.614863280753
0.66 -1.74539558331 0.617277734933
0.665 -1.74230317232 0.619685340014
0.67 -1.73919873975 0.622086434623
0.675 -1.73608231746 0.62448135299
0.68 -1.73295393561 0.626870424823
0.685 -1.72981362229 0.629253974116
0.69 -1.72666140423 0.631632321455
0.695 -1.72349730666 0.63400578356
0.7 -1.72032135325 0.636374673201
0.705 -1.71713356613 0.638739299317
0.71 -1.71393396596 0.64109996713
0.715 -1.71072257189 0.643456978263
0.72 -1.70749940141 0.645810630087
0.725 -1.70426447054 0.648161216472
0.73 -1.70101779366 0.650509027273
0.735 -1.69775938394 0.652854349773
0.74 -1.69448925315 0.655197468024
0.745 -1.69120741167 0.657538662951
0.75 -1.68791386851 0.65987821247
0.755 -1.68460863132 0.662216391589
0.76 -1.68129170624 0.664553471834
0.765 -1.67796309785 0.666889721222
0.77 -1.67462280962 0.669225405786
0.775 -1.67127084375 0.671560788904
0.78 -1.6679072011 0.673896131362
0.785 -1.66453188126 0.676231691436
0.79 -1.66114488255 0.678567724968
0.795 -1.65774620202 0.680904485432
0.8 -1.65433583548 0.683242224012
0.805 -1.65091377748 0.685581189646
0.81 -1.64748002126 0.687921628795
0.815 -1.64403455883 0.690263785852
0.82 -1.64057738099 0.692607903217
0.825 -1.63710847735 0.694954221255
0.83 -1.63362783627 0.697302978343
0.835 -1.63013544492 0.699654410916
0.84 -1.62663128922 0.70200875351
0.845 -1.62311535391 0.704366238798
0.85 -1.61958762251 0.706727097633
0.855 -1.61604807748 0.709091559581
0.86 -1.61249670065 0.71145985436
0.865 -1.60893347235 0.713832208996
0.87 -1.6053583717 0.71620884892
0.875 -1.60177137673 0.718589998176
0.88 -1.59817246432 0.720975879473
0.885 -1.59456161023 0.723366714231
0.89 -1.5909387891 0.725762722631
0.895 -1.58730397447 0.728164123657
0.9 -1.58365713875 0.730571135141
0.905 -1.5799982534 0.732983974324
0.91 -1.57632728885 0.735402857696
0.915 -1.57264421435 0.737828000416
0.92 -1.56894899806 0.74025961676
0.925 -1.56524160709 0.742697920167
0.93 -1.56152200746 0.745143123284
0.935 -1.55779016413 0.747595438015
0.94 -1.55404604101 0.750055075564
0.945 -1.55028960092 0.752522246479
0.95 -1.54652080567 0.754997160719
0.955 -1.54273961605 0.757480027984
0.96 -1.5389459918 0.759971057363
0.965 -1.53513989158 0.762470457427
0.97 -1.53132127302 0.764978436338
0.975 -1.5274900927 0.767495201893
0.98 -1.52364630616 0.770020961565
0.985 -1.51978986791 0.772555922542
0.99 -1.51592073141 0.775100291772
0.995 -1.51203884907 0.777654275996
1.0 -1.50814417231 0.780218081876
1.005 -1.50423665153 0.782791916155
1.01 -1.50031623609 0.785375985362
1.015 -1.49638287429 0.787970495995
1.02 -1.49243651341 0.790575654565
1.025 -1.4884770997 0.793191667641
1.03 -1.48450457835 0.795818741885
1.035 -1.48051889356 0.798457084086
1.04 -1.47651998844 0.801106901202
1.045 -1.4725078051 0.80376840039
1.05 -1.46848228462 0.806441789179
1.055 -1.46444336705 0.809127275395
1.06 -1.46039099138 0.811825067125
1.065 -1.45632509557 0.814535372816
1.07 -1.45224561651 0.81725840131
1.075 -1.44815249008 0.819994361882
1.08 -1.44404565108 0.82274346427
1.085 -1.43992503327 0.825505918712
1.09 -1.43579056936 0.828281935977
1.095 -1.43164219099 0.831071727427
1.1 -1.4274798288 0.833875505231
1.105 -1.42330341234 0.836693482084
1.11 -1.41911287009 0.839525871319
1.115 -1.41490812945 0.842372886977
1.12 -1.41068911675 0.845234743838
1.125 -1.40645575724 0.848111657452
1.13 -1.40220797509 0.851003844168
1.135 -1.39794569338 0.853911521166
1.14 -1.3936688341 0.856834906486
1.145 -1.38937731814 0.859774219056
1.15 -1.3850710653 0.862729678725
1.155 -1.38074999424 0.865701506284
1.16 -1.37641402262 0.868689923821
1.165 -1.37206306699 0.87169515451
1.17 -1.36769704272 0.874717422373
1.175 -1.36331586407 0.877756952522
1.18 -1.35891944415 0.880813971189
1.185 -1.35450769497 0.883888705753
1.19 -1.35008052736 0.886981384768
1.195 -1.34563785102 0.890092237995
1.2 -1.34117957451 0.893221496424
1.205 -1.3367056052 0.896369392306
1.21 -1.3322158493 0.899536159177
1.215 -1.32771021187 0.902722031886
1.22 -1.32318859678 0.905927246664
1.225 -1.31865090677 0.909152041263
1.23 -1.31409704336 0.912396654726
1.235 -1.30952690685 0.91566132751
1.24 -1.30494039635 0.918946301526
1.245 -1.30033740974 0.922251820169
1.25 -1.29571784369 0.925578128338
1.255 -1.29108159362 0.928925472464
1.26 -1.28642855373 0.932294100535
1.265 -1.28175861697 0.935684262119
1.27 -1.27707167502 0.939096208391
1.275 -1.27236761833 0.942530192154
1.28 -1.26764633603 0.945986467862
1.285 -1.26290771609 0.949465291617
1.29 -1.25815164514 0.952966921224
1.295 -1.25337800851 0.956491616218
1.3 -1.24858669022 0.960039637874
1.305 -1.24377757297 0.963611249234
1.31 -1.23895053817 0.967206715123
1.315 -1.23410546586 0.970826302171
1.32 -1.22924223476 0.974470278836
1.325 -1.22436072224 0.978138915426
1.33 -1.21946080431 0.981832484115
1.335 -1.21454235561 0.985551258964
1.34 -1.20960524939 0.989295515945
1.345 -1.20464935757 0.993065532822
1.35 -1.1996745507 0.996861589048
1.355 -1.1946806979 1.00068396625
1.36 -1.18966766684 1.00453294801
1.365 -1.1846353238 1.00840881991
1.37 -1.17958353361 1.01231186949
1.375 -1.17451215964 1.01624238631
1.38 -1.16942106383 1.02020066192
1.385 -1.16431010663 1.02418698995
1.39 -1.15917914704 1.02820166602
1.395 -1.15402804256 1.03224498784
1.4 -1.14885664917 1.0363172552
1.405 -1.14366482138 1.04041876988
1.41 -1.13845241228 1.04454983504
1.415 -1.13321927338 1.04871075621
1.42 -1.12796525464 1.05290184113
1.425 -1.12269020447 1.05712339964
1.43 -1.11739396971 1.06137574364
1.435 -1.11207639565 1.0656591871
1.44 -1.10673732601 1.06997404607
1.445 -1.10137660287 1.07432063869
1.45 -1.09599406677 1.07869928518
1.455 -1.09058955661 1.08311030785
1.46 -1.08516290964 1.0875540311
1.465 -1.07971396153 1.0920307814
1.47 -1.07424254635 1.0965408866
1.475 -1.06874849664 1.10108467593
1.48 -1.06323164314 1.10566248145
1.485 -1.05769181496 1.11027463722
1.49 -1.0521288395 1.11492147924
1.495 -1.04654254247 1.11960334549
1.5 -1.04093274789 1.12432057588
1.505 -1.03529927807 1.12907351225
1.51 -1.0296419536 1.13386249835
1.515 -1.02396059332 1.13868787985
1.52 -1.01825501434 1.14355000425
1.525 -1.01252503202 1.14844922097
1.53 -1.00677045998 1.1533858809
1.535 -1.00099111035 1.15836033465
1.54 -0.995186793344 1.16337293568
1.545 -0.989357317338 1.16842403942
1.55 -0.983502488929 1.17351400287
1.555 -0.977622112914 1.17864318454
1.56 -0.971715992289 1.18381194447
1.565 -0.965783928233 1.18902064411
1.57 -0.959825720104 1.19426964634
1.575 -0.953841165427 1.1995593154
1.58 -0.947830059885 1.20489001683
1.585 -0.941792197312 1.21026211746
1.59 -0.935727369681 1.21567598532
1.595 -0.929635367356 1.22113198768
1.6 -0.923515978913 1.22663049229
1.605 -0.917368990923 1.2321718688
1.61 -0.911194188108 1.23775648755
1.615 -0.904991353337 1.24338471944
1.62 -0.898760267617 1.24905693586
1.625 -0.892500710097 1.2547735086
1.63 -0.886212458056 1.26053480971
1.635 -0.879895286907 1.26634121143
1.64 -0.873548970192 1.27219308607
1.645 -0.86717327969 1.27809080529
1.65 -0.860767985311 1.28403474056
1.655 -0.85433285505 1.29002526323
1.66 -0.847867655041 1.29606274423
1.665 -0.841372149553 1.30214755382
1.67 -0.834846100989 1.30828006156
1.675 -0.82828926989 1.31446063609
1.68 -0.821701414934 1.32068964503
1.685 -0.815082292938 1.32696745483
1.69 -0.808431658876 1.3332944305
1.695 -0.801749266258 1.33967093267
1.7 -0.795034866684 1.34609732078
1.705 -0.788288209834 1.35257395291
1.71 -0.781509043594 1.35910118482
1.715 -0.774697114063 1.36567936968
1.72 -0.767852165564 1.37230885788
1.725 -0.760973940651 1.37898999681
1.73 -0.754062180127 1.38572313063
1.735 -0.747116623046 1.39250860003
1.74 -0.740137006772 1.39934674178
1.745 -0.733123067447 1.4062378858
1.75 -0.726074539366 1.41318235865
1.755 -0.718991155085 1.42018048269
1.76 -0.711872645548 1.42723257523
1.765 -0.704718740109 1.43433894816
1.77 -0.697529166551 1.44149990771
1.775 -0.690303651114 1.44871575407
1.78 -0.683041918514 1.45598678111
1.785 -0.675743691974 1.46331327602
1.79 -0.668408693337 1.47069551843
1.795 -0.661036643654 1.47813377669
1.8 -0.653627262311 1.48562831292
1.805 -0.646180267287 1.49317938135
1.81 -0.638695375294 1.50078722717
1.815 -0.631172301816 1.50845208623
1.82 -0.623610761146 1.5161741845
1.825 -0.616010466435 1.52395373769
1.83 -0.608371129726 1.53179095074
1.835 -0.600692462007 1.53968601741
1.84 -0.592974173402 1.54763911896
1.845 -0.585215973776 1.55565042064
1.85 -0.577417571823 1.56372007645
1.855 -0.56957867543 1.57184822684
1.86 -0.561698991816 1.58003499782
1.865 -0.553778227595 1.58828050027
1.87 -0.545816088855 1.59658482938
1.875 -0.537812281228 1.60494806394
1.88 -0.529766509987 1.61337026566
1.885 -0.521678480341 1.62185147766
1.89 -0.513547897237 1.63039172482
1.895 -0.505374465478 1.63899101295
1.9 -0.497157889862 1.64764932784
1.905 -0.488897875276 1.65636663457
1.91 -0.480594126785 1.66514287668
1.915 -0.472246349736 1.67397797542
1.92 -0.463854249868 1.68287182889
1.925 -0.455417534009 1.69182430856
1.93 -0.446935909655 1.70083526081
1.935 -0.438409084888 1.70990450691
1.94 -0.429836768727 1.71903184109
1.945 -0.421218671259 1.72821702957
1.95 -0.412554503774 1.7374598096
1.955 -0.403843978896 1.74675988847
1.96 -0.395086810724 1.75611694251
1.965 -0.386282715388 1.76553061488
1.97 -0.377431411114 1.77500051476
1.975 -0.368532617827 1.78452621784
1.98 -0.359586057639 1.79410726424
1.985 -0.35059145502 1.80374315741
1.99 -0.341548536975 1.81343336294
1.995 -0.332457033222 1.82317730735
2.0 -0.323316676376 1.83297437692
2.005 -0.314127202415 1.84282391589
2.01 -0.304888351193 1.85272522465
2.015 -0.295599865742 1.8626775601
2.02 -0.286261492878 1.87268013359
2.025 -0.276872983442 1.88273210955
2.03 -0.267434092531 1.8928326041
2.035 -0.257944579722 1.90298068367
2.04 -0.248404209314 1.91317536353
2.045 -0.238812750727 1.92341560646
2.05 -0.229169979361 1.93370032133
2.055 -0.219475675799 1.94402836143
2.06 -0.209729626404 1.95439852302
2.065 -0.199931623676 1.96480954381
2.07 -0.190081466534 1.97526010142
2.075 -0.180178960612 1.98574881177
2.08 -0.17022391855 1.99627422748
2.085 -0.160216160362 2.00683483651
2.09 -0.150155514391 2.01742906303
2.095 -0.140041816795 2.02805526251
2.1 -0.129874911976 2.03871172041
2.105 -0.119654653066 2.04939665109
2.11 -0.109380902272 2.06010819615
2.115 -0.0990535312385 2.07084442274
2.12 -0.0886724214106 2.0816033218
2.125 -0.0782374644131 2.09238280652
2.13 -0.0677485628752 2.10318071634
2.135 -0.0572056304265 2.11399481016
2.14 -0.046608591938 2.12482276251
2.145 -0.0359573841076 2.13566216424
2.15 -0.0252519558785 2.14651052078
2.155 -0.0144922688648 2.15736525054
2.16 -0.003678297785 2.16822368317
2.165 0.00718996909734 2.17908305787
2.17 0.0181125294498 2.18994052755
2.175 0.0290893664133 2.20079315729
2.18 0.0401204482382 2.21163791475
2.185 0.0512057277536 2.22247167314
2.19 0.0623451418829 2.23329120991
2.195 0.0735386111512 2.24409320544
2.2 0.0847860392378 2.25487424222
2.205 0.0960873128094 2.26563080637
2.21 0.107442300564 2.27635928281
2.215 0.118850852811 2.28705595487
2.22 0.130312801008 2.29771700363
2.225 0.141827957236 2.30833850692
2.23 0.153396113671 2.31891643823
2.235 0.165017042285 2.32944667343
2.24 0.176690494276 2.33992498895
2.245 0.188416199253 2.35034705213
2.25 0.200193864848 2.36070842579
2.255 0.212023176173 2.37100456793
2.26 0.223903795267 2.38123083147
2.265 0.235835360679 2.39138246572
2.27 0.247817487737 2.40145462591
2.275 0.259849766873 2.41144236019
2.28 0.271931763338 2.42134061301
2.285 0.284063016778 2.43114422692
2.29 0.296243040686 2.44084794319
2.295 0.308471321864 2.45044640257
2.3 0.320747320684 2.45993415541
2.305 0.333070470369 2.46930566058
2.31 0.345440175619 2.47855527712
2.315 0.357855812604 2.48767727156
2.32 0.370316728456 2.49666581979
2.325 0.382822240769 2.50551500897
2.33 0.395371637388 2.51421884212
2.335 0.407964177419 2.52277125282
2.34 0.420599088643 2.53116609034
2.345 0.433275567612 2.5393971271
2.35 0.445992779409 2.54745806347
2.355 0.458749857234 2.55534253123
2.36 0.471545902 2.5630440973
2.365 0.484379983462 2.57055627712
2.37 0.497251139333 2.57787253568
2.375 0.510158373565 2.58498628336
2.38 0.523100656901 2.59189088618
2.385 0.536076926595 2.59857967102
2.39 0.549086086142 2.60504593097
2.395 0.562127005503 2.61128293281
2.4 0.57519852302 2.61728393134
2.405 0.588299442095 2.62304216328
2.41 0.601428531909 2.62855085732
2.415 0.614584527585 2.63380324194
2.42 0.627766130108 2.63879255268
2.425 0.640972006287 2.64351203953
2.43 0.654200790791 2.64795497717
2.435 0.667451085293 2.65211467184
2.44 0.680721456943 2.65598446776
2.445 0.69401043956 2.6595577569
2.45 0.707316533806 2.66282798787
2.455 0.720638207398 2.66578867505
2.46 0.733973895895 2.66843340653
2.465 0.747322005214 2.67075584831
2.47 0.760680908579 2.6727497623
2.475 0.774048947929 2.67440901385
2.48 0.787424434623 2.67572758127
2.485 0.800805649944 2.67669956618
2.49 0.814190845653 2.67731920402
2.495 0.827578246029 2.67758086299
2.5 0.840966048035 2.67747905877
2.505 0.854352421088 2.67700847307
2.51 0.867735508499 2.67616395899
2.515 0.881113428364 2.67494055156
2.52 0.894484274341 2.67333347485
2.525 0.907846116392 2.67133814729
2.53 0.92119700224 2.66895020226
2.535 0.934534958243 2.66616549454
2.54 0.947857990484 2.66298011059
2.545 0.961164085986 2.65939037635
2.55 0.974451214478 2.65539284813
2.555 0.987717329003 2.6509843446
2.56 1.00096036735 2.64616195243
2.565 1.01417825348 2.640923033
2.57 1.02736889899 2.63526523123
2.575 1.04053020392 2.62918646749
2.58 1.05366005866 2.62268495566
2.585 1.06675634566 2.6157592182
2.59 1.07981694086 2.60840808792
2.595 1.09283971528 2.60063071519
2.6 1.10582253624 2.59242656447
2.605 1.11876326861 2.58379541152
2.61 1.13165977755 2.57473737168
2.615 1.14450992976 2.56525289501
2.62 1.15731159526 2.55534277053
2.625 1.17006264891 2.54500812662
2.63 1.18276097072 2.53425041627
2.635 1.19540444954 2.52307144297
2.64 1.20799098442 2.51147335682
2.645 1.22051848628 2.49945865396
2.65 1.23298487969 2.48703017676
2.655 1.24538810284 2.47419109886
2.66 1.2577261108 2.46094493569
2.665 1.26999687774 2.44729554615
2.67 1.28219839821 2.43324712637
2.675 1.29432868904 2.4188042068
2.68 1.30638578969 2.40397164301
2.685 1.31836776354 2.38875460938
2.69 1.33027270189 2.3731586029
2.695 1.34209872452 2.35718943304
2.7 1.35384398147 2.34085321521
2.705 1.36550665402 2.32415636323
2.71 1.37708495427 2.30710558021
2.715 1.38857712969 2.28970785192
2.72 1.39998146378 2.27197043715
2.725 1.41129627732 2.2539008578
2.73 1.42251992972 2.23550688892
2.735 1.43365081804 2.21679655493
2.74 1.44468738042 2.19777811188
2.745 1.45562809749 2.1784600352
2.75 1.46647149307 2.15885100886
2.755 1.47721613529 2.13895991244
2.76 1.48786063627 2.11879581876
2.765 1.49840365314 2.09836797956
2.77 1.50884389065 2.07768580022
2.775 1.51918010109 2.05675883189
2.78 1.52941108518 2.03559675699
2.785 1.53953569234 2.01420938002
2.79 1.54955282026 1.9926066276
2.795 1.55946141694 1.97079851415
2.8 1.56926048064 1.94879513434
2.805 1.5789490602 1.92660664977
2.81 1.58852625563 1.90424327914
2.815 1.5979912182 1.88171528077
2.82 1.60734315054 1.85903293765
2.825 1.61658130689 1.8362065438
2.83 1.62570499287 1.81324639796
2.835 1.63471356529 1.79016279526
2.84 1.6436064325 1.76696599989
2.845 1.65238305405 1.74366623777
2.85 1.66104294047 1.72027368495
2.855 1.66958565327 1.69679846394
2.86 1.67801080429 1.6732506219
2.865 1.68631805534 1.6496401204
2.87 1.69450711774 1.62597682474
2.875 1.70257775205 1.60227050029
2.88 1.71052976741 1.57853079942
2.885 1.71836302078 1.55476724674
2.89 1.72607741629 1.53098923193
2.895 1.73367290471 1.50720600253
2.9 1.74114948306 1.4834266604
2.905 1.74850719321 1.45966014564
2.91 1.75574612117 1.4359152313
2.915 1.76286639631 1.41220051649
2.92 1.76986819098 1.38852442417
2.925 1.77675171911 1.36489519121
2.93 1.7835172351 1.34132086223
2.935 1.79016503296 1.31780928512
2.94 1.79669544562 1.29436810758
2.945 1.80310884411 1.27100477355
2.95 1.80940563579 1.24772651734
2.955 1.81558626353 1.22454036128
2.96 1.8216512047 1.20145311293
2.965 1.82760097076 1.17847136293
2.97 1.83343610529 1.15560148294
2.975 1.83915718301 1.13284962426
2.98 1.84476480868 1.1102217169
2.985 1.85025961655 1.0877234676
2.99 1.85564226894 1.06536036015
2.995 1.86091345477 1.04313765651
3.0 1.86607388855 1.0210603969
3.005 1.87112430957 0.999133399509
3.01 1.87606548125 0.977361259136
3.015 1.88089818893 0.955748353867
3.02 1.88562323913 0.93429884537
3.025 1.89024145838 0.913016681293
3.03 1.89475369223 0.891905596881
3.035 1.89916080574 0.870969108278
3.04 1.90346368049 0.850210526858
3.045 1.90766321383 0.829632960981
3.05 1.91176031798 0.80923931839
3.055 1.91575591898 0.789032310079
3.06 1.91965095664 0.769014444752
3.065 1.92344638292 0.749188038825
3.07 1.9271431605 0.72955522494
3.075 1.93074226216 0.710117953278
3.08 1.9342446698 0.690877996344
3.085 1.93765137397 0.671836947933
3.09 1.94096337328 0.652996223649
3.095 1.94418167256 0.634357078123
3.1 1.94730728246 0.615920604584
3.105 1.95034121857 0.597687739884
3.11 1.95328450077 0.579659267414
3.115 1.95613815294 0.561835812527
3.12 1.9589032015 0.544217860859
3.125 1.96158067488 0.526805759838
3.13 1.96417160285 0.509599722926
3.135 1.96667701585 0.492599834346
3.14 1.96909794465 0.475806045031
3.145 1.97143541945 0.459218185496
3.15 1.97369046923 0.442835971805
3.155 1.97586412128 0.426659008415
3.16 1.97795740057 0.410686793109
3.165 1.97997132936 0.394918716607
3.17 1.98190692663 0.379354067422
3.175 1.98376520757 0.363992042425
3.18 1.98554718309 0.348831748296
3.185 1.98725385947 0.33387220603
3.19 1.98888623783 0.319112353541
3.195 1.99044531375 0.304551045803
3.2 1.99193207692 0.290187066033
3.205 1.99334751082 0.276019127322
3.21 1.99469259235 0.262045876406
3.215 1.99596829149 0.248265897206
3.22 1.99717557082 0.234677710763
3.225 1.99831538545 0.221279783084
3.23 1.99938868274 0.208070528274
3.235 2.00039640204 0.195048311401
3.24 2.00133947447 0.182211451876
3.245 2.00221882244 0.169558224735
3.25 2.00303535961 0.157086864779
3.255 2.00378999084 0.144795570719
3.26 2.00448361192 0.132682507356
3.265 2.00511710946 0.120745808438
3.27 2.00569136059 0.108983578912
3.275 2.00620723267 0.0973938970684
3.28 2.00666558358 0.0859748182667
3.285 2.00706726147 0.074724376875
3.29 2.00741310466 0.0636405885946
3.295 2.00770394154 0.0527214526907
3.3 2.00794059012 0.0419649540588
3.305 2.00812385851 0.0313690654011
3.31 2.00825454467 0.0209317491685
3.315 2.00833343644 0.0106509594305
3.32 2.00836131144 0.000524643684973
3.325 2.00833893678 -0.00944925486179
3.33 2.00826706931 -0.019272796111
3.335 2.00814645566 -0.0289480416298
3.34 2.00797783221 -0.0384770530355
3.345 2.0077619251 -0.0478618906105
3.35 2.00749944998 -0.0571046111539
3.355 2.00719111209 -0.0662072667222
3.36 2.00683760663 -0.0751719046251
3.365 2.00643961862 -0.0840005657144
3.37 2.00599782299 -0.0926952833622
3.375 2.00551288464 -0.101258082522
3.38 2.00498545824 -0.109690977908
3.385 2.00441618787 -0.117995971121
3.39 2.00380570801 -0.126175053708
3.395 2.00315464327 -0.134230205014
3.4 2.00246360846 -0.142163391365
3.405 2.00173320866 -0.149976565451
3.41 2.00096403924 -0.157671665425
3.415 2.00015668548 -0.165250611485
3.42 1.99931172329 -0.172715308975
3.425 1.99842971917 -0.180067647366
3.43 1.99751123028 -0.187309499384
3.435 1.99655680453 -0.194442720658
3.44 1.99556698064 -0.201469149366
3.445 1.99454228787 -0.208390603188
3.45 1.99348324643 -0.215208881092
3.455 1.99239036773 -0.221925764163
3.46 1.99126415436 -0.228543014424
3.465 1.99010510019 -0.235062374676
3.47 1.98891369049 -0.241485568387
3.475 1.98769040182 -0.247814298006
3.48 1.9864357021 -0.254050244337
3.485 1.98515005106 -0.260195069399
3.49 1.98383390021 -0.26625041496
3.495 1.98248769293 -0.272217902514
3.5 1.98111186459 -0.2780991333
3.505 1.97970684259 -0.283895687679
3.51 1.97827304623 -0.289609123244
3.515 1.97681088722 -0.295240978167
3.52 1.97532076966 -0.300792770172
3.525 1.97380309016 -0.306265996466
3.53 1.97225823789 -0.311662133852
3.535 1.97068659473 -0.316982638676
3.54 1.96908853515 -0.322228944904
3.545 1.96746442654 -0.327402466624
3.55 1.96581462934 -0.33250459799
3.555 1.96413949706 -0.337536712989
3.56 1.96243937643 -0.342500165619
3.565 1.96071460749 -0.347396290067
3.57 1.95896552354 -0.352226399447
3.575 1.95719245135 -0.356991786862
3.58 1.95539571134 -0.361693726431
3.585 1.95357561761 -0.366333472878
3.59 1.95173247806 -0.37091226175
3.595 1.94986659445 -0.375431309639
3.6 1.94797826251 -0.379891813745
3.605 1.94606777193 -0.384294951614
3.61 1.94413540664 -0.388641882945
3.615 1.94218144481 -0.392933749107
3.62 1.94020615896 -0.397171673362
3.625 1.93820981605 -0.401356761112
3.63 1.93619267757 -0.405490099912
3.635 1.93415499953 -0.409572758795
3.64 1.93209703269 -0.413605789943
3.645 1.93001902259 -0.417590228507
3.65 1.92792120964 -0.421527092764
3.655 1.92580382923 -0.425417384364
3.66 1.92366711175 -0.42926208854
3.665 1.92151128271 -0.433062173555
3.67 1.9193365628 -0.436818591791
3.675 1.91714316801 -0.440532279997
3.68 1.91493130966 -0.44420415936
3.685 1.91270119456 -0.44783513575
3.69 1.91045302498 -0.451426099972
3.695 1.90818699879 -0.454977927542
3.7 1.90590330951 -0.458491479126
3.705 1.90360214639 -0.461967601159
3.71 1.90128369449 -0.465407125851
3.715 1.89894813476 -0.468810871419
3.72 1.89659564407 -0.47217964233
3.725 1.89422639536 -0.475514229345
3.73 1.89184055748 -0.478815409591
3.735 1.88943829564 -0.482083947227
3.74 1.88701977116 -0.485320593536
3.745 1.88458514163 -0.488526087108
3.75 1.88213456101 -0.491701154072
3.755 1.87966817962 -0.494846508211
3.76 1.87718614428 -0.497962850721
3.765 1.87468859829 -0.501050871287
3.77 1.87217568158 -0.504111248045
3.775 1.86964753067 -0.507144647747
3.78 1.86710427881 -0.510151725976
3.785 1.864546056 -0.513133127373
3.79 1.86197298906 -0.51608948586
3.795 1.85938520168 -0.519021424866
3.8 1.85678281438 -0.521929556573
3.805 1.85416594449 -0.524814481855
3.81 1.85153470653 -0.527676792738
3.815 1.84888921213 -0.53051707146
3.82 1.84622957004 -0.533335890655
3.825 1.84355588622 -0.536133813569
3.83 1.84086826391 -0.538911394266
3.835 1.83816680365 -0.541669177837
3.84 1.83545160335 -0.544407700556
3.845 1.83272275754 -0.547127487914
3.85 1.82998035827 -0.549829057089
3.855 1.82722449532 -0.552512917717
3.86 1.82445525601 -0.555179571242
3.865 1.82167272523 -0.557829511097
3.87 1.81887698544 -0.560463222905
3.875 1.81606811681 -0.563081184666
3.88 1.81324619719 -0.565683866948
3.885 1.81041130203 -0.568271732615
3.89 1.80756350353 -0.570845234774
3.895 1.80470287222 -0.573404820864
3.9 1.80182947658 -0.575950931719
3.905 1.79894338292 -0.578484001398
3.91 1.79604465548 -0.581004457347
3.915 1.7931333564 -0.58351272058
3.92 1.79020954583 -0.586009205843
3.925 1.78727328191 -0.588494321793
3.93 1.78432462043 -0.590968469855
3.935 1.78136361459 -0.593432043808
3.94 1.77839031626 -0.595885433269
3.945 1.77540477541 -0.598329022191
3.95 1.77240704013 -0.600763188974
3.955 1.76939715669 -0.603188306622
3.96 1.76637516957 -0.605604742887
3.965 1.76334112146 -0.60801286043
3.97 1.76029505297 -0.610413015768
3.975 1.75723700356 -0.612805562378
3.98 1.75416700942 -0.615190844058
3.985 1.75108510606 -0.617569202974
3.99 1.74799132728 -0.619940976622
3.995 1.74488570524 -0.622306497971
4.0 1.74176827048 -0.624666095608
4.005 1.73863905195 -0.627020093877
4.01 1.73549807706 -0.629368813023
4.015 1.73234537156 -0.631712568961
4.02 1.72918095901 -0.634051671447
4.025 1.7260048618 -0.636386427525
4.03 1.72281710091 -0.638717140729
4.035 1.71961769583 -0.641044110853
4.04 1.71640666457 -0.64336763405
4.045 1.71318402367 -0.645688002921
4.05 1.70994978825 -0.648005506609
4.055 1.70670397197 -0.650320430879
4.06 1.70344658712 -0.652633058206
4.065 1.70017764454 -0.654943667838
4.07 1.69689715366 -0.657252535569
4.075 1.69360512251 -0.659559934179
4.08 1.69030155778 -0.661866133507
4.085 1.68698646479 -0.664171400419
4.09 1.68365984752 -0.666475998867
4.095 1.68032170857 -0.668780189941
4.1 1.6769720492 -0.67108423192
4.105 1.67361086934 -0.673388380319
4.11 1.67023816756 -0.675692887933
4.115 1.66685394109 -0.677998004877
4.12 1.66345818644 -0.680303980499
4.125 1.66005089904 -0.682611062409
4.13 1.65663207278 -0.684919494934
4.135 1.65320170032 -0.687229520305
4.14 1.64975977316 -0.689541378733
4.145 1.64630628162 -0.691855308493
4.15 1.64284121485 -0.694171545992
4.155 1.63936456089 -0.696490325847
4.16 1.63587630652 -0.698811880696
4.165 1.6323764371 -0.701136440593
4.17 1.62886493702 -0.703464234432
4.175 1.62534178952 -0.7057954895
4.18 1.62180697673 -0.708130431465
4.185 1.61826047959 -0.710469284424
4.19 1.61470227793 -0.71281227095
4.195 1.61113235042 -0.715159612135
4.2 1.60755067464 -0.717511527671
4.205 1.60395722727 -0.719868236744
4.21 1.6003519839 -0.722229957164
4.215 1.59673491892 -0.724596905312
4.22 1.59310600567 -0.726969296461
4.225 1.58946521638 -0.72934734483
4.23 1.58581252226 -0.731731263639
4.235 1.58214789344 -0.73412126516
4.24 1.57847129899 -0.736517560771
4.245 1.57478270693 -0.738920360958
4.25 1.57108208416 -0.741329875338
4.255 1.56736939662 -0.743746312831
4.26 1.56364460915 -0.746169881642
4.265 1.55990768559 -0.748600789312
4.27 1.55615858871 -0.751039242758
4.275 1.55239728028 -0.753485448321
4.28 1.54862372101 -0.755939611809
4.285 1.54483787058 -0.758401938553
4.29 1.54103968769 -0.760872633578
4.295 1.53722912999 -0.763351901459
4.3 1.53340615411 -0.765839946403
4.305 1.52957071565 -0.768336972313
4.31 1.52572276918 -0.770843182828
4.315 1.52186226828 -0.773358781364
4.32 1.51798916548 -0.775883971152
4.325 1.5141034123 -0.77841895528
4.33 1.51020495927 -0.780963936835
4.335 1.50629375592 -0.783519118882
4.34 1.50236975074 -0.786084704416
4.345 1.4984328912 -0.788660896459
4.35 1.49448312377 -0.791247898101
4.355 1.49052039388 -0.793845912536
4.36 1.48654464596 -0.7964551431
4.365 1.48255582342 -0.79907579331
4.37 1.47855386865 -0.801708066915
4.375 1.47453872304 -0.804352167983
4.38 1.47051032693 -0.807008300838
4.385 1.46646861966 -0.80967667013
4.39 1.46241353953 -0.812357480877
4.395 1.45834502382 -0.815050938498
4.4 1.45426300877 -0.817757248848
4.405 1.45016742961 -0.820476618251
4.41 1.4460582205 -0.823209253541
4.415 1.44193531464 -0.825955362228
4.42 1.43779864414 -0.828715152356
4.425 1.43364814008 -0.831488832535
4.43 1.42948373249 -0.834276612019
4.435 1.42530535035 -0.837078700734
4.44 1.42111292159 -0.839895309315
4.445 1.41690637306 -0.842726649134
4.45 1.41268563058 -0.845572932328
4.455 1.40845061888 -0.848434371834
4.46 1.40420126163 -0.851311181415
4.465 1.39993748142 -0.854203575691
4.47 1.39565919977 -0.857111770164
4.475 1.39136633711 -0.86003598135
4.48 1.38705881291 -0.862976427106
4.485 1.38273654546 -0.865933326009
4.49 1.37839945194 -0.868906897621
4.495 1.37404744844 -0.871897362558
4.5 1.36968044994 -0.874904942525
4.505 1.36529837031 -0.877929860338
4.51 1.36090112229 -0.880972339959
4.515 1.35648861751 -0.884032606515
4.52 1.35206076646 -0.887110886335
4.525 1.34761747849 -0.89020740697
4.53 1.3431586618 -0.893322397221
4.535 1.33868422345 -0.896456087168
4.54 1.33419406939 -0.899608708333
4.545 1.32968810443 -0.902780493691
4.55 1.32516623216 -0.905971677432
4.555 1.320628355 -0.909182495145
4.56 1.3160743742 -0.912413183843
4.565 1.31150418981 -0.915663981991
4.57 1.30691770067 -0.918935129528
4.575 1.30231480442 -0.922226867895
4.58 1.29769539751 -0.92553944006
4.585 1.29305937514 -0.928873090542
4.59 1.28840663129 -0.932228065434
4.595 1.2837370587 -0.935604612431
4.6 1.27905054888 -0.939002980849
4.605 1.27434699212 -0.942423421664
4.61 1.26962627748 -0.94586618752
4.615 1.26488829269 -0.949331532749
4.62 1.26013292421 -0.952819713401
4.625 1.25536005723 -0.956330987266
4.63 1.25056957563 -0.959865613892
4.635 1.24576136198 -0.963423854614
4.64 1.24093529756 -0.967005972567
4.645 1.2360912623 -0.970612232717
4.65 1.23122913482 -0.974242901872
4.655 1.22634879239 -0.97789824871
4.66 1.22145011092 -0.981578543795
4.665 1.21653296499 -0.985284059535
4.67 1.21159722787 -0.989015069975
4.675 1.20664277141 -0.992771851281
4.68 1.20166946607 -0.996554681596
4.685 1.1966771809 -1.00036384102
4.69 1.19166578356 -1.00419961164
4.695 1.18663514026 -1.00806227751
4.7 1.18158511582 -1.01195212472
4.705 1.1765155736 -1.01586944137
4.71 1.17142637552 -1.01981451761
4.715 1.16631738203 -1.02378764561
4.72 1.16118845211 -1.02778911965
4.725 1.15603944328 -1.03181923607
4.73 1.15087021159 -1.03587829289
4.735 1.14568061169 -1.03996658987
4.74 1.14047049661 -1.0440844293
4.745 1.1352397179 -1.04823211553
4.75 1.12998812554 -1.05240995502
4.755 1.12471556801 -1.05661825632
4.76 1.1194218922 -1.06085733004
4.765 1.11410694346 -1.06512748893
4.77 1.10877056557 -1.06942904783
4.775 1.10341260071 -1.07376232368
4.78 1.09803288947 -1.07812763556
4.785 1.09263127084 -1.08252530464
4.79 1.08720758217 -1.08695565417
4.795 1.08176165938 -1.09141900829
4.8 1.0762933367 -1.09591569348
4.805 1.07080244665 -1.10044603868
4.81 1.06528882011 -1.10501037487
4.815 1.05975228629 -1.10960903504
4.82 1.05419267272 -1.11424235416
4.825 1.04860980526 -1.1189106692
4.83 1.04300350806 -1.12361431911
4.835 1.03737360357 -1.12835364479
4.84 1.0317199125 -1.1331289891
4.845 1.02604225387 -1.13794069683
4.85 1.02034044491 -1.14278911469
4.855 1.01461430119 -1.14767459085
4.86 1.0088636368 -1.15259747323
4.865 1.00308826385 -1.15755811288
4.87 0.997287992703 -1.16255686278
4.875 0.991462631908 -1.16759407757
4.88 0.985611988247 -1.17267011349
4.885 0.979735866705 -1.17778532835
4.89 0.973834070465 -1.18294008152
4.895 0.967906400896 -1.18813473384
4.9 0.961952657546 -1.19336964762
4.905 0.955972638131 -1.19864518658
4.91 0.949966138525 -1.20396171581
4.915 0.943932952752 -1.20931960172
4.92 0.937872873158 -1.21471921065
4.925 0.931785690435 -1.22016090854
4.93 0.925671193227 -1.22564506378
4.935 0.919529168334 -1.23117204557
4.94 0.913359400705 -1.23674222382
4.945 0.907161673436 -1.24235596907
4.95 0.900935767768 -1.24801365236
4.955 0.894681463079 -1.2537156452
4.96 0.888398536881 -1.25946231939
4.965 0.882086764819 -1.26525404699
4.97 0.875745920732 -1.27109119984
4.975 0.869375776645 -1.27697414945
4.98 0.862976102654 -1.28290326753
4.985 0.856546666988 -1.28887892549
4.99 0.850087236007 -1.29490149434
4.995 0.843597574208 -1.30097134458
5.0 0.837077444216 -1.30708884599
5.005 0.830526606791 -1.31325436758
5.01 0.823944820824 -1.31946827742
5.015 0.81733184334 -1.32573094249
5.02 0.810687429754 -1.33204272664
5.025 0.804011333815 -1.33840399088
5.03 0.797303307228 -1.34481509603
5.035 0.79056309989 -1.35127640084
5.04 0.783790459899 -1.35778826178
5.045 0.776985133557 -1.36435103284
5.05 0.770146865387 -1.37096506531
5.055 0.763275398134 -1.37763070759
5.06 0.756370472781 -1.38434830495
5.065 0.749431828556 -1.39111819932
5.07 0.742459203277 -1.39794072709
5.075 0.73545233323 -1.40481621968
5.08 0.72841095278 -1.41174500565
5.085 0.72133479465 -1.41872740884
5.09 0.714223589939 -1.42576374816
5.095 0.707077068145 -1.43285433723
5.1 0.699894957186 -1.43999948413
5.105 0.692676983419 -1.44719949104
5.11 0.685422871668 -1.45445465396
5.115 0.678132345246 -1.46176526234
5.12 0.670805126446 -1.46913159596
5.125 0.663440936311 -1.47655392609
5.13 0.656039494207 -1.48403251795
5.135 0.648600518179 -1.49156762837
5.14 0.641123724988 -1.49915950535
5.145 0.633608830146 -1.50680838765
5.15 0.62605554796 -1.51451450437
5.155 0.618463591567 -1.52227807448
5.16 0.610832672983 -1.5300993064
5.165 0.603162503141 -1.53797839753
5.17 0.59545279248 -1.54591553083
5.175 0.587703250683 -1.55391087602
5.18 0.579913586304 -1.56196459134
5.185 0.572083507142 -1.57007682135
5.19 0.564212720301 -1.5782476963
5.195 0.55630093226 -1.58647733155
5.2 0.548347848948 -1.59476582691
5.205 0.540353175808 -1.60311326604
5.21 0.532316617985 -1.61151971537
5.215 0.524237880457 -1.61998522326
5.22 0.516116667864 -1.62850982023
5.225 0.507952684715 -1.63709351775
5.23 0.499745635479 -1.64573630756
5.235 0.491495224677 -1.65443816091
5.24 0.483201156977 -1.66319902777
5.245 0.474863137287 -1.6720188361
5.25 0.466480871028 -1.68089749024
5.255 0.458054064729 -1.68983486784
5.26 0.44958242519 -1.69883082338
5.265 0.441065659937 -1.70788518565
5.27 0.432503477395 -1.71699775672
5.275 0.423895587011 -1.72616831088
5.28 0.415241699388 -1.73539659379
5.285 0.406541526415 -1.74468232142
5.29 0.397794781477 -1.75402517888
5.295 0.389001180181 -1.76342481771
5.3 0.380160439696 -1.77288085714
5.305 0.371272279047 -1.78239288264
5.31 0.362336419394 -1.79196044443
5.315 0.353352584199 -1.80158305639
5.32 0.344320499403 -1.81126019485
5.325 0.335239893595 -1.82099129745
5.33 0.326110498218 -1.83077576189
5.335 0.316932048386 -1.84061294339
5.34 0.307704282468 -1.8505021547
5.345 0.298426942137 -1.86044266514
5.35 0.289099772801 -1.87043369878
5.355 0.279722523825 -1.88047443312
5.36 0.270294948757 -1.89056399774
5.365 0.260816805551 -1.90070147288
5.37 0.251287856804 -1.91088588803
5.375 0.241707870508 -1.92111622048
5.38 0.23207662016 -1.9313913939
5.385 0.222393884376 -1.94171027681
5.39 0.21265944755 -1.95207168109
5.395 0.202873100126 -1.96247436047
5.4 0.193034638882 -1.97291700892
5.405 0.183143867219 -1.98339825915
5.41 0.173200595454 -1.99391668092
5.415 0.163204641402 -2.00447078049
5.42 0.153155831001 -2.01505900001
5.425 0.143053997731 -2.02567971278
5.43 0.132898983336 -2.03633122292
5.435 0.122690638194 -2.04701176386
5.44 0.112428821656 -2.05771949659
5.445 0.102113402407 -2.06845250802
5.45 0.091744258823 -2.07920880922
5.455 0.0813212794503 -2.08998633496
5.46 0.0708443638189 -2.10078294716
5.465 0.0603134220869 -2.11159642437
5.47 0.049728375663 -2.12242446276
5.475 0.0390891576713 -2.13326467512
5.48 0.0283957133662 -2.14411458912
5.485 0.0176480005565 -2.15497164568
5.49 0.00684599003604 -2.16583319722
5.495 -0.00401033396716 -2.17669650659
5.5 -0.0149209731998 -2.18755875397
5.505 -0.0258859150831 -2.19841702603
5.51 -0.0369051322425 -2.2092683147
5.515 -0.0479785820013 -2.22010951766
5.52 -0.0591062058976 -2.230937437
5.525 -0.0702879291927 -2.24174877786
5.53 -0.0815236605295 -2.25254014858
5.535 -0.0928132915866 -2.2633080608
5.54 -0.104156696149 -2.27404892447
5.545 -0.115553729784 -2.28475904838
5.55 -0.12700422933 -2.29543463912
5.555 -0.13850801238 -2.30607179996
5.56 -0.150064876765 -2.31666653039
5.565 -0.161674600332 -2.32721473575
5.57 -0.173336940102 -2.337712216
5.575 -0.185051631708 -2.3481546642
5.58 -0.196818388933 -2.35853766879
5.585 -0.208636903158 -2.36885671313
5.59 -0.220506842816 -2.37910717523
5.595 -0.232427853164 -2.38928433156
5.6 -0.244399556227 -2.3993833629
5.605 -0.256421549145 -2.40939934114
5.61 -0.268493404081 -2.41932723506
5.615 -0.2806146677 -2.42916191103
5.62 -0.292784860631 -2.43889813362
5.625 -0.305003476956 -2.44853056667
5.63 -0.317269984719 -2.45805378654
5.635 -0.329583824466 -2.46746227217
5.64 -0.3419444085 -2.47675040397
5.645 -0.354351120693 -2.48591246905
5.65 -0.366803315969 -2.49494266301
5.655 -0.379300319801 -2.50383509178
5.66 -0.391841428251 -2.51258377834
5.665 -0.404425908587 -2.52118267435
5.67 -0.417052996663 -2.52962564456
5.675 -0.429721897283 -2.53790647665
5.68 -0.442431783848 -2.54601888499
5.685 -0.455181797931 -2.5539565141
5.69 -0.467971048903 -2.56171294243
5.695 -0.480798615397 -2.56928169822
5.7 -0.493663543503 -2.57665625436
5.705 -0.506564845781 -2.5838300288
5.71 -0.519501501611 -2.59079639353
5.715 -0.532472456895 -2.59754867972
5.72 -0.545476623783 -2.60408018295
5.725 -0.558512881105 -2.61038417164
5.73 -0.571580076001 -2.61645390049
5.735 -0.584677020478 -2.62228260332
5.74 -0.597802492394 -2.62786350429
5.745 -0.610955235508 -2.63318982533
5.75 -0.624133959392 -2.63825479329
5.755 -0.637337339401 -2.64305164729
5.76 -0.650564018951 -2.64757364966
5.765 -0.663812608065 -2.65181409171
5.77 -0.677081682254 -2.65576630039
5.775 -0.690369783601 -2.65942364807
5.78 -0.703675420918 -2.66277956133
5.785 -0.716997069943 -2.66582753006
5.79 -0.730333174195 -2.66856111533
5.795 -0.743682147454 -2.67097395406
5.8 -0.757042370563 -2.67305977651
5.805 -0.77041219293 -2.67481241372
5.81 -0.783789933196 -2.67622580711
5.815 -0.797173879728 -2.6772940188
5.82 -0.810562291158 -2.67801124215
5.825 -0.823953398435 -2.67837180093
5.83 -0.837345405022 -2.6783701636
5.835 -0.850736486546 -2.67800096216
5.84 -0.864124792282 -2.67725899748
5.845 -0.877508446016 -2.6761392498
5.85 -0.890885546834 -2.67463688619
5.855 -0.904254169816 -2.67274726518
5.86 -0.917612367496 -2.67046595783
5.865 -0.930958170729 -2.66778875426
5.87 -0.944289589759 -2.66471167393
5.875 -0.957604615408 -2.66123097412
5.88 -0.970901220877 -2.65734314044
5.885 -0.984177362347 -2.65304491742
5.89 -0.997430980342 -2.6483333162
5.895 -1.01066000119 -2.64320562064
5.9 -1.02386233842 -2.63765939652
5.905 -1.03703589373 -2.63169248509
5.91 -1.05017855861 -2.6253030163
5.915 -1.06328821627 -2.61848942844
5.92 -1.07636274296 -2.61125046869
5.925 -1.08940000955 -2.60358520045
5.93 -1.10239788291 -2.59549300278
5.935 -1.11535422691 -2.58697356187
5.94 -1.12826690523 -2.57802690289
5.945 -1.14113378268 -2.56865338546
5.95 -1.15395272691 -2.55885370755
5.955 -1.16672161007 -2.54862890782
5.96 -1.17943830903 -2.53798034917
5.965 -1.19210070882 -2.5269097423
5.97 -1.20470670431 -2.515419146
5.975 -1.21725420175 -2.50351096533
5.98 -1.22974112067 -2.49118795246
5.985 -1.24216539408 -2.47845319418
5.99 -1.25452497083 -2.46531011508
5.995 -1.26681781866 -2.45176248612
6.0 -1.27904192525 -2.43781441661
6.005 -1.29119530006 -2.42347035147
6.01 -1.30327597531 -2.40873506444
6.015 -1.31528200613 -2.39361364702
6.02 -1.32721147515 -2.3781115156
6.025 -1.33906249323 -2.36223440135
6.03 -1.350833201 -2.34598834357
6.035 -1.36252177035 -2.32937968248
6.04 -1.37412640355 -2.31241504992
6.045 -1.38564533742 -2.29510136277
6.05 -1.39707684466 -2.27744581388
6.055 -1.40841923493 -2.25945586212
6.06 -1.41967085633 -2.24113922221
6.065 -1.43083009484 -2.22250385952
6.07 -1.44189537627 -2.20355797734
6.075 -1.45286516901 -2.18431000054
6.08 -1.46373798436 -2.16476856607
6.085 -1.4745123777 -2.14494251018
6.09 -1.48518694887 -2.12484086048
6.095 -1.4957603417 -2.10447283363
6.1 -1.50623124753 -2.08384780244
6.105 -1.51659840523 -2.06297528881
6.11 -1.52686060188 -2.04186494996
6.115 -1.53701667341 -2.0205265652
6.12 -1.54706550394 -1.99897003981
6.125 -1.55700602747 -1.97720537493
6.13 -1.56683722834 -1.95524265373
6.135 -1.57655814142 -1.93309203007
6.14 -1.58616785262 -1.91076371695
6.145 -1.59566549922 -1.88826797283
6.15 -1.60505026981 -1.86561508402
6.155 -1.61432140462 -1.84281535175
6.16 -1.62347819543 -1.81987908085
6.165 -1.63251998514 -1.79681657961
6.17 -1.64144616828 -1.77363812965
6.175 -1.65025619066 -1.75035397683
6.18 -1.65894954917 -1.72697431932
6.185 -1.66752579175 -1.7035093031
6.19 -1.67598451692 -1.67996900524
6.195 -1.68432537326 -1.65636341901
6.2 -1.69254805906 -1.63270244427
6.205 -1.7006523219 -1.60899587989
6.21 -1.70863795827 -1.58525341862
6.215 -1.71650481264 -1.56148462681
6.22 -1.72425277691 -1.53769893815
6.225 -1.73188178972 -1.5139056449
6.23 -1.73939183618 -1.4901138958
6.235 -1.74678294667 -1.46633268128
6.24 -1.7540551959 -1.44257082584
6.245 -1.76120870217 -1.41883698148
6.25 -1.76824362683 -1.39513962396
6.255 -1.7751601734 -1.37148704653
6.26 -1.78195858607 -1.34788735069
6.265 -1.78863914893 -1.32434844233
6.27 -1.79520218507 -1.30087802736
6.275 -1.80164805615 -1.27748360934
6.28 -1.80797716054 -1.25417248302
6.285 -1.81418993236 -1.2309517316
6.29 -1.82028684048 -1.20782822398
6.295 -1.82626838804 -1.1848086124
6.3 -1.8321351109 -1.16189933038
6.305 -1.83788757626 -1.13910659119
6.31 -1.84352638171 -1.11643638676
6.315 -1.84905215432 -1.09389448633
6.32 -1.85446554992 -1.07148643518
6.325 -1.85976725116 -1.04921755661
6.33 -1.86495796661 -1.0270929518
6.335 -1.87003842971 -1.0051175003
6.34 -1.87500939843 -0.983295857339
6.345 -1.87987165314 -0.961632459939
6.35 -1.88462599564 -0.940131528323
6.355 -1.88927324802 -0.918797067764
6.36 -1.89381425156 -0.897632871244
6.365 -1.898249867 -0.876642513725
6.37 -1.90258097255 -0.855829360339
6.375 -1.9068084622 -0.8351965737
6.38 -1.91093324513 -0.814747114592
6.385 -1.9149562446 -0.79448374593
6.39 -1.91887839747 -0.774409031349
6.395 -1.92270065355 -0.754525335442
6.4 -1.92642397351 -0.734834839551
6.405 -1.93004932831 -0.71533954124
6.41 -1.9335776983 -0.696041258951
6.415 -1.93701007247 -0.676941634332
6.42 -1.94034744828 -0.658042126914
6.425 -1.94359082973 -0.639344033164
6.43 -1.94674122675 -0.620848487499
6.435 -1.94979965446 -0.60255646646
6.44 -1.95276713236 -0.584468793304
6.445 -1.95564468412 -0.566586132631
6.45 -1.9584333363 -0.548909004951
6.455 -1.96113411757 -0.53143779247
6.46 -1.96374805813 -0.51417274198
6.465 -1.966276189 -0.497113970046
6.47 -1.9687195416 -0.480261461258
6.475 -1.97107914707 -0.46361507447
6.48 -1.97335603543 -0.447174554234
6.485 -1.97555123513 -0.430939532139
6.49 -1.97766577248 -0.414909531744
6.495 -1.97970067112 -0.399083970692
6.5 -1.98165695163 -0.383462160547
6.505 -1.98353563084 -0.368043320501
6.51 -1.98533772148 -0.352826578548
6.515 -1.98706423169 -0.337810975781
6.52 -1.9887161646 -0.322995470109
6.525 -1.99029451786 -0.308378935079
6.53 -1.99180028334 -0.293960170515
6.535 -1.99323444676 -0.279737905522
6.54 -1.99459798734 -0.265710801798
6.545 -1.99589187747 -0.251877457517
6.55 -1.99711708225 -0.238236407637
6.555 -1.99827455928 -0.224786129934
6.56 -1.99936525853 -0.211525049838
6.565 -2.00039012199 -0.198451542846
6.57 -2.00135008345 -0.18556393794
6.575 -2.00224606816 -0.172860519602
6.58 -2.00307899251 -0.160339530372
6.585 -2.00384976419 -0.14799917623
6.59 -2.00455928185 -0.135837628513
6.595 -2.00520843497 -0.123853026777
6.6 -2.00579810365 -0.112043481311
6.605 -2.0063291582 -0.100407074912
6.61 -2.00680245944 -0.0889418667645
6.615 -2.00721885851 -0.0776458945043
6.62 -2.0075791967 -0.0665171765184
6.625 -2.00788430542 -0.0555537142087
6.63 -2.00813500577 -0.0447534940754
6.635 -2.00833210884 -0.0341144898976
6.64 -2.00847641561 -0.0236346647286
6.645 -2.00856871693 -0.0133119727799
6.65 -2.00860979348 -0.00314436123426
6.655 -2.00860041544 0.00687022756247
6.66 -2.00854134265 0.0167338545884
6.665 -2.00843332477 0.0264485829287
6.67 -2.00827710116 0.0360164760721
6.675 -2.00807340094 0.045439596502
6.68 -2.00782294285 0.0547200038298
6.685 -2.00752643505 0.0638597528743
6.69 -2.00718457568 0.0728608940603
6.695 -2.00679805271 0.0817254716412
6.7 -2.00636754397 0.0904555226287
6.705 -2.00589371722 0.0990530758351
6.71 -2.00537723013 0.107520150479
6.715 -2.00481872966 0.115858752626
6.72 -2.00421885308 0.124070878175
6.725 -2.0035782278 0.132158511193
6.73 -2.00289747141 0.140123622879
6.735 -2.00217719174 0.147968170932
6.74 -2.00141798696 0.155694098875
6.745 -2.00062044511 0.163303332664
6.75 -1.99978514473 0.170797782779
6.755 -1.99891265498 0.17817934425
6.76 -1.99800353565 0.185449895446
6.765 -1.99705833722 0.192611297703
6.77 -1.99607760101 0.199665395023
6.775 -1.99506185892 0.206614011715
6.78 -1.99401163359 0.213458952282
6.785 -1.99292743892 0.220202003834
6.79 -1.99180977995 0.226844934448
6.795 -1.99065915297 0.233389492999
6.8 -1.98947604563 0.239837409037
6.805 -1.98826093694 0.246190391746
6.81 -1.98701429709 0.252450127957
6.815 -1.98573658812 0.25861828578
6.82 -1.98442826381 0.264696513178
6.825 -1.98308976976 0.270686437822
6.83 -1.98172154354 0.2765896671
6.835 -1.98032401476 0.28240778786
6.84 -1.97889760488 0.288142364046
6.845 -1.9774427277 0.293794939774
6.85 -1.97595978941 0.299367038896
6.855 -1.97444918864 0.304860164706
6.86 -1.97291131661 0.310275800045
6.865 -1.97134655718 0.315615407398
6.87 -1.96975528682 0.320880427121
6.875 -1.96813787482 0.326072278996
6.88 -1.96649468352 0.331192363097
6.885 -1.96482606831 0.336242059274
6.89 -1.96313237776 0.34122272732
6.895 -1.9614139537 0.346135707173
6.9 -1.95967113126 0.350982318133
6.905 -1.95790423896 0.35576385871
6.91 -1.95611359894 0.360481608629
6.915 -1.95429952698 0.36513682816
6.92 -1.95246233265 0.369730758322
6.925 -1.95060231938 0.374264621111
6.93 -1.94871978451 0.378739619369
6.935 -1.94681501933 0.383156935914
6.94 -1.94488830932 0.387517735613
6.945 -1.94293993419 0.391823165008
6.95 -1.94097016798 0.396074352461
6.955 -1.93897927913 0.400272408394
6.96 -1.93696753059 0.404418425458
6.965 -1.93493517982 0.408513477716
6.97 -1.93288247899 0.412558622076
6.975 -1.93080967502 0.41655489846
6.98 -1.9287170097 0.420503329841
6.985 -1.92660471973 0.42440492249
6.99 -1.92447303686 0.428260666231
6.995 -1.92232218787 0.432071534013
7.0 -1.92015239473 0.435838482522
7.005 -1.91796387467 0.439562452867
7.01 -1.91575684027 0.443244370522
7.015 -1.91353149951 0.446885145569
7.02 -1.91128805587 0.450485672953
7.025 -1.9090267084 0.454046832449
7.03 -1.90674765173 0.457569488654
7.035 -1.90445107627 0.46105449195
7.04 -1.90213716818 0.464502678426
7.045 -1.89980610948 0.467914870111
7.05 -1.89745807812 0.471291875213
7.055 -1.8950932481 0.47463448826
7.06 -1.89271178928 0.477943490013
7.065 -1.8903138679 0.481219648152
7.07 -1.88789964628 0.484463717451
7.075 -1.88546928298 0.487676439928
7.08 -1.88302293292 0.490858545071
7.085 -1.88056074737 0.494010750038
7.09 -1.87808287408 0.49713375934
7.095 -1.87558945727 0.500228265748
7.1 -1.87308063774 0.503294950517
7.105 -1.87055655292 0.506334483446
7.11 -1.86801733691 0.509347523104
7.115 -1.86546312057 0.512334717055
7.12 -1.86289403154 0.515296702084
7.125 -1.86031019434 0.518234104413
7.13 -1.85771173034 0.521147539447
7.135 -1.85509875766 0.524037610646
7.14 -1.85247139157 0.526904912558
7.145 -1.84982974446 0.529750030017
7.15 -1.84717392583 0.5325735382
7.155 -1.84450404237 0.535376002832
7.16 -1.84182019804 0.538157980399
7.165 -1.83912249407 0.540920018358
7.17 -1.83641102909 0.543662655345
7.175 -1.83368589858 0.546386419875
7.18 -1.83094719505 0.549091830849
7.185 -1.82819500898 0.551779400098
7.19 -1.82542942833 0.554449631207
7.195 -1.8226505386 0.557103019701
7.2 -1.81985842292 0.559740053241
7.205 -1.81705316203 0.562361211812
7.21 -1.81423483441 0.564966967917
7.215 -1.81140351621 0.567557786638
7.22 -1.80855928037 0.570134123334
7.225 -1.80570219784 0.572696426876
7.23 -1.80283233768 0.575245139897
7.235 -1.79994976676 0.577780698203
7.24 -1.79705454987 0.580303530943
7.245 -1.7941467497 0.582814060787
7.25 -1.79122642691 0.58531270409
7.255 -1.78829364019 0.587799871072
7.26 -1.78534844603 0.590275965332
7.265 -1.78239089812 0.592741382039
7.27 -1.77942104876 0.5951965121
7.275 -1.77643894842 0.597641740918
7.28 -1.7734446457 0.600077448306
7.285 -1.77043818733 0.602504008635
7.29 -1.76741961827 0.604921790987
7.295 -1.76438898167 0.60733115931
7.3 -1.76134631898 0.609732472566
7.305 -1.75829166923 0.612126082693
7.31 -1.75522507009 0.614512337903
7.315 -1.75214655707 0.616891580203
7.32 -1.74905616443 0.619264148254
7.325 -1.74595392476 0.621630376153
7.33 -1.74283986902 0.623990593574
7.335 -1.7397140266 0.626345125917
7.34 -1.7365764253 0.62869429444
7.345 -1.73342709136 0.631038416305
7.35 -1.73026604887 0.633377802588
7.355 -1.72709332049 0.635712760947
7.36 -1.72390892763 0.638043595857
7.365 -1.72071289016 0.640370608027
7.37 -1.71750522649 0.642694094496
7.375 -1.71428595355 0.64501434873
7.38 -1.71105508683 0.647331660708
7.385 -1.70781264039 0.649646317012
7.39 -1.70455862688 0.65195860091
7.395 -1.70129305755 0.654268792434
7.4 -1.69801594218 0.656577168216
7.405 -1.69472728918 0.658884001712
7.41 -1.6914271056 0.661189563483
7.415 -1.68811539714 0.663494121097
7.42 -1.68479216813 0.665797939192
7.425 -1.68145742154 0.668101279531
7.43 -1.678111159 0.670404401049
7.435 -1.67475338078 0.672707559903
7.44 -1.67138408583 0.675011009517
7.445 -1.66800327173 0.677315000621
7.45 -1.66461093512 0.679619782414
7.455 -1.66120707188 0.681925603413
7.46 -1.65779167625 0.684232708473
7.465 -1.65436474121 0.686541340295
7.47 -1.65092625859 0.688851739537
7.475 -1.64747621902 0.691164144899
7.48 -1.64401461198 0.693478793195
7.485 -1.64054142582 0.695795919428
7.49 -1.6370566477 0.698115756755
7.495 -1.63356026329 0.700438535673
7.5 -1.63005225729 0.702764485333
7.505 -1.62653261326 0.705093833374
7.51 -1.62300131362 0.707426805798
7.515 -1.61945833966 0.709763627023
7.52 -1.6159036715 0.712104519932
7.525 -1.61233728815 0.714449705913
7.53 -1.60875916747 0.716799404903
7.535 -1.60516928639 0.719153836111
7.54 -1.60156762085 0.721513217737
7.545 -1.59795414555 0.723877766375
7.55 -1.59432883411 0.726247697494
7.555 -1.5906916591 0.728623225496
7.56 -1.58704259201 0.731004563768
7.565 -1.58338160326 0.733391924737
7.57 -1.57970866223 0.73578551992
7.575 -1.57602373724 0.738185559948
7.58 -1.57232679551 0.740592254553
7.585 -1.56861780324 0.743005812746
7.59 -1.56489672559 0.745426442823
7.595 -1.56116352669 0.747854352399
7.6 -1.55741816962 0.750289748456
7.605 -1.55366061642 0.752732837385
7.61 -1.54989082812 0.755183825033
7.615 -1.54610876469 0.757642916747
7.62 -1.54231438512 0.76011031754
7.625 -1.53850764736 0.762586232006
7.63 -1.53468850833 0.76507086434
7.635 -1.53085692393 0.76756441842
7.64 -1.52701284903 0.770067097849
7.645 -1.52315623751 0.772579105997
7.65 -1.51928704218 0.775100646036
7.655 -1.51540521489 0.777631920985
7.66 -1.51151070643 0.780173133809
7.665 -1.50760346664 0.782724487501
7.67 -1.50368344431 0.785286184951
7.675 -1.49975058722 0.787858429064
7.68 -1.49580484211 0.790441422802
7.685 -1.49184615474 0.79303536922
7.69 -1.48787446984 0.795640471507
7.695 -1.4838897311 0.798256933018
7.7 -1.47989188124 0.800884957321
7.705 -1.47588086192 0.803524748301
7.71 -1.47185661381 0.806176510095
7.715 -1.46781907655 0.808840447151
7.72 -1.46376818874 0.811516764274
7.725 -1.45970388797 0.81420566666
7.73 -1.4556261108 0.816907359934
7.735 -1.45153479275 0.819622050177
7.74 -1.44742986832 0.822349943965
7.745 -1.44331127098 0.825091248513
7.75 -1.43917893319 0.827846171621
7.755 -1.43503278633 0.830614921617
7.76 -1.43087276075 0.833397707463
7.765 -1.42669878574 0.836194738786
7.77 -1.42251078955 0.839006225911
7.775 -1.41830869937 0.84183237989
7.78 -1.41409244133 0.844673412534
7.785 -1.4098619405 0.847529536444
7.79 -1.40561712086 0.850400965038
7.795 -1.40135790533 0.853287912581
7.8 -1.39708421576 0.856190594216
7.805 -1.39279597292 0.859109226029
7.81 -1.38849309658 0.862044025466
7.815 -1.38417550538 0.864995210764
7.82 -1.37984311686 0.867963001081
7.825 -1.37549584744 0.870947616625
7.83 -1.37113361243 0.873949278681
7.835 -1.36675632605 0.876968209639
7.84 -1.3623639014 0.880004633024
7.845 -1.35795625044 0.883058773522
7.85 -1.35353328401 0.886130857007
7.855 -1.34909491183 0.889221110572
7.86 -1.34464104244 0.892329762551
7.865 -1.34017158328 0.895457042548
7.87 -1.33568644062 0.898603181546
7.875 -1.33118551964 0.901768412052
7.88 -1.32666872431 0.904952967767
7.885 -1.32213595743 0.908157083768
7.89 -1.31758712059 0.911380996554
7.895 -1.31302211422 0.914624944062
7.9 -1.30844083755 0.9178891657
7.905 -1.30384318859 0.92117390237
7.91 -1.29922906417 0.924479396491
7.915 -1.29459835987 0.927805892029
7.92 -1.28995097007 0.931153634515
7.925 -1.28528678789 0.934522871074
7.93 -1.28060570522 0.937913850448
7.935 -1.27590761275 0.941326823026
7.94 -1.27119239994 0.944762040868
7.945 -1.26645995491 0.948219757711
7.95 -1.26171016454 0.951700229002
7.955 -1.25694291442 0.955203711921
7.96 -1.25215808884 0.958730465404
7.965 -1.24735557079 0.96228075016
7.97 -1.24253524195 0.965854828702
7.975 -1.23769698268 0.969452965356
7.98 -1.23284067203 0.973075426295
7.985 -1.22796618768 0.976722479549
7.99 -1.22307340598 0.980394395032
7.995 -1.21816220192 0.98409144453
8.0 -1.21323244922 0.987813901454
8.005 -1.20828402017 0.991562041274
8.01 -1.20331678566 0.995336141465
8.015 -1.1983306152 0.999136481457
8.02 -1.19332537688 1.00296334265
8.025 -1.18830093738 1.00681700844
8.03 -1.18325716198 1.01069776422
8.035 -1.17819391448 1.0146058974
8.04 -1.17311105727 1.01854169742
8.045 -1.16800845127 1.02250545579
8.05 -1.16288595593 1.02649746607
8.055 -1.15774342923 1.03051802389
8.06 -1.1525807277 1.03456742673
8.065 -1.14739770645 1.03864597359
8.07 -1.14219421903 1.04275396602
8.075 -1.13697011744 1.04689170768
8.08 -1.13172525218 1.05105950432
8.085 -1.1264594722 1.05525766378
8.09 -1.12117262491 1.05948649598
8.095 -1.11586455615 1.06374631296
8.1 -1.1105351102 1.06803742885
8.105 -1.10518412976 1.0723601599
8.11 -1.09981145593 1.07671482446
8.115 -1.09441692819 1.08110174301
8.12 -1.08900038445 1.08552123816
8.125 -1.08356166108 1.0899736336
8.13 -1.07810059287 1.09445925492
8.135 -1.07261701288 1.09897843039
8.14 -1.06711075251 1.10353149033
8.145 -1.06158164151 1.10811876705
8.15 -1.05602950796 1.11274059486
8.155 -1.05045417824 1.11739731006
8.16 -1.04485547706 1.12208925096
8.165 -1.0392332274 1.12681675782
8.17 -1.03358725055 1.13158017284
8.175 -1.02791736607 1.13637984019
8.18 -1.02222339176 1.14121610596
8.185 -1.01650514371 1.14608931794
8.19 -1.01076243656 1.15099982361
8.195 -1.00499508302 1.15594797324
8.2 -0.999202894006 1.16093411925
8.205 -0.993385678653 1.16595861574
8.21 -0.987543244313 1.17102181842
8.215 -0.98167539655 1.17612408459
8.22 -0.975781939126 1.18126577312
8.225 -0.969862673995 1.18644724438
8.23 -0.96391740129 1.1916688602
8.235 -0.957945919316 1.19693098387
8.24 -0.951948024539 1.20223398004
8.245 -0.945923511578 1.20757821471
8.25 -0.93987217331 1.21296405432
8.255 -0.933793801042 1.21839186432
8.26 -0.927688184025 1.22386201273
8.265 -0.921555109654 1.22937486847
8.27 -0.915394363475 1.23493080123
8.275 -0.909205729182 1.24053018134
8.28 -0.902988988616 1.2461733797
8.285 -0.896743921752 1.25186076767
8.29 -0.890470306707 1.25759271698
8.295 -0.884167919726 1.26336959961
8.3 -0.877836535225 1.26919178751
8.305 -0.871475925843 1.27505965216
8.31 -0.86508586228 1.28097356531
8.315 -0.858666113366 1.2869338985
8.32 -0.852216446064 1.29294102289
8.325 -0.84573662547 1.29899530917
8.33 -0.839226414809 1.30509712739
8.335 -0.832685575442 1.31124684685
8.34 -0.826113866858 1.31744483597
8.345 -0.819511046681 1.32369146212
8.35 -0.812876870829 1.32998709031
8.355 -0.806211093683 1.33633208179
8.36 -0.799513467542 1.34272679795
8.365 -0.792783742885 1.34917159824
8.37 -0.786021668387 1.3556668399
8.375 -0.779226990928 1.36221287778
8.38 -0.772399455599 1.36881006408
8.385 -0.765538805715 1.37545874821
8.39 -0.758644782821 1.38215927651
8.395 -0.751717126706 1.38891199206
8.4 -0.744755575622 1.39571723319
8.405 -0.737759866455 1.40257533235
8.41 -0.730729734115 1.40948661948
8.415 -0.723664911849 1.41645142002
8.42 -0.716565131277 1.42347005454
8.425 -0.709430122406 1.43054283845
8.43 -0.702259613656 1.4376700817
8.435 -0.69505333188 1.44485208847
8.44 -0.687811002388 1.45208915684
8.445 -0.680532348967 1.45938157852
8.45 -0.673217094211 1.46672963662
8.455 -0.665864959699 1.47413360437
8.46 -0.65847566524 1.48159374961
8.465 -0.651048929297 1.48911033198
8.47 -0.643584469035 1.49668360242
8.475 -0.636082000358 1.50431380279
8.48 -0.628541237948 1.51200116544
8.485 -0.620961895309 1.51974591275
8.49 -0.6133436848 1.52754825668
8.495 -0.605686317685 1.53540839835
8.5 -0.597989504524 1.54332652566
8.505 -0.590252955379 1.55130281192
8.51 -0.582476379067 1.55933741969
8.515 -0.574659483618 1.56743049808
8.52 -0.566801976347 1.5755821821
8.525 -0.558903563921 1.58379259204
8.53 -0.550963952429 1.5920618329
8.535 -0.542982847455 1.6003899937
8.54 -0.534959954208 1.60877714664
8.545 -0.526894977754 1.6172233459
8.55 -0.518787622795 1.62572862804
8.555 -0.510637593859 1.63429301085
8.56 -0.502444595408 1.64291649265
8.565 -0.494208331921 1.6515990515
8.57 -0.485928507991 1.66034064445
8.575 -0.477604828421 1.6691412068
8.58 -0.469236998391 1.67800065095
8.585 -0.460824724191 1.68691886272
8.59 -0.452367712452 1.69589570453
8.595 -0.443865670421 1.70493101377
8.6 -0.435318306205 1.71402460137
8.605 -0.426725328886 1.72317625083
8.61 -0.418086448661 1.73238571731
8.615 -0.409401376967 1.74165272663
8.62 -0.400669826637 1.75097697423
8.625 -0.391891512609 1.76035812249
8.63 -0.383066151521 1.76979580134
8.635 -0.374193461724 1.77928960751
8.64 -0.365273163648 1.78883910289
8.645 -0.356304979972 1.7984438134
8.65 -0.347288635788 1.8081032278
8.655 -0.338223858785 1.81781679655
8.66 -0.32911037942 1.82758393058
8.665 -0.319947931582 1.83740399914
8.67 -0.310736252648 1.84727632881
8.675 -0.301475083099 1.85720020339
8.68 -0.292164167085 1.86717486193
8.685 -0.282803252639 1.8771994973
8.69 -0.273392091899 1.88727325491
8.695 -0.263930441336 1.89739523132
8.7 -0.254418061983 1.90756447276
8.705 -0.244854719977 1.91777997378
8.71 -0.235240187156 1.92804067572
8.715 -0.225574240318 1.93834546528
8.72 -0.215856661925 1.94869317305
8.725 -0.206087240397 1.95908257191
8.73 -0.196265770394 1.96951237556
8.735 -0.186392053101 1.97998123689
8.74 -0.176465896524 1.99048774642
8.745 -0.166487115921 2.00103043113
8.75 -0.156455534698 2.01160775487
8.755 -0.146370983737 2.02221811333
8.76 -0.136233302025 2.03285983338
8.765 -0.126042337065 2.04353117173
8.77 -0.115797945222 2.05423031319
8.775 -0.105499992074 2.06495536903
8.78 -0.0951483527692 2.07570437525
8.785 -0.0847429124366 2.08647529129
8.79 -0.0742835670621 2.09726600417
8.795 -0.0637702232494 2.10807431954
8.8 -0.0532027986552 2.11889796042
8.805 -0.0425812225163 2.12973456698
8.81 -0.0319054360629 2.14058169484
8.815 -0.0211753929394 2.15143681337
8.82 -0.010391059633 2.16229730398
8.825 0.000447584089429 2.17316045851
8.83 0.0113405446075 2.18402348492
8.835 0.0222878140727 2.19488350121
8.84 0.0332893700171 2.2057375298
8.845 0.0443451748264 2.21658249928
8.85 0.0554551752586 2.22741524309
8.855 0.0666193019554 2.23823249811
8.86 0.0778374690234 2.24903090413
8.865 0.0891095738312 2.25980700519
8.87 0.10043549604 2.2705572442
8.875 0.111815097234 2.28127796304
8.88 0.123248220439 2.29196540167
8.885 0.134734689603 2.3026156971
8.89 0.14627430907 2.31322488228
8.895 0.157866863291 2.32378889361
8.9 0.169512116195 2.33430356675
8.905 0.181209810447 2.34476462877
8.91 0.192959667032 2.35516770225
8.915 0.204761384716 2.36550830476
8.92 0.21661463949 2.3757818486
8.925 0.228519084169 2.38598364227
8.93 0.240474348621 2.39610890003
8.935 0.252480038106 2.40615272828
8.94 0.264535733001 2.4161101292
8.945 0.276640988366 2.42597600241
8.95 0.288795333394 2.43574514547
8.955 0.300998270869 2.4454122545
8.96 0.313249277378 2.45497193389
8.965 0.325547802689 2.46441869623
8.97 0.337893268292 2.47374695264
8.975 0.350285067399 2.48295102038
8.98 0.362722564445 2.49202512452
8.985 0.375205094567 2.50096339982
8.99 0.387731963324 2.50975989451
8.995 0.400302447773 2.51840858597
9.0 0.412915793962 2.52690336589
9.005 0.425571216863 2.53523804642
9.01 0.438267900173 2.54340636533
9.015 0.451004995896 2.55140198931
9.02 0.46378162392 2.55921851752
9.025 0.476596872815 2.56684949307
9.03 0.489449799741 2.57428840893
9.035 0.502339428038 2.58152869898
9.04 0.515264747947 2.5885637495
9.045 0.528224716322 2.59538690419
9.05 0.541218256347 2.6019914694
9.055 0.554244257499 2.60837072055
9.06 0.567301577718 2.61451791777
9.065 0.580389040382 2.62042630037
9.07 0.593505434459 2.62608909455
9.075 0.606649514838 2.631499522
9.08 0.619820002242 2.63665080693
9.085 0.633015583159 2.64153618336
9.09 0.64623491114 2.64614890459
9.095 0.6594766077 2.65048225229
9.1 0.672739259318 2.65452954027
9.105 0.686021418962 2.65828412493
9.11 0.699321606267 2.66173941398
9.115 0.712638307719 2.66488887543
9.12 0.725969977047 2.66772604644
9.125 0.739315038082 2.67024453711
9.13 0.752671882318 2.67243804608
9.135 0.766038869293 2.67430037036
9.14 0.779414327621 2.67582541405
9.145 0.792796555471 2.67700719856
9.15 0.806183821085 2.67783987314
9.155 0.819574364106 2.67831771959
9.16 0.8329663973 2.67843515454
9.165 0.84635810511 2.67818675659
9.17 0.859747645305 2.67756727013
9.175 0.87313314988 2.67657161549
9.18 0.88651272591 2.67519489847
9.185 0.899884456119 2.67343241222
9.19 0.913246400286 2.67127965749
9.195 0.926596596204 2.66873235167
9.2 0.939933060694 2.66578643806
9.205 0.953253790724 2.66243809625
9.21 0.966556765091 2.65868373584
9.215 0.979839945424 2.65452001375
9.22 0.993101277152 2.64994385389
9.225 1.00633869106 2.64495244993
9.23 1.01955010466 2.63954327454
9.235 1.03273342344 2.63371408087
9.24 1.04588654186 2.62746289906
9.245 1.0590073457 2.62078806751
9.25 1.07209371325 2.6136882316
9.255 1.08514351696 2.60616235062
9.26 1.09815462489 2.59820970245
9.265 1.11112490152 2.58982986874
9.27 1.1240522104 2.58102276414
9.275 1.13693441576 2.57178863868
9.28 1.14976938409 2.56212807929
9.285 1.16255498594 2.55204201416
9.29 1.17528909641 2.54153170007
9.295 1.18796959747 2.5305987317
9.3 1.20059438061 2.51924505499
9.305 1.21316134814 2.50747296175
9.31 1.22566841499 2.49528509076
9.315 1.23811350988 2.48268442221
9.32 1.25049457577 2.46967426666
9.325 1.26280957417 2.45625828357
9.33 1.275056486 2.44244047204
9.335 1.28723331337 2.42822516772
9.34 1.29933808114 2.41361703873
9.345 1.31136883638 2.39862107183
9.35 1.32332365258 2.38324257822
9.355 1.33520063116 2.36748718711
9.36 1.34699790283 2.35136083794
9.365 1.35871362918 2.33486977366
9.37 1.37034600243 2.31802053187
9.375 1.3818932476 2.30081993719
9.38 1.39335362561 2.28327509354
9.385 1.40472543385 2.26539337411
9.39 1.41600700765 2.24718241134
9.395 1.42719672089 2.22865008879
9.4 1.4382929856 2.20980453512
9.405 1.44929425631 2.1906541037
9.41 1.46019903012 2.17120736373
9.415 1.47100584787 2.15147308798
9.42 1.48171329502 2.13146024108
9.425 1.49232000056 2.11117798178
9.43 1.50282464027 2.09063563326
9.435 1.51322593737 2.06984267029
9.44 1.52352266308 2.04880870773
9.445 1.53371363735 2.02754348582
9.45 1.54379772855 2.00605686927
9.455 1.55377385413 1.98435883198
9.46 1.56364098198 1.96245943121
9.465 1.57339813042 1.94036879958
9.47 1.58304436855 1.91809713185
9.475 1.5925788169 1.89565467427
9.48 1.60200064723 1.87305170562
9.485 1.61130908287 1.85029852413
9.49 1.6205033988 1.8274054337
9.495 1.62958292118 1.80438274401
9.5 1.63854702765 1.78124074759
9.505 1.64739514729 1.75798970337
9.51 1.65612676032 1.73463982667
9.515 1.66474139797 1.71120128069
9.52 1.67323864234 1.68768416843
9.525 1.68161812566 1.66409851144
9.53 1.68987953005 1.64045424165
9.535 1.69802258697 1.61676119103
9.54 1.70604707707 1.59302908972
9.545 1.71395282918 1.56926754638
9.55 1.72173971979 1.54548603932
9.555 1.72940767231 1.52169390783
9.56 1.73695665675 1.49790034838
9.565 1.74438668883 1.474114405
9.57 1.75169782888 1.45034495716
9.575 1.75889018105 1.42660071424
9.58 1.76596389262 1.40289020966
9.585 1.77291915359 1.37922179814
9.59 1.77975619492 1.3556036443
9.595 1.7864752878 1.33204371869
9.6 1.79307674263 1.30854979301
9.605 1.79956090864 1.28512943768
9.61 1.80592817235 1.26179001629
9.615 1.81217895633 1.23853868162
9.62 1.81831371822 1.21538237301
9.625 1.82433294999 1.19232781384
9.63 1.83023717709 1.16938150947
9.635 1.83602695659 1.14654974535
9.64 1.84170287628 1.12383858596
9.645 1.84726555364 1.10125387371
9.65 1.85271563536 1.0788012269
9.655 1.85805379546 1.05648604147
9.66 1.86328073416 1.03431349119
9.665 1.86839717688 1.01228852827
9.67 1.8734038737 0.990415881205
9.675 1.87830159792 0.968700057782
9.68 1.88309114442 0.947145349052
9.685 1.88777332883 0.925755830278
9.69 1.89234898631 0.904535363605
9.695 1.89681897109 0.883487596606
9.7 1.90118415619 0.862615960421
9.705 1.90544543046 0.841923684302
9.71 1.90960369825 0.821413794577
9.715 1.91365987835 0.801089118359
9.72 1.91761490314 0.780952285701
9.725 1.92146971856 0.76100572369
9.73 1.92522528178 0.741251673761
9.735 1.92888256052 0.72169219304
9.74 1.9324425322 0.702329157944
9.745 1.93590618301 0.683164268582
9.75 1.93927450783 0.66419904257
9.755 1.94254850867 0.645434828846
9.76 1.9457291936 0.626872814492
9.765 1.94881757617 0.608514027036
9.77 1.95181467453 0.590359339639
9.775 1.95472151105 0.572409469131
9.78 1.95753911154 0.554664980755
9.785 1.96026850403 0.537126302034
9.79 1.96291071834 0.5197937234
9.795 1.9654667853 0.50266740335
9.8 1.96793773625 0.485747370643
9.805 1.97032460257 0.469033522505
9.81 1.97262841471 0.452525641035
9.815 1.97485020171 0.436223394145
9.82 1.97699099067 0.420126340092
9.825 1.97905180616 0.404233931586
9.83 1.98103366985 0.388545513139
9.835 1.98293759987 0.373060333849
9.84 1.98476461034 0.357777551026
9.845 1.98651571097 0.342696233605
9.85 1.98819190661 0.32781536658
9.855 1.98979419675 0.313133850454
9.86 1.99132357521 0.298650508203
9.865 1.99278102976 0.284364091771
9.87 1.99416754182 0.270273284381
9.875 1.99548408604 0.256376704527
9.88 1.99673162999 0.242672907917
9.885 1.99791113374 0.22916038972
9.89 1.99902354979 0.215837592345
9.895 2.00006982278 0.202702907162
9.9 2.00105088923 0.189754677921
9.905 2.00196767726 0.176991203598
9.91 2.00282110613 0.164410739553
9.915 2.00361208642 0.152011503494
9.92 2.00434151977 0.1397916777
9.925 2.00501029868 0.12774941174
9.93 2.00561930639 0.115882825227
9.935 2.0061694164 0.104190009483
9.94 2.00666149265 0.0926690310718
9.945 2.00709638947 0.0813179343679
9.95 2.00747495138 0.0701347437355
9.955 2.00779801308 0.0591174658289
9.96 2.00806639905 0.0482640917311
9.965 2.00828092363 0.0375725990833
9.97 2.00844239114 0.0270409541793
9.975 2.00855159575 0.0166671138601
9.98 2.00860932148 0.00644902735463
9.985 2.008616342 -0.00361536174802
9.99 2.00857342047 -0.0135281134362
9.995 2.00848130991 -0.0232912903799
