0.0 -2.0 0.0
0.005 -1.99997543081 0.00974198682035
0.01 -1.99990340932 0.018985538955
0.015 -1.99978636346 0.0277560540419
0.02 -1.99962659731 0.0360777153328
0.025 -1.99942629647 0.0439735328139
0.03 -1.9991875353 0.0514654068831
0.035 -1.9989122814 0.058574164932
0.04 -1.99860240027 0.065319602263
0.045 -1.99825965959 0.0717205205266
0.05 -1.99788573789 0.0777948051688
0.055 -1.99748222651 0.08355944416
0.06 -1.9970506323 0.0890305549237
0.065 -1.9965923844 0.0942234459091
0.07 -1.99610883715 0.0991526459662
0.075 -1.99560127422 0.10383194349
0.08 -1.99507091218 0.108274421441
0.085 -1.99451890381 0.112492490312
0.09 -1.99394634148 0.116497921348
0.095 -1.99335426002 0.120301875921
0.1 -1.99274364016 0.123914939417
0.105 -1.99211541158 0.127347151836
0.11 -1.99147045456 0.130608026254
0.115 -1.99080960279 0.133706577793
0.12 -1.99013364573 0.136651348569
0.125 -1.98944333238 0.139450441994
0.13 -1.98873937168 0.142111532516
0.135 -1.98802243509 0.144641891344
0.14 -1.98729315913 0.147048410888
0.145 -1.98655214651 0.149337619265
0.15 -1.98579996817 0.151515701225
0.155 -1.98503716502 0.15358851603
0.16 -1.9842642493 0.155561612999
0.165 -1.98348170635 0.157440249572
0.17 -1.98268999596 0.159229405959
0.175 -1.98188955359 0.160933798776
0.18 -1.98108079182 0.162557896062
0.185 -1.98026410145 0.16410592948
0.19 -1.97943985267 0.165581906731
0.195 -1.97860839631 0.166989625152
0.2 -1.9777700646 0.168332680108
0.205 -1.9769251721 0.169614475427
0.21 -1.97607401682 0.170838234894
0.215 -1.97521688149 0.172007016001
0.22 -1.97435403371 0.173123712043
0.225 -1.97348572688 0.17419106215
0.23 -1.97261220109 0.175211661398
0.235 -1.97173368413 0.176187970406
0.24 -1.97085039153 0.177122317623
0.245 -1.96996252742 0.178016907444
0.25 -1.9690702853 0.17887382939
0.255 -1.96817384868 0.179695064181
0.26 -1.96727339122 0.180482486298
0.265 -1.96636907737 0.181237870463
0.27 -1.96546106314 0.181962899874
0.275 -1.96454949636 0.182659169561
0.28 -1.963634517 0.183328189367
0.285 -1.96271625759 0.183971389083
0.29 -1.96179484389 0.184590125254
0.295 -1.96087039504 0.18518568293
0.3 -1.9599430238 0.185759278842
0.305 -1.95901283701 0.186312065463
0.31 -1.95807993602 0.186845136746
0.315 -1.95714441684 0.187359528744
0.32 -1.95620637033 0.187856222678
0.325 -1.9552658826 0.188336148293
0.33 -1.95432303533 0.188800188309
0.335 -1.95337790586 0.189249178641
0.34 -1.95243056739 0.189683911185
0.345 -1.95148108929 0.190105136641
0.35 -1.95052953736 0.190513567782
0.355 -1.94957597386 0.190909879608
0.36 -1.94862045776 0.191294711725
0.365 -1.94766304489 0.191668670829
0.37 -1.94670378822 0.192032332911
0.375 -1.94574273786 0.192386243547
0.38 -1.94477994122 0.192730919835
0.385 -1.94381544326 0.193066852797
0.39 -1.94284928657 0.193394508436
0.395 -1.94188151142 0.193714328094
0.4 -1.94091215587 0.194026729981
0.405 -1.93994125593 0.194332110486
0.41 -1.93896884584 0.19463084756
0.415 -1.93799495796 0.19492329912
0.42 -1.93701962283 0.19520980432
0.425 -1.93604286934 0.195490684664
0.43 -1.93506472484 0.195766245554
0.435 -1.93408521525 0.1960367777
0.44 -1.93310436502 0.196302556293
0.445 -1.93212219724 0.196563842313
0.45 -1.93113873371 0.196820883211
0.455 -1.93015399509 0.197073914803
0.46 -1.92916800089 0.197323160878
0.465 -1.92818076949 0.197568833535
0.47 -1.92719231824 0.197811133962
0.475 -1.92620266347 0.198050253223
0.48 -1.92521182068 0.198286373587
0.485 -1.92421980445 0.19851966772
0.49 -1.92322662847 0.198750299498
0.495 -1.92223230565 0.198978424438
0.5 -1.92123684815 0.199204190638
0.505 -1.92024026744 0.199427738971
0.51 -1.91924257426 0.19964920303
0.515 -1.91824377871 0.199868709663
0.52 -1.91724389024 0.200086379353
0.525 -1.91624291778 0.200302327134
0.53 -1.91524086967 0.20051666217
0.535 -1.9142377537 0.200729488129
0.54 -1.91323357716 0.200940903492
0.545 -1.91222834686 0.201151002055
0.55 -1.91122206919 0.20135987331
0.555 -1.91021475007 0.20156760212
0.56 -1.909206395 0.201774269138
0.565 -1.90819700907 0.201979950977
0.57 -1.90718659702 0.202184720659
0.575 -1.90617516326 0.202388648138
0.58 -1.90516271184 0.202591799688
0.585 -1.90414924647 0.202794238351
0.59 -1.90313477056 0.202996024083
0.595 -1.90211928722 0.203197214022
0.6 -1.90110279931 0.203397862906
0.605 -1.9000853094 0.203598022688
0.61 -1.89906681983 0.203797742823
0.615 -1.89804733265 0.203997070383
0.62 -1.8970268497 0.204196050242
0.625 -1.89600537265 0.204394725467
0.63 -1.89498290289 0.204593136975
0.635 -1.89395944167 0.204791323749
0.64 -1.89293498999 0.204989322936
0.645 -1.8919095487 0.205187169974
0.65 -1.89088311848 0.205384898917
0.655 -1.88985569985 0.20558254218
0.66 -1.88882729315 0.205780130684
0.665 -1.88779789859 0.205977693942
0.67 -1.88676751621 0.206175260136
0.675 -1.88573614593 0.206372856352
0.68 -1.88470378755 0.206570508437
0.685 -1.88367044072 0.206768241075
0.69 -1.88263610498 0.206966077861
0.695 -1.88160077974 0.207164041413
0.7 -1.88056446431 0.207362153301
0.705 -1.87952715792 0.207560434437
0.71 -1.87848885966 0.207758904676
0.715 -1.87744956853 0.207957583048
0.72 -1.87640928345 0.208156487791
0.725 -1.87536800325 0.208355636534
0.73 -1.87432572667 0.208555046158
0.735 -1.87328245236 0.208754732811
0.74 -1.87223817889 0.208954711982
0.745 -1.87119290477 0.209154998522
0.75 -1.87014662839 0.20935560668
0.755 -1.86909934814 0.209556550324
0.76 -1.86805106229 0.209757842814
0.765 -1.86700176907 0.209959496965
0.77 -1.86595146665 0.210161525142
0.775 -1.86490015312 0.210363939301
0.78 -1.86384782655 0.210566751014
0.785 -1.86279448491 0.210769971305
0.79 -1.86174012611 0.210973610768
0.795 -1.86068474804 0.211177679769
0.8 -1.85962834852 0.211382188364
0.805 -1.85857092535 0.21158714633
0.81 -1.85751247626 0.211792563186
0.815 -1.85645299893 0.211998448005
0.82 -1.85539249099 0.212204809408
0.825 -1.85433095003 0.212411655957
0.83 -1.8532683736 0.212618995987
0.835 -1.85220475922 0.212826837626
0.84 -1.85114010437 0.213035188813
0.845 -1.85007440648 0.213244057216
0.85 -1.84900766293 0.21345345014
0.855 -1.84793987109 0.213663374849
0.86 -1.84687102827 0.213873838452
0.865 -1.84580113178 0.214084847911
0.87 -1.84473017886 0.214296410058
0.875 -1.84365816674 0.214508531544
0.88 -1.84258509261 0.21472121871
0.885 -1.8415109536 0.214934477882
0.89 -1.84043574686 0.215148315284
0.895 -1.83935946946 0.215362737032
0.9 -1.83828211849 0.215577749152
0.905 -1.83720369098 0.215793357544
0.91 -1.83612418391 0.216009567843
0.915 -1.83504359427 0.216226385708
0.92 -1.833961919 0.21644381674
0.925 -1.83287915502 0.216661866474
0.93 -1.83179529923 0.21688054039
0.935 -1.83071034851 0.217099843919
0.94 -1.8296242997 0.217319782452
0.945 -1.82853714962 0.217540361246
0.95 -1.82744889503 0.21776158525
0.955 -1.82635953269 0.217983459558
0.96 -1.82526905935 0.21820598923
0.965 -1.8241774717 0.218429179293
0.97 -1.82308476644 0.218653034738
0.975 -1.82199094024 0.21887756053
0.98 -1.82089598972 0.219102761613
0.985 -1.81979991152 0.219328642831
0.99 -1.81870270219 0.219555208894
0.995 -1.8176043583 0.219782464592
1.0 -1.8165048764 0.220010414697
1.005 -1.815404253 0.220239063965
1.01 -1.81430248459 0.220468417141
1.015 -1.81319956765 0.220698478962
1.02 -1.81209549862 0.220929254161
1.025 -1.81099027393 0.221160747387
1.03 -1.80988388996 0.221392963242
1.035 -1.80877634309 0.221625906383
1.04 -1.80766762967 0.221859581463
1.045 -1.80655774603 0.222093993139
1.05 -1.80544668849 0.222329146067
1.055 -1.80433445332 0.222565044912
1.06 -1.80322103679 0.222801694344
1.065 -1.80210643513 0.223039098959
1.07 -1.80099064455 0.223277263353
1.075 -1.79987366123 0.223516192167
1.08 -1.79875548135 0.223755890049
1.085 -1.79763610104 0.223996361657
1.09 -1.79651551643 0.224237611658
1.095 -1.79539372362 0.224479644736
1.1 -1.79427071868 0.224722465907
1.105 -1.79314649765 0.224966079028
1.11 -1.79202105657 0.225210489348
1.115 -1.79089439143 0.225455701557
1.12 -1.78976649821 0.225701720368
1.125 -1.78863737287 0.225948550522
1.13 -1.78750701134 0.226196196785
1.135 -1.78637540953 0.226444663946
1.14 -1.78524256333 0.226693956817
1.145 -1.78410846858 0.226944080183
1.15 -1.78297312112 0.227195038881
1.155 -1.78183651676 0.227446837782
1.16 -1.78069865128 0.22769948178
1.165 -1.77955952046 0.227952975794
1.17 -1.77841912003 0.228207324765
1.175 -1.77727744571 0.228462533659
1.18 -1.77613449318 0.228718607463
1.185 -1.77499025813 0.228975551192
1.19 -1.77384473619 0.229233369882
1.195 -1.77269792296 0.229492068616
1.2 -1.77154981401 0.229751652509
1.205 -1.77040040491 0.230012126681
1.21 -1.76924969119 0.230273496279
1.215 -1.76809766837 0.230535766472
1.22 -1.76694433192 0.230798942455
1.225 -1.76578967731 0.23106302945
1.23 -1.76463369999 0.231328032701
1.235 -1.76347639535 0.231593957478
1.24 -1.7623177588 0.231860809075
1.245 -1.76115778568 0.232128592876
1.25 -1.75999647127 0.232397314462
1.255 -1.75883381089 0.232666979299
1.26 -1.75766979979 0.232937592872
1.265 -1.75650443323 0.233209160698
1.27 -1.75533770642 0.233481688327
1.275 -1.75416961455 0.23375518134
1.28 -1.75300015279 0.234029645349
1.285 -1.75182931628 0.234305086002
1.29 -1.75065710014 0.234581508974
1.295 -1.74948349945 0.234858919986
1.3 -1.74830850921 0.235137324971
1.305 -1.74713212443 0.235416729828
1.31 -1.74595434009 0.23569714044
1.315 -1.74477515115 0.235978562731
1.32 -1.74359455255 0.236261002664
1.325 -1.74241253918 0.236544466237
1.33 -1.74122910592 0.236828959491
1.335 -1.74004424762 0.237114488503
1.34 -1.7388579591 0.237401059388
1.345 -1.73767023514 0.237688678302
1.35 -1.73648107048 0.237977351533
1.355 -1.73529045978 0.238267085475
1.36 -1.73409839772 0.238557886465
1.365 -1.73290487896 0.238849760884
1.37 -1.73170989811 0.239142715156
1.375 -1.73051344976 0.239436755752
1.38 -1.72931552848 0.239731889183
1.385 -1.72811612879 0.240028122007
1.39 -1.7269152452 0.240325460826
1.395 -1.72571287216 0.240623912285
1.4 -1.72450900411 0.240923483115
1.405 -1.72330363537 0.241224180273
1.41 -1.72209676027 0.241526010631
1.415 -1.72088837314 0.241828981088
1.42 -1.71967846826 0.242133098593
1.425 -1.71846703988 0.242438370145
1.43 -1.71725408223 0.242744802794
1.435 -1.71603958949 0.243052403637
1.44 -1.71482355581 0.243361179823
1.445 -1.71360597533 0.243671138551
1.45 -1.71238684213 0.243982287068
1.455 -1.71116615026 0.244294632675
1.46 -1.70994389368 0.244608182931
1.465 -1.70872006627 0.244922945447
1.47 -1.70749466196 0.24523892777
1.475 -1.70626767464 0.245556137501
1.48 -1.70503909815 0.245874582301
1.485 -1.70380892631 0.246194269888
1.49 -1.7025771529 0.246515208035
1.495 -1.70134377165 0.246837404576
1.5 -1.70010877628 0.247160867399
1.505 -1.69887216045 0.247485604451
1.51 -1.69763391779 0.247811623738
1.515 -1.69639404189 0.24813893339
1.52 -1.69515252616 0.248467541824
1.525 -1.69390936408 0.24879745733
1.53 -1.69266454909 0.249128688244
1.535 -1.6914180746 0.249461242968
1.54 -1.69016993398 0.249795129967
1.545 -1.68892012055 0.250130357772
1.55 -1.68766862761 0.250466934978
1.555 -1.6864154484 0.250804870247
1.56 -1.68516057614 0.251144172303
1.565 -1.68390400399 0.251484849936
1.57 -1.68264572509 0.251826912008
1.575 -1.68138573241 0.252170367711
1.58 -1.68012401889 0.252515226253
1.585 -1.6788605775 0.252861496796
1.59 -1.67759540117 0.253209188577
1.595 -1.67632848276 0.253558310906
1.6 -1.67505981511 0.253908873167
1.605 -1.67378939102 0.254260884817
1.61 -1.67251720323 0.254614355387
1.615 -1.67124324444 0.25496929448
1.62 -1.66996750732 0.255325711774
1.625 -1.66868998449 0.25568361702
1.63 -1.66741066847 0.256043020165
1.635 -1.66612955161 0.256403931492
1.64 -1.66484662635 0.256766361116
1.645 -1.66356188507 0.257130319218
1.65 -1.6622753201 0.257495816065
1.655 -1.66098692374 0.257862862006
1.66 -1.65969668822 0.258231467472
1.665 -1.65840460576 0.258601642979
1.67 -1.65711066848 0.258973399127
1.675 -1.6558148685 0.259346746599
1.68 -1.65451719786 0.259721696161
1.685 -1.65321764856 0.260098258683
1.69 -1.65191621237 0.260476445525
1.695 -1.65061288106 0.260856267986
1.7 -1.64930764643 0.261237737315
1.705 -1.64800050023 0.261620864855
1.71 -1.64669143414 0.262005662044
1.715 -1.6453804398 0.262392140413
1.72 -1.64406750879 0.262780311587
1.725 -1.64275263266 0.263170187284
1.73 -1.64143580287 0.263561779319
1.735 -1.64011701087 0.263955099596
1.74 -1.63879624802 0.264350160116
1.745 -1.63747350566 0.264746972974
1.75 -1.63614877498 0.265145550507
1.755 -1.6348220469 0.265545905717
1.76 -1.63349331247 0.265948051255
1.765 -1.6321625627 0.266351999817
1.77 -1.63082978857 0.266757764207
1.775 -1.62949498095 0.267165357337
1.78 -1.62815813071 0.26757479223
1.785 -1.62681922862 0.267986082018
1.79 -1.62547826541 0.26839923994
1.795 -1.62413523174 0.268814279346
1.8 -1.62279011822 0.269231213696
1.805 -1.62144291539 0.269650056556
1.81 -1.62009361375 0.270070821604
1.815 -1.61874220355 0.270493523042
1.82 -1.61738867486 0.270918175472
1.825 -1.61603301787 0.271344793144
1.83 -1.61467522273 0.27177339043
1.835 -1.61331527952 0.272203981828
1.84 -1.61195317825 0.272636581963
1.845 -1.61058890886 0.273071205587
1.85 -1.60922246123 0.273507867575
1.855 -1.60785382516 0.273946582933
1.86 -1.60648299041 0.274387366789
1.865 -1.60510994665 0.2748302344
1.87 -1.60373468349 0.275275201148
1.875 -1.60235719047 0.275722282577
1.88 -1.60097745671 0.276171495158
1.885 -1.59959547139 0.27662285522
1.89 -1.59821122372 0.277076378948
1.895 -1.59682470286 0.277532082672
1.9 -1.59543589788 0.277989982868
1.905 -1.59404479777 0.278450096159
1.91 -1.59265139147 0.278912439317
1.915 -1.59125566781 0.279377029258
1.92 -1.58985761557 0.279843883046
1.925 -1.58845722346 0.280313017892
1.93 -1.58705448008 0.280784451155
1.935 -1.585649374 0.281258200337
1.94 -1.58424189359 0.28173428332
1.945 -1.58283202677 0.282212719075
1.95 -1.58141976169 0.282693526003
1.955 -1.58000508645 0.283176722564
1.96 -1.57858798906 0.283662327387
1.965 -1.57716845746 0.284150359273
1.97 -1.57574647948 0.284640837195
1.975 -1.5743220429 0.285133780298
1.98 -1.57289513539 0.2856292079
1.985 -1.57146574453 0.286127139486
1.99 -1.57003385784 0.286627594719
1.995 -1.56859946274 0.287130593427
2.0 -1.56716254656 0.287636155616
2.005 -1.56572309633 0.288144302045
2.01 -1.56428109879 0.288655054147
2.015 -1.56283654086 0.289168432877
2.02 -1.56138940935 0.28968445939
2.025 -1.55993969099 0.290203155049
2.03 -1.55848737238 0.290724541426
2.035 -1.55703244005 0.2912486403
2.04 -1.55557488042 0.291775473658
2.045 -1.55411467982 0.292305063696
2.05 -1.55265182445 0.292837432816
2.055 -1.55118630041 0.293372603725
2.06 -1.5497180934 0.29391060002
2.065 -1.54824718917 0.294451445124
2.07 -1.54677357343 0.294995162571
2.075 -1.54529723177 0.295541776127
2.08 -1.54381814967 0.296091309789
2.085 -1.54233631251 0.296643787787
2.09 -1.54085170556 0.297199234582
2.095 -1.53936431396 0.297757674868
2.1 -1.53787412277 0.29831913357
2.105 -1.53638111692 0.298883635846
2.11 -1.53488528098 0.299451207834
2.115 -1.53338659931 0.300021876152
2.12 -1.53188505636 0.300595667092
2.125 -1.53038063646 0.301172607215
2.13 -1.52887332382 0.301752723351
2.135 -1.52736310254 0.302336042598
2.14 -1.52584995656 0.302922592324
2.145 -1.52433386974 0.303512400165
2.15 -1.52281482579 0.304105494025
2.155 -1.52129280832 0.304701902079
2.16 -1.5197678007 0.305301653019
2.165 -1.5182397858 0.305904776923
2.17 -1.51670874661 0.306511303381
2.175 -1.51517466607 0.307121262158
2.18 -1.51363752695 0.307734683329
2.185 -1.5120973119 0.308351597277
2.19 -1.51055400343 0.308972034697
2.195 -1.50900758391 0.309596026593
2.2 -1.50745803558 0.310223604281
2.205 -1.50590534053 0.310854799383
2.21 -1.50434948071 0.311489643846
2.215 -1.50279043753 0.312128171096
2.22 -1.50122819225 0.312770414845
2.225 -1.49966272619 0.313416408541
2.23 -1.49809402056 0.314066185988
2.235 -1.49652205636 0.314719781349
2.24 -1.49494681449 0.315377229145
2.245 -1.49336827564 0.316038564254
2.25 -1.49178642039 0.316703821914
2.255 -1.49020122914 0.317373037721
2.26 -1.48861268216 0.318046247629
2.265 -1.48702075935 0.318723488456
2.27 -1.48542544 0.319404798791
2.275 -1.48382670362 0.320090216449
2.28 -1.4822245296 0.320779779549
2.285 -1.48061889714 0.321473526625
2.29 -1.47900978527 0.32217149663
2.295 -1.47739717284 0.322873728931
2.3 -1.47578103853 0.323580263313
2.305 -1.47416136086 0.324291139977
2.31 -1.47253811815 0.325006399538
2.315 -1.47091128853 0.325726083084
2.32 -1.46928084946 0.326450233672
2.325 -1.46764677828 0.327178894513
2.33 -1.46600905234 0.327912108754
2.335 -1.46436764876 0.328649920044
2.34 -1.4627225445 0.329392372534
2.345 -1.46107371627 0.330139510875
2.35 -1.45942114061 0.330891380217
2.355 -1.45776479384 0.331648026213
2.36 -1.45610465196 0.332409495359
2.365 -1.45444069043 0.333175835602
2.37 -1.45277288478 0.333947094702
2.375 -1.45110121028 0.334723320913
2.38 -1.44942564204 0.335504563046
2.385 -1.44774615489 0.336290870466
2.39 -1.44606272349 0.337082293097
2.395 -1.44437532224 0.337878881417
2.4 -1.44268392533 0.338680686485
2.405 -1.44098850627 0.339487761318
2.41 -1.43928903837 0.340300159477
2.415 -1.43758549488 0.341117934503
2.42 -1.43587784882 0.341941140578
2.425 -1.43416607294 0.342769832518
2.43 -1.43245013976 0.343604065783
2.435 -1.43073002155 0.344443896466
2.44 -1.42900569032 0.345289381304
2.445 -1.4272771177 0.346140578109
2.45 -1.42554427453 0.346997547028
2.455 -1.42380713175 0.347860347768
2.46 -1.42206566008 0.3487290406
2.465 -1.42031982995 0.349603686524
2.47 -1.41856961151 0.350484347274
2.475 -1.41681497464 0.35137108531
2.48 -1.41505588895 0.352263963828
2.485 -1.41329232375 0.353163046757
2.49 -1.41152424759 0.354068400411
2.495 -1.40975162859 0.354980092178
2.5 -1.40797443492 0.355898189262
2.505 -1.40619263441 0.356822759706
2.51 -1.4044061946 0.357753872392
2.515 -1.40261508271 0.35869159704
2.52 -1.40081926563 0.359636004207
2.525 -1.39901870998 0.360587165291
2.53 -1.39721338189 0.36154515298
2.535 -1.39540324646 0.362510043255
2.54 -1.39358826889 0.363481911574
2.545 -1.39176841412 0.364460834032
2.55 -1.38994364675 0.365446887688
2.555 -1.38811393103 0.366440150567
2.56 -1.38627923085 0.367440701662
2.565 -1.38443950976 0.368448620927
2.57 -1.38259473096 0.369463989287
2.575 -1.38074485681 0.370486890294
2.58 -1.37888984902 0.371517409494
2.585 -1.37702966928 0.372555632247
2.59 -1.37516427889 0.373601645057
2.595 -1.37329363874 0.374655535575
2.6 -1.37141770932 0.375717392598
2.605 -1.36953645072 0.376787306068
2.61 -1.36764982234 0.377865368058
2.615 -1.36575778287 0.378951672766
2.62 -1.36386029087 0.380046314639
2.625 -1.36195730448 0.38114938939
2.63 -1.36004878139 0.382260994001
2.635 -1.35813467883 0.383381226724
2.64 -1.35621495362 0.384510187085
2.645 -1.3542895618 0.385647977033
2.65 -1.35235845852 0.38679470147
2.655 -1.35042159884 0.387950465236
2.66 -1.34847893735 0.389115374584
2.665 -1.34653042816 0.390289537211
2.67 -1.34457602488 0.391473062258
2.675 -1.34261568064 0.392666060313
2.68 -1.34064934778 0.393868644484
2.685 -1.33867697754 0.395080931506
2.69 -1.33669852112 0.396303038026
2.695 -1.33471392917 0.397535082247
2.7 -1.33272315182 0.398777184014
2.705 -1.33072613865 0.400029464817
2.71 -1.32872283869 0.401292047782
2.715 -1.32671320094 0.402565055871
2.72 -1.32469717032 0.403848626576
2.725 -1.32267469513 0.405142884708
2.73 -1.32064572155 0.40644796246
2.735 -1.31861019521 0.407763993753
2.74 -1.31656806114 0.409091114269
2.745 -1.31451926381 0.410429461483
2.75 -1.31246374688 0.411779175466
2.755 -1.31040145263 0.413140401102
2.76 -1.3083323231 0.414513283766
2.765 -1.30625629967 0.415897970911
2.77 -1.30417332298 0.417294612369
2.775 -1.30208333291 0.418703360414
2.78 -1.29998626856 0.420124369824
2.785 -1.29788206825 0.421557797939
2.79 -1.29577066952 0.423003804707
2.795 -1.2936520091 0.42446255272
2.8 -1.29152602286 0.425934207344
2.805 -1.28939264585 0.427418936753
2.81 -1.28725181221 0.428916911984
2.815 -1.28510345522 0.430428307004
2.82 -1.28294750726 0.431953298766
2.825 -1.28078389979 0.433492067273
2.83 -1.27861256348 0.435044795198
2.835 -1.27643342821 0.436611667857
2.84 -1.27424642278 0.438192874172
2.845 -1.27205147504 0.439788606256
2.85 -1.2698485119 0.441399059462
2.855 -1.26763745927 0.443024432432
2.86 -1.26541824208 0.444664927155
2.865 -1.26319078427 0.446320749018
2.87 -1.26095500861 0.447992107567
2.875 -1.2587108368 0.449679216216
2.88 -1.25645818954 0.451382291587
2.885 -1.25419698645 0.453101554046
2.89 -1.25192714607 0.454837227762
2.895 -1.24964858583 0.456589540775
2.9 -1.247361222 0.458358725053
2.905 -1.24506496973 0.460145016578
2.91 -1.24275974276 0.461948656524
2.915 -1.24044545362 0.463769890304
2.92 -1.23812201371 0.465608967207
2.925 -1.23578933321 0.46746614094
2.93 -1.23344732102 0.469341669704
2.935 -1.23109588476 0.471235816266
2.94 -1.22873493076 0.473148848041
2.945 -1.226364364 0.475081037245
2.95 -1.22398408782 0.477032662462
2.955 -1.22159400422 0.47900400694
2.96 -1.2191940139 0.480995358651
2.965 -1.21678401611 0.483007010806
2.97 -1.21436390863 0.485039261944
2.975 -1.21193358779 0.487092416026
2.98 -1.20949294841 0.489166782518
2.985 -1.20704188372 0.491262676721
2.99 -1.20458028502 0.49338042167
2.995 -1.20210804215 0.49552034558
3.0 -1.19962504339 0.497682782437
3.005 -1.19713117536 0.499868072469
3.01 -1.19462632297 0.50207656225
3.015 -1.19211036945 0.504308604813
3.02 -1.18958319625 0.506564559757
3.025 -1.18704468299 0.508844793859
3.03 -1.18449470697 0.511149683157
3.035 -1.18193314391 0.513479609546
3.04 -1.17935986767 0.515834961985
3.045 -1.17677475016 0.518216136893
3.05 -1.17417766133 0.520623538285
3.055 -1.17156846914 0.523057577904
3.06 -1.16894703952 0.525518675354
3.065 -1.16631323615 0.528007259205
3.07 -1.16366692007 0.53052376897
3.075 -1.1610079505 0.533068650937
3.08 -1.15833618446 0.535642360033
3.085 -1.15565147671 0.538245360148
3.09 -1.15295367971 0.540878124297
3.095 -1.15024264358 0.543541134787
3.1 -1.14751821608 0.546234883378
3.105 -1.14478024222 0.54895987321
3.11 -1.142028564 0.551716620098
3.115 -1.13926302133 0.554505647947
3.12 -1.13648345148 0.557327491215
3.125 -1.13368968909 0.560182695177
3.13 -1.1308815661 0.563071816125
3.135 -1.12805891169 0.565995421572
3.14 -1.12522155227 0.568954090451
3.145 -1.12236931097 0.571948415769
3.15 -1.11950200759 0.574979004695
3.155 -1.11661945926 0.578046475192
3.16 -1.11372148 0.581151458223
3.165 -1.11080788069 0.584294598023
3.17 -1.10787846897 0.587476552362
3.175 -1.10493304915 0.590697993173
3.18 -1.10197142184 0.593959608482
3.185 -1.09899338438 0.597262100093
3.19 -1.09599873063 0.600606184583
3.195 -1.09298725088 0.603992593809
3.2 -1.08995873181 0.607422075208
3.205 -1.08691295638 0.610895392136
3.21 -1.08384970322 0.614413327372
3.215 -1.08076874698 0.617976681233
3.22 -1.07766985855 0.621586270111
3.225 -1.07455280473 0.625242928262
3.23 -1.07141734819 0.628947508173
3.235 -1.06826324735 0.632700880925
3.24 -1.06509025612 0.636503937894
3.245 -1.0618981233 0.6403575938
3.25 -1.05868659353 0.644262781512
3.255 -1.05545540683 0.648220454576
3.26 -1.05220429846 0.652231587852
3.265 -1.04893299884 0.656297177956
3.27 -1.04564123344 0.660418243939
3.275 -1.04232872182 0.664595832585
3.28 -1.03899517844 0.668831013759
3.285 -1.03564031265 0.673124880486
3.29 -1.03226382834 0.677478550796
3.295 -1.02886542384 0.681893168244
3.3 -1.02544479184 0.686369902441
3.305 -1.02200161872 0.690909952701
3.31 -1.01853558418 0.695514550311
3.315 -1.01504636234 0.700184951894
3.32 -1.01153362106 0.704922443415
3.325 -1.00799702181 0.70972834088
3.33 -1.00443621954 0.714603990972
3.335 -1.00085086241 0.719550772432
3.34 -0.997240590708 0.724570102792
3.345 -0.993605037875 0.729663431773
3.35 -0.989943830233 0.73483224311
3.355 -0.986256586654 0.740078056316
3.36 -0.982542918409 0.745402427533
3.365 -0.978802428545 0.750806953102
3.37 -0.97503471201 0.75629326876
3.375 -0.971239355734 0.761863049102
3.38 -0.967415938282 0.767518009546
3.385 -0.963564029686 0.773259907247
3.39 -0.959683190822 0.779090544766
3.395 -0.955772972822 0.785011773561
3.4 -0.951832918022 0.791025488108
3.405 -0.947862559284 0.797133629907
3.41 -0.943861419788 0.803338188652
3.415 -0.939829012649 0.809641204438
3.42 -0.935764839745 0.816044774647
3.425 -0.931668392839 0.822551047188
3.43 -0.927539153042 0.829162223611
3.435 -0.923376590475 0.83588056105
3.44 -0.919180164 0.842708373731
3.445 -0.914949319832 0.84964804126
3.45 -0.910683492251 0.856702004228
3.455 -0.906382103633 0.863872763918
3.46 -0.902044563853 0.871162885811
3.465 -0.897670270019 0.878575001082
3.47 -0.893258605358 0.886111813219
3.475 -0.888808938695 0.893776101041
3.48 -0.884320625607 0.901570711677
3.485 -0.879793007429 0.909498566455
3.49 -0.875225410942 0.917562662679
3.495 -0.87061714764 0.925766077916
3.5 -0.865967512012 0.93411198014
3.505 -0.861275783427 0.942603616432
3.51 -0.856541225112 0.951244319025
3.515 -0.851763083667 0.960037508055
3.52 -0.846940588592 0.968986694353
3.525 -0.842072949966 0.978095492923
3.53 -0.837159360026 0.987367613726
3.535 -0.832198992834 0.996806863546
3.54 -0.827191003436 1.00641715088
3.545 -0.822134527448 1.01620248832
3.55 -0.817028679247 1.02616700292
3.555 -0.811872551568 1.0363149385
3.56 -0.806665216469 1.04665065017
3.565 -0.80140572409 1.05717861139
3.57 -0.79609310192 1.06790341814
3.575 -0.790726353427 1.07882979627
3.58 -0.785304458667 1.08996259866
3.585 -0.779826373412 1.10130680996
3.59 -0.77429102849 1.11286755038
3.595 -0.768697327658 1.12465008706
3.6 -0.763044148009 1.13665983221
3.605 -0.757330339846 1.14890234402
3.61 -0.751554725616 1.16138333249
3.615 -0.745716098536 1.17410866652
3.62 -0.73981322096 1.18708438212
3.625 -0.733844825616 1.20031667728
3.63 -0.727809614145 1.21381191939
3.635 -0.721706256162 1.22757665018
3.64 -0.71553338664 1.24161759754
3.645 -0.709289607015 1.25594167196
3.65 -0.702973484265 1.27055597134
3.655 -0.69658354958 1.28546778731
3.66 -0.690118297212 1.30068461076
3.665 -0.683576181539 1.3162141431
3.67 -0.676955619605 1.33206428972
3.675 -0.6702549887 1.34824316957
3.68 -0.663472625018 1.36475912067
3.685 -0.656606820856 1.38162070857
3.69 -0.649655826047 1.39883672638
3.695 -0.642617846174 1.41641620124
3.7 -0.635491041253 1.43436839991
3.705 -0.628273524432 1.4527028333
3.71 -0.620963360129 1.471429257
3.715 -0.613558563432 1.49055768229
3.72 -0.606057098579 1.51009838027
3.725 -0.598456877482 1.53006188666
3.73 -0.590755758473 1.55045900525
3.735 -0.582951546815 1.57130079528
3.74 -0.575041991222 1.59259859428
3.745 -0.567024782625 1.61436402044
3.75 -0.558897553011 1.63660897398
3.755 -0.550657874017 1.6593456396
3.76 -0.542303256507 1.68258646802
3.765 -0.533831148157 1.70634419798
3.77 -0.52523893189 1.73063186047
3.775 -0.516523924597 1.75546277716
3.78 -0.507683376151 1.78085054118
3.785 -0.498714467983 1.80680901751
3.79 -0.489614311227 1.83335236132
3.795 -0.480379945565 1.86049500306
3.8 -0.471008338084 1.88825161994
3.805 -0.461496381579 1.91663716365
3.81 -0.451840893243 1.94566685007
3.815 -0.442038614125 1.97535610989
3.82 -0.432086207538 2.00572059683
3.825 -0.421980257339 2.03677620187
3.83 -0.411717267345 2.06853901604
3.835 -0.401293661615 2.10102526597
3.84 -0.390705781926 2.13425135018
3.845 -0.379949887846 2.16823379101
3.85 -0.369022156453 2.2029891993
3.855 -0.357918680574 2.23853427422
3.86 -0.346635470466 2.27488571558
3.865 -0.33516845285 2.31206020535
3.87 -0.323513469945 2.35007439084
3.875 -0.311666282914 2.38894476395
3.88 -0.299622569735 2.42868766646
3.885 -0.287377926402 2.46931922241
3.89 -0.274927871599 2.51085519638
3.895 -0.262267843572 2.55331101773
3.9 -0.249393204523 2.59670164899
3.905 -0.23629924555 2.64104144467
3.91 -0.222981185807 2.68634412619
3.915 -0.209434179026 2.73262261753
3.92 -0.195653314481 2.77988898011
3.925 -0.181633625671 2.82815421032
3.93 -0.16737009273 2.87742814968
3.935 -0.152857650165 2.92771930635
3.94 -0.13809119445 2.97903467648
3.945 -0.123065589074 3.03137961013
3.95 -0.107775678622 3.08475753205
3.955 -0.0922162917902 3.13916983852
3.96 -0.0763822599331 3.19461555867
3.965 -0.0602684221328 3.25109121556
3.97 -0.0438696440187 3.30859049423
3.975 -0.0271808298586 3.36710400137
3.98 -0.0101969374686 3.42661899404
3.985 0.00708699856718 3.48711899865
3.99 0.024675857073 3.5485836034
3.995 0.0425743976593 3.61098798084
4.0 0.0607872504275 3.6743026655
4.005 0.0793188803485 3.73849307236
4.01 0.0981735682796 3.80351917473
4.015 0.117355385211 3.86933512671
4.02 0.136868151837 3.93588879193
4.025 0.156715410214 4.00312130892
4.03 0.17690038915 4.07096667876
4.035 0.19742597483 4.13935147772
4.04 0.218294666336 4.20819431297
4.045 0.239508532466 4.27740539406
4.05 0.261069170845 4.34688612012
4.055 0.282977664402 4.4165287668
4.06 0.305234533688 4.48621607359
4.065 0.327839688457 4.55582092557
4.07 0.35079237763 4.62520605976
4.075 0.374091137755 4.69422380843
4.08 0.397733741195 4.76271597448
4.085 0.421717141411 4.83051363239
4.09 0.446037422344 4.89743721528
4.095 0.47068974137 4.96329645333
4.1 0.49566828043 5.02789067189
4.105 0.520966190427 5.09100896955
4.11 0.546575544747 5.15243071887
4.115 0.572487289664 5.21192608542
4.12 0.59869120022 5.26925673197
4.125 0.625175842311 5.32417675026
4.13 0.651928531898 5.37643360479
4.135 0.678935313105 5.42576947763
4.14 0.706180925046 5.47192254201
4.145 0.733648796528 5.51462864579
4.15 0.761321028454 5.55362300549
4.155 0.789178403947 5.58864215712
4.16 0.817200394341 5.61942606567
4.165 0.845365184206 5.64572032659
4.17 0.873649706701 5.66727855802
4.175 0.902029685079 5.68386488912
4.18 0.930479698781 5.69525639788
4.185 0.95897324633 5.70124590964
4.19 0.987482837688 5.70164428821
4.195 1.01598008832 5.69628315799
4.2 1.04443582697 5.68501732088
4.205 1.07282021923 5.66772713584
4.21 1.10110290165 5.64432052032
4.215 1.12925312337 5.61473498779
4.22 1.15723989821 5.57893923861
4.225 1.1850321639 5.53693448826
4.23 1.21259894895 5.48875546747
4.235 1.23990953867 5.43447096011
4.24 1.26693365046 5.37418405718
4.245 1.29364159931 5.30803182679
4.25 1.32000447295 5.23618471666
4.255 1.34599428847 5.15884537545
4.26 1.37158415771 5.0762471699
4.265 1.39674842844 4.98865223234
4.27 1.42146282938 4.89634916839
4.275 1.44570459082 4.79965043887
4.28 1.46945256034 4.69888944875
4.285 1.49268729783 4.5944173965
4.29 1.51539115679 4.48660000629
4.295 1.53754834885 4.37581402448
4.3 1.55914498929 4.26244386199
4.305 1.58016912762 4.14687796608
4.31 1.60061075857 4.02950560352
4.315 1.62046181797 3.91071336286
4.32 1.63971616215 3.79088224928
4.325 1.65836953126 3.67038456629
4.33 1.67641950088 3.54958143133
4.335 1.69386541799 3.42882023736
4.34 1.71070832862 3.30843265784
4.345 1.72695089376 3.18873279109
4.35 1.74259729751 3.07001571978
4.355 1.75765315028 2.95255632847
4.36 1.77212538306 2.83660845883
4.365 1.78602214421 2.72240433034
4.37 1.79935268613 2.61015428056
4.375 1.81212726061 2.50004669552
4.38 1.82435700437 2.39224826956
4.385 1.83605383653 2.286904352
4.39 1.84723034882 2.18413961514
4.395 1.85789970771 2.08405873724
4.4 1.86807555383 1.98674734144
4.405 1.87777191096 1.89227294372
4.41 1.88700309713 1.80068603493
4.415 1.89578364257 1.71202121164
4.42 1.90412821313 1.6262983195
4.425 1.91205153981 1.54352363491
4.43 1.91956835302 1.46369106195
4.435 1.92669332497 1.38678325807
4.44 1.93344101463 1.31277283628
4.445 1.93982582179 1.24162341116
4.45 1.94586194354 1.17329071277
4.455 1.95156333841 1.10772355782
4.46 1.95694369345 1.04486483201
4.465 1.96201639739 0.984652367587
4.47 1.96679451715 0.927019794862
4.475 1.97129077897 0.871897303365
4.48 1.9755175529 0.819212366143
4.485 1.97948684097 0.76889037987
4.49 1.98321026823 0.720855265835
4.495 1.98669907676 0.675029998969
4.5 1.98996412219 0.631337090747
4.505 1.99301587237 0.589698987785
4.51 1.99586440798 0.550038488162
4.515 1.99851942549 0.512279063455
4.52 2.00099024073 0.476345133252
4.525 2.00328579464 0.442162308723
4.53 2.00541466006 0.409657605114
4.535 2.00738504801 0.378759641955
4.54 2.00920481777 0.349398756498
4.545 2.01088148395 0.321507151231
4.55 2.01242222786 0.295018958174
4.555 2.01383390574 0.269870341609
4.56 2.0151230605 0.245999518973
4.565 2.01629593082 0.223346821999
4.57 2.01735846269 0.201854692535
4.575 2.01831631938 0.181467703612
4.58 2.01917489249 0.162132540445
4.585 2.01993931224 0.143797989684
4.59 2.02061445795 0.126414911211
4.595 2.02120496844 0.109936201812
4.6 2.0217152519 0.094316761222
4.605 2.02214949608 0.0795134380495
4.61 2.0225116776 0.0654849912983
4.615 2.02280557166 0.0521920259007
4.62 2.02303476089 0.0395969490812
4.625 2.02320264443 0.0276639025245
4.63 2.02331244625 0.0163587131372
4.635 2.02336722364 0.0056488262324
4.64 2.02336987496 -0.00449674823396
4.645 2.02332314745 -0.0141074993717
4.65 2.02322964453 -0.0232114713338
4.655 2.02309183287 -0.0318353247187
4.66 2.02291204921 -0.0400043944254
4.665 2.02269250679 -0.0477427409256
4.67 2.02243530158 -0.0550732125634
4.675 2.0221424183 -0.0620174943696
4.68 2.02181573599 -0.0685961636497
4.685 2.02145703348 -0.0748287397465
4.69 2.02106799457 -0.0807337324938
4.695 2.02065021288 -0.086328691742
4.7 2.02020519665 -0.091630251268
4.705 2.01973437311 -0.0966541744602
4.71 2.01923909275 -0.101415396204
4.715 2.01872063342 -0.105928063784
4.72 2.01818020404 -0.110205576246
4.725 2.01761894844 -0.1142606217
4.73 2.01703794863 -0.118105213309
4.735 2.01643822849 -0.121750724472
4.74 2.0158207564 -0.125207920288
4.745 2.01518644808 -0.128486988475
4.75 2.01453616923 -0.131597568689
4.755 2.01387073899 -0.134548783493
4.76 2.0131909336 -0.137349269509
4.765 2.01249748612 -0.14000719339
4.77 2.01179108939 -0.142530278583
4.775 2.01107239799 -0.144925827539
4.78 2.01034203225 -0.147200754163
4.785 2.00960057946 -0.149361600899
4.79 2.00884859475 -0.151414553518
4.795 2.00808660326 -0.153365462566
4.8 2.00731510124 -0.155219860276
4.805 2.0065345579 -0.156982977084
4.81 2.00574541664 -0.158659756391
4.815 2.00494809699 -0.160254874354
4.82 2.00414299665 -0.161772758966
4.825 2.00333049122 -0.163217593457
4.83 2.00251093588 -0.1645933327
4.835 2.00168466676 -0.165903718825
4.84 2.00085200179 -0.16715229041
4.845 2.00001324152 -0.168342392063
4.85 1.99916867018 -0.169477185985
4.855 1.99831855696 -0.170559665645
4.86 1.9974631563 -0.171592659836
4.865 1.99660270869 -0.172578842022
4.87 1.99573744178 -0.173520741855
4.875 1.9948675711 -0.17442075378
4.88 1.99399330038 -0.175281140306
4.885 1.99311482223 -0.176104040503
4.89 1.99223231909 -0.176891479339
4.895 1.99134596346 -0.177645371546
4.9 1.99045591844 -0.178367526985
4.905 1.98956233831 -0.179059657365
4.91 1.98866536924 -0.179723384045
4.915 1.98776514937 -0.180360239293
4.92 1.98686180932 -0.180971671786
4.925 1.98595547276 -0.181559052981
4.93 1.98504625674 -0.182123680949
4.935 1.9841342719 -0.182666782769
4.94 1.9832196229 -0.18318951897
4.945 1.98230240884 -0.183692988982
4.95 1.98138272345 -0.184178232587
4.955 1.98046065534 -0.184646233034
4.96 1.97953628835 -0.185097921006
4.965 1.97860970193 -0.185534178525
4.97 1.9776809711 -0.185955839151
4.975 1.97675016679 -0.186363691104
4.98 1.97581735606 -0.186758480221
4.985 1.97488260258 -0.187140914927
4.99 1.97394596644 -0.187511664557
4.995 1.97300750444 -0.187871362224
5.0 1.97206727027 -0.188220606943
5.005 1.97112531483 -0.188559967354
5.01 1.97018168621 -0.188889981291
5.015 1.96923642983 -0.189211157483
5.02 1.96828958862 -0.189523977204
5.025 1.96734120323 -0.189828897416
5.03 1.96639131212 -0.190126350796
5.035 1.96543995157 -0.190416746563
5.04 1.96448715583 -0.190700471944
5.045 1.96353295735 -0.190977894402
5.05 1.96257738681 -0.191249362387
5.055 1.96162047314 -0.19151520547
5.06 1.96066224364 -0.191775735656
5.065 1.95970272414 -0.192031248775
5.07 1.95874193905 -0.192282025692
5.075 1.95777991138 -0.192528332073
5.08 1.95681666281 -0.192770419488
5.085 1.95585221383 -0.193008526372
5.09 1.9548865838 -0.193242879397
5.095 1.95391979096 -0.193473693022
5.1 1.95295185247 -0.1937011704
5.105 1.95198278451 -0.193925504072
5.11 1.95101260237 -0.194146877238
5.115 1.95004132044 -0.194365463274
5.12 1.94906895222 -0.194581426376
5.125 1.9480955104 -0.19479492202
5.13 1.9471210069 -0.195006097717
5.135 1.94614545304 -0.195215094382
5.14 1.94516885938 -0.195422045126
5.145 1.94419123582 -0.195627076101
5.15 1.94321259165 -0.195830306852
5.155 1.94223293555 -0.196031850975
5.16 1.94125227574 -0.196231816769
5.165 1.94027061985 -0.196430306647
5.17 1.939287975 -0.196627417731
5.175 1.93830434784 -0.196823242078
5.18 1.93731974458 -0.197017867359
5.185 1.93633417102 -0.197211377086
5.19 1.93534763256 -0.197403850281
5.195 1.93436013416 -0.19759536193
5.2 1.93337168044 -0.197785983148
5.205 1.93238227569 -0.19797578183
5.21 1.93139192388 -0.198164822558
5.215 1.93040062863 -0.198353166544
5.22 1.92940839328 -0.198540871922
5.225 1.92841522088 -0.198727993902
5.23 1.92742111422 -0.19891458522
5.235 1.92642607583 -0.199100695993
5.24 1.925430108 -0.199286373802
5.245 1.92443321276 -0.199471663857
5.25 1.92343539194 -0.199656609142
5.255 1.92243664717 -0.199841250815
5.26 1.92143697988 -0.200025627969
5.265 1.92043639128 -0.200209777767
5.27 1.91943488243 -0.200393735562
5.275 1.91843245419 -0.200577535027
5.28 1.91742910728 -0.20076120842
5.285 1.91642484226 -0.200944786396
5.29 1.91541965954 -0.201128298147
5.295 1.91441355935 -0.201311771479
5.3 1.91340654184 -0.201495232931
5.305 1.912398607 -0.201678707936
5.31 1.9113897547 -0.201862220689
5.315 1.9103799847 -0.202045794269
5.32 1.90936929663 -0.202229450687
5.325 1.90835769002 -0.202413211029
5.33 1.90734516431 -0.202597095444
5.335 1.90633171883 -0.202781123234
5.34 1.90531735281 -0.202965312788
5.345 1.9043020654 -0.203149681689
5.35 1.90328585567 -0.203334246847
5.355 1.90226872259 -0.203519024474
5.36 1.90125066507 -0.203704030022
5.365 1.90023168193 -0.203889278278
5.37 1.8992117719 -0.204074783383
5.375 1.89819093366 -0.204260558869
5.38 1.89716916584 -0.204446617826
5.385 1.89614646697 -0.204632972897
5.39 1.89512283556 -0.204819636154
5.395 1.89409827003 -0.205006619218
5.4 1.89307276877 -0.205193933296
5.405 1.89204633009 -0.205381589212
5.41 1.89101895226 -0.205569597279
5.415 1.88999063349 -0.205757967308
5.42 1.88896137193 -0.205946708911
5.425 1.88793116571 -0.206135831392
5.43 1.88690001291 -0.206325343773
5.435 1.88586791157 -0.206515254823
5.44 1.88483485968 -0.206705572897
5.445 1.88380085516 -0.206896305845
5.45 1.88276589591 -0.207087461476
5.455 1.88172997982 -0.207279047377
5.46 1.8806931047 -0.20747107093
5.465 1.87965526836 -0.207663539329
5.47 1.87861646856 -0.207856459503
5.475 1.87757670302 -0.208049838016
5.48 1.87653596941 -0.208243681391
5.485 1.87549426541 -0.208437995997
5.49 1.87445158864 -0.208632788062
5.495 1.87340793671 -0.208828063684
5.5 1.87236330719 -0.209023828778
5.505 1.8713176976 -0.209220088953
5.51 1.87027110546 -0.209416849805
5.515 1.86922352825 -0.209614116831
5.52 1.86817496343 -0.209811895419
5.525 1.86712540843 -0.210010190871
5.53 1.86607486065 -0.210209008353
5.535 1.86502331747 -0.210408352781
5.54 1.86397077622 -0.210608229098
5.545 1.86291723425 -0.210808642183
5.55 1.86186268886 -0.211009596848
5.555 1.86080713732 -0.211211097852
5.56 1.85975057692 -0.211413149904
5.565 1.85869300488 -0.211615757672
5.57 1.85763441842 -0.211818925568
5.575 1.8565748147 -0.212022657912
5.58 1.8555141909 -0.212226959091
5.585 1.85445254416 -0.212431833449
5.59 1.8533898716 -0.212637285288
5.595 1.85232617034 -0.212843318882
5.6 1.85126143745 -0.213049938475
5.605 1.85019566999 -0.213257148261
5.61 1.849128865 -0.213464952264
5.615 1.84806101949 -0.213673354556
5.62 1.84699213047 -0.213882359203
5.625 1.8459221949 -0.21409197025
5.63 1.84485120975 -0.214302191725
5.635 1.84377917196 -0.214513027643
5.64 1.84270607845 -0.214724482013
5.645 1.84163192611 -0.214936558763
5.65 1.84055671183 -0.215149261768
5.655 1.83948043245 -0.21536259495
5.66 1.83840308482 -0.215576562224
5.665 1.83732466575 -0.215791167497
5.67 1.83624517206 -0.216006414677
5.675 1.83516460052 -0.216222307673
5.68 1.83408294791 -0.216438850385
5.685 1.83300021094 -0.216656046629
5.69 1.83191638635 -0.216873900254
5.695 1.83083147084 -0.217092415128
5.7 1.8297454611 -0.217311595118
5.705 1.82865835378 -0.217531444099
5.71 1.82757014554 -0.217751965949
5.715 1.826480833 -0.217973164555
5.72 1.82539041277 -0.218195043955
5.725 1.82429888143 -0.218417607588
5.73 1.82320623555 -0.218640859642
5.735 1.82211247168 -0.218864804
5.74 1.82101758634 -0.219089444557
5.745 1.81992157606 -0.219314785231
5.75 1.81882443732 -0.219540829955
5.755 1.81772616658 -0.219767582679
5.76 1.8166267603 -0.219995047322
5.765 1.8155262149 -0.22022322784
5.77 1.8144245268 -0.22045212822
5.775 1.81332169238 -0.220681752463
5.78 1.81221770801 -0.220912104588
5.785 1.81111257006 -0.22114318863
5.79 1.81000627484 -0.221375008639
5.795 1.80889881869 -0.221607568684
5.8 1.80779019788 -0.221840872847
5.805 1.80668040869 -0.222074925231
5.81 1.80556944737 -0.222309729965
5.815 1.80445731013 -0.2225452912
5.82 1.80334399317 -0.222781613092
5.825 1.80222949269 -0.223018699817
5.83 1.80111380484 -0.223256555565
5.835 1.79999692578 -0.223495184546
5.84 1.79887885163 -0.223734590984
5.845 1.7977595785 -0.223974779123
5.85 1.79663910247 -0.224215753222
5.855 1.79551741961 -0.224457517557
5.86 1.79439452595 -0.224700076498
5.865 1.79327041748 -0.22494343455
5.87 1.79214509021 -0.225187596115
5.875 1.79101854009 -0.225432565619
5.88 1.78989076309 -0.225678347507
5.885 1.78876175513 -0.225924946249
5.89 1.78763151212 -0.226172366339
5.895 1.78650002995 -0.226420612293
5.9 1.78536730449 -0.22666968865
5.905 1.78423333157 -0.226919599975
5.91 1.78309810701 -0.227170350882
5.915 1.78196162659 -0.227421946149
5.92 1.78082388605 -0.227674390489
5.925 1.77968488114 -0.227927688623
5.93 1.77854460758 -0.228181845302
5.935 1.77740306108 -0.228436865303
5.94 1.7762602373 -0.228692753435
5.945 1.7751161319 -0.228949514534
5.95 1.77397074052 -0.229207153463
5.955 1.77282405876 -0.229465675116
5.96 1.7716760822 -0.229725084421
5.965 1.77052680637 -0.229985386446
5.97 1.76937622677 -0.230246586253
5.975 1.7682243389 -0.230508688901
5.98 1.76707113823 -0.230771699481
5.985 1.76591662022 -0.231035623117
5.99 1.7647607803 -0.231300464965
5.995 1.76360361385 -0.231566230216
6.0 1.76244511627 -0.231832924092
6.005 1.76128528291 -0.232100551848
6.01 1.76012410909 -0.232369118773
6.015 1.75896159009 -0.232638630286
6.02 1.75779772113 -0.232909091871
6.025 1.75663249746 -0.23318050897
6.03 1.75546591428 -0.233452887062
6.035 1.75429796677 -0.233726231664
6.04 1.7531286501 -0.234000548329
6.045 1.7519579594 -0.234275842648
6.05 1.75078588977 -0.234552120249
6.055 1.7496124363 -0.234829386797
6.06 1.74843759404 -0.235107647996
6.065 1.74726135802 -0.235386909585
6.07 1.74608372319 -0.235667177468
6.075 1.74490468446 -0.235948457604
6.08 1.74372423677 -0.236230755911
6.085 1.742542375 -0.236514078347
6.09 1.74135909403 -0.236798430914
6.095 1.74017438869 -0.237083819657
6.1 1.7389882538 -0.237370250662
6.105 1.73780068414 -0.237657730058
6.11 1.73661167446 -0.237946264017
6.115 1.7354212195 -0.238235858754
6.12 1.73422931395 -0.238526520524
6.125 1.73303595242 -0.23881825576
6.13 1.73184112949 -0.23911107094
6.135 1.73064483974 -0.239404972511
6.14 1.72944707772 -0.239699966968
6.145 1.72824783797 -0.239996060855
6.15 1.72704711497 -0.240293260763
6.155 1.72584490318 -0.240591573329
6.16 1.72464119704 -0.24089100524
6.165 1.72343599095 -0.24119156323
6.17 1.72222927927 -0.241493254078
6.175 1.72102105636 -0.241796084617
6.18 1.71981131643 -0.24210006188
6.185 1.7186000537 -0.242405192939
6.19 1.71738726239 -0.242711484836
6.195 1.71617293667 -0.243018944669
6.2 1.71495707069 -0.243327579588
6.205 1.71373965857 -0.243637396797
6.21 1.71252069438 -0.243948403554
6.215 1.71130017218 -0.24426060717
6.22 1.71007808597 -0.244574015008
6.225 1.70885442974 -0.244888634485
6.23 1.70762919743 -0.245204473077
6.235 1.70640238287 -0.245521538497
6.24 1.70517397986 -0.24583983848
6.245 1.70394398221 -0.246159380738
6.25 1.7027123837 -0.246480173046
6.255 1.70147917805 -0.246802223235
6.26 1.70024435898 -0.247125539199
6.265 1.69900792013 -0.24745012889
6.27 1.69776985514 -0.247776000321
6.275 1.6965301576 -0.248103161564
6.28 1.69528882107 -0.248431620751
6.285 1.69404583904 -0.248761386085
6.29 1.69280120488 -0.249092466092
6.295 1.69155491192 -0.249424869274
6.3 1.69030695354 -0.249758604095
6.305 1.68905732306 -0.250093679084
6.31 1.68780601376 -0.250430102837
6.315 1.68655301889 -0.250767884013
6.32 1.68529833165 -0.251107031341
6.325 1.68404194521 -0.251447553613
6.33 1.68278385269 -0.251789459687
6.335 1.6815240472 -0.252132758488
6.34 1.68026252176 -0.252477459007
6.345 1.67899926939 -0.252823570298
6.35 1.67773428307 -0.253171101485
6.355 1.67646755566 -0.253520061884
6.36 1.67519907979 -0.253870461347
6.365 1.67392884821 -0.25422230941
6.37 1.67265685366 -0.254575615632
6.375 1.67138308882 -0.25493038965
6.38 1.67010754634 -0.255286641179
6.385 1.66883021882 -0.255644380007
6.39 1.66755109882 -0.256003616004
6.395 1.66627017885 -0.256364359113
6.4 1.66498745138 -0.256726619355
6.405 1.66370290883 -0.25709040683
6.41 1.66241654358 -0.257455731712
6.415 1.66112834798 -0.257822604253
6.42 1.6598383143 -0.258191034784
6.425 1.65854643462 -0.258561034093
6.43 1.65725270089 -0.258932613203
6.435 1.65595710518 -0.259305782856
6.44 1.65465963953 -0.259680553886
6.445 1.6533602959 -0.260056937214
6.45 1.65205906621 -0.260434943853
6.455 1.65075594234 -0.260814584903
6.46 1.64945091611 -0.261195871551
6.465 1.6481439793 -0.261578815079
6.47 1.64683512363 -0.261963426852
6.475 1.64552434077 -0.262349718327
6.48 1.64421162235 -0.262737701052
6.485 1.64289695994 -0.263127386659
6.49 1.64158034503 -0.26351878693
6.495 1.64026176878 -0.263911914408
6.5 1.63894122243 -0.264306781383
6.505 1.63761869724 -0.264703400071
6.51 1.63629418444 -0.265101782792
6.515 1.63496767518 -0.265501941966
6.52 1.63363916057 -0.265903890121
6.525 1.63230863165 -0.266307639885
6.53 1.63097607941 -0.266713203992
6.535 1.62964149479 -0.267120595277
6.54 1.62830486866 -0.267529826683
6.545 1.62696619183 -0.267940911251
6.55 1.62562545509 -0.268353862129
6.555 1.62428264912 -0.268768692569
6.56 1.62293776446 -0.26918541623
6.565 1.62159079129 -0.269604047511
6.57 1.62024172001 -0.270024600282
6.575 1.618890541 -0.270447088491
6.58 1.61753724455 -0.270871526208
6.585 1.61618182088 -0.271297927624
6.59 1.61482426017 -0.271726307053
6.595 1.61346455252 -0.272156678927
6.6 1.61210268796 -0.272589057804
6.605 1.61073865648 -0.27302345836
6.61 1.60937244798 -0.273459895394
6.615 1.60800405231 -0.273898383826
6.62 1.60663345926 -0.274338938697
6.625 1.60526065854 -0.274781575176
6.63 1.60388563951 -0.275226309262
6.635 1.60250839146 -0.275673157084
6.64 1.60112890379 -0.276122134502
6.645 1.59974716581 -0.276573257526
6.65 1.59836316675 -0.277026542312
6.655 1.59697689579 -0.277482005162
6.66 1.59558834202 -0.277939662528
6.665 1.59419749444 -0.278399531008
6.67 1.592804342 -0.278861627347
6.675 1.59140887357 -0.279325968438
6.68 1.59001107794 -0.279792571321
6.685 1.58861094371 -0.280261453429
6.69 1.58720845923 -0.280732632733
6.695 1.58580361297 -0.281206126946
6.7 1.58439639331 -0.281681953935
6.705 1.58298678856 -0.282160131728
6.71 1.58157478693 -0.282640678517
6.715 1.58016037656 -0.283123612662
6.72 1.57874354552 -0.283608952684
6.725 1.57732428176 -0.284096717272
6.73 1.57590257318 -0.284586925276
6.735 1.57447840759 -0.285079595713
6.74 1.57305177266 -0.285574747901
6.745 1.57162265566 -0.286072402195
6.75 1.57019104395 -0.286572578581
6.755 1.5687569249 -0.28707529709
6.76 1.56732028573 -0.287580577945
6.765 1.56588111362 -0.288088441557
6.77 1.56443939562 -0.288598908533
6.775 1.56299511871 -0.28911199967
6.78 1.56154826977 -0.289627735954
6.785 1.56009883558 -0.290146138565
6.79 1.55864680283 -0.290667228873
6.795 1.55719215813 -0.29119102846
6.8 1.55573488762 -0.291717559996
6.805 1.55427497742 -0.292246846195
6.81 1.55281241371 -0.292778909583
6.815 1.55134718256 -0.293313772908
6.82 1.54987926992 -0.29385145914
6.825 1.54840866166 -0.294391991471
6.83 1.54693534353 -0.294935393314
6.835 1.54545930118 -0.295481688302
6.84 1.54398052016 -0.296030900291
6.845 1.54249898591 -0.296583053358
6.85 1.54101468376 -0.297138171803
6.855 1.53952759873 -0.297696280745
6.86 1.53803771546 -0.298257406168
6.865 1.53654501879 -0.298821573493
6.87 1.53504949346 -0.299388808383
6.875 1.53355112409 -0.299959136761
6.88 1.53204989518 -0.300532584803
6.885 1.53054579111 -0.301109178945
6.89 1.52903879614 -0.301688945877
6.895 1.52752889441 -0.302271912546
6.9 1.52601606996 -0.302858106157
6.905 1.5245003067 -0.30344755417
6.91 1.5229815883 -0.304040284595
6.915 1.52145989786 -0.304636327036
6.92 1.51993521865 -0.305235710421
6.925 1.51840753392 -0.305838463809
6.93 1.51687682676 -0.306444616555
6.935 1.51534308012 -0.307054198313
6.94 1.51380627685 -0.307667239039
6.945 1.51226639963 -0.308283768986
6.95 1.51072343103 -0.308903818707
6.955 1.50917735347 -0.309527419053
6.96 1.50762814925 -0.310154601176
6.965 1.50607580051 -0.310785396581
6.97 1.50452028878 -0.311419838419
6.975 1.50296159557 -0.312057959824
6.98 1.50139970241 -0.312699793832
6.985 1.49983459065 -0.313345373837
6.99 1.49826624149 -0.313994733599
6.995 1.496694636 -0.314647907237
7.0 1.49511975506 -0.315304929233
7.005 1.49354157942 -0.315965834431
7.01 1.49196008966 -0.316630658038
7.015 1.49037526595 -0.317299436313
7.02 1.48878708823 -0.317972206048
7.025 1.48719553648 -0.318649003968
7.03 1.48560059046 -0.319329867201
7.035 1.4840022298 -0.320014833278
7.04 1.48240043393 -0.320703940131
7.045 1.48079518213 -0.321397226095
7.05 1.4791864535 -0.322094729907
7.055 1.47757422696 -0.322796490708
7.06 1.47595848107 -0.323502548709
7.065 1.47433919389 -0.324212945389
7.07 1.47271634364 -0.324927721758
7.075 1.47108990831 -0.325646919271
7.08 1.46945986575 -0.326370579846
7.085 1.46782619357 -0.327098745864
7.09 1.46618886923 -0.327831460168
7.095 1.46454786997 -0.328568766066
7.1 1.46290317285 -0.32931070733
7.105 1.46125475461 -0.330057328621
7.11 1.45960259131 -0.330808676447
7.115 1.45794665916 -0.331564796798
7.12 1.45628693421 -0.332325736075
7.125 1.45462339228 -0.333091541211
7.13 1.45295600897 -0.333862259672
7.135 1.45128475969 -0.334637939454
7.14 1.44960961962 -0.335418629087
7.145 1.44793056372 -0.336204377632
7.15 1.44624756668 -0.33699523491
7.155 1.44456060236 -0.337791253084
7.16 1.44286964473 -0.338592483952
7.165 1.44117466759 -0.339398979596
7.17 1.43947564453 -0.340210792708
7.175 1.43777254889 -0.341027976592
7.18 1.43606535376 -0.341850585164
7.185 1.43435403202 -0.342678672952
7.19 1.43263855628 -0.343512295095
7.195 1.43091889889 -0.344351507426
7.2 1.42919503132 -0.345196368419
7.205 1.42746692495 -0.346046936712
7.21 1.4257345511 -0.346903270934
7.215 1.42399788083 -0.347765430421
7.22 1.42225688493 -0.348633475215
7.225 1.42051153392 -0.349507466069
7.23 1.41876179804 -0.350387464438
7.235 1.41700764728 -0.351273532487
7.24 1.41524905133 -0.35216573309
7.245 1.41348597914 -0.353064131423
7.25 1.41171839922 -0.353968793935
7.255 1.40994628007 -0.354879786861
7.26 1.4081695899 -0.355797177277
7.265 1.40638829659 -0.356721033105
7.27 1.40460236772 -0.357651423107
7.275 1.40281177057 -0.358588416891
7.28 1.401016472 -0.359532085104
7.285 1.39921643815 -0.360482500716
7.29 1.39741163501 -0.361439736904
7.295 1.39560202832 -0.362403867534
7.3 1.39378758348 -0.363374967408
7.305 1.39196826554 -0.364353112265
7.31 1.39014403921 -0.365338378781
7.315 1.38831486887 -0.366330844565
7.32 1.38648071823 -0.367330589249
7.325 1.38464155029 -0.368337694679
7.33 1.38279732805 -0.369352242479
7.335 1.38094801412 -0.370374315318
7.34 1.37909357076 -0.371403996935
7.345 1.37723395981 -0.372441372138
7.35 1.37536914278 -0.3734865268
7.355 1.37349908072 -0.374539547993
7.36 1.37162373365 -0.375600526149
7.365 1.36974306136 -0.376669552237
7.37 1.36785702341 -0.377746717797
7.375 1.36596557894 -0.378832115587
7.38 1.36406868665 -0.37992583958
7.385 1.36216630484 -0.381027984966
7.39 1.36025839136 -0.382138648152
7.395 1.35834490424 -0.383257924775
7.4 1.35642579744 -0.384385924313
7.405 1.3545010286 -0.385522743208
7.41 1.3525705533 -0.386668484757
7.415 1.35063432671 -0.387823253533
7.42 1.34869230352 -0.388987155413
7.425 1.34674443799 -0.390160297594
7.43 1.3447906839 -0.391342788651
7.435 1.34283099396 -0.392534740762
7.44 1.34086532029 -0.393736267816
7.445 1.33889361475 -0.394947484372
7.45 1.33691582865 -0.396168506733
7.455 1.33493191268 -0.397399453002
7.46 1.33294181694 -0.398640443116
7.465 1.33094549095 -0.399891598895
7.47 1.32894288356 -0.401153044084
7.475 1.32693394304 -0.40242490438
7.48 1.32491861703 -0.403707307442
7.485 1.32289685249 -0.40500038302
7.49 1.32086859572 -0.40630426296
7.495 1.31883379232 -0.407619081245
7.5 1.31679238724 -0.408944974043
7.505 1.31474432467 -0.410282079748
7.51 1.31268954814 -0.411630539021
7.515 1.31062800042 -0.412990494783
7.52 1.30855962381 -0.414362091632
7.525 1.30648435978 -0.415745476741
7.53 1.304402149 -0.417140799796
7.535 1.30231293141 -0.418548212892
7.54 1.30021664618 -0.419967870568
7.545 1.29811323173 -0.421399929842
7.55 1.29600262567 -0.422844550257
7.555 1.29388476484 -0.42430189391
7.56 1.29175958517 -0.425772126066
7.565 1.2896270217 -0.427255415025
7.57 1.2874870087 -0.428751931384
7.575 1.28533947963 -0.430261848556
7.58 1.28318436705 -0.431785342812
7.585 1.28102160267 -0.433322593326
7.59 1.27885111729 -0.434873782222
7.595 1.27667284084 -0.43643909462
7.6 1.27448670226 -0.438018718932
7.605 1.27229262933 -0.43961284777
7.61 1.270090549 -0.441221676335
7.615 1.26788038728 -0.442845403028
7.62 1.26566206919 -0.444484229608
7.625 1.26343551876 -0.44613836125
7.63 1.26120065899 -0.447808006594
7.635 1.25895741185 -0.449493377805
7.64 1.25670569827 -0.451194690659
7.645 1.25444543783 -0.452912165877
7.65 1.25217654904 -0.454646027835
7.655 1.2498989494 -0.456396504337
7.66 1.24761255527 -0.458163827146
7.665 1.24531728186 -0.459948232058
7.67 1.24301304321 -0.461749958962
7.675 1.24069975218 -0.463569251909
7.68 1.23837732042 -0.465406359179
7.685 1.23604565821 -0.467261534149
7.69 1.2337046743 -0.469135035881
7.695 1.2313542764 -0.471027126949
7.7 1.22899437089 -0.472938074594
7.705 1.22662486284 -0.474868150831
7.71 1.22424565598 -0.476817632538
7.715 1.22185665265 -0.478786801532
7.72 1.21945775382 -0.480775944647
7.725 1.21704885899 -0.482785354086
7.73 1.21462986576 -0.4848153295
7.735 1.21220067045 -0.48686617503
7.74 1.20976116795 -0.488938200025
7.745 1.20731125159 -0.491031719519
7.75 1.20485081316 -0.493147054339
7.755 1.20237974284 -0.495284531196
7.76 1.19989792922 -0.49744448279
7.765 1.19740525926 -0.499627247903
7.77 1.19490161782 -0.501833173619
7.775 1.19238688792 -0.504062614098
7.78 1.1898609511 -0.506315928888
7.785 1.18732368708 -0.50859348434
7.79 1.18477497379 -0.510895653734
7.795 1.18221468729 -0.513222817398
7.8 1.17964270178 -0.51557536283
7.805 1.17705888956 -0.517953684815
7.81 1.17446312078 -0.520358186574
7.815 1.17185526299 -0.522789282127
7.82 1.16923518214 -0.525247391356
7.825 1.1666027421 -0.5277329421
7.83 1.16395780461 -0.530246370525
7.835 1.16130022927 -0.532788121277
7.84 1.15862987348 -0.535358647626
7.845 1.15594659242 -0.537958411621
7.85 1.15325023896 -0.540587884405
7.855 1.15054066303 -0.543247549706
7.86 1.14781771222 -0.545937900383
7.865 1.14508123185 -0.548659438348
7.87 1.14233106472 -0.551412675692
7.875 1.13956705104 -0.554198134892
7.88 1.13678902845 -0.557016349009
7.885 1.13399683187 -0.559867862175
7.89 1.13119029318 -0.562753231198
7.895 1.12836924166 -0.565673023575
7.9 1.12553350377 -0.568627818288
7.905 1.12268290309 -0.571618206222
7.91 1.11981726026 -0.574644790389
7.915 1.11693639298 -0.577708186157
7.92 1.11404011562 -0.58080902283
7.925 1.11112823898 -0.58394794556
7.93 1.10820057097 -0.587125611111
7.935 1.10525691623 -0.590342690022
7.94 1.10229707607 -0.593599866987
7.945 1.09932084841 -0.596897841129
7.95 1.0963280277 -0.600237326284
7.955 1.0933184044 -0.603619053914
7.96 1.09029176509 -0.607043772468
7.965 1.0872478929 -0.610512244831
7.97 1.08418656719 -0.614025250384
7.975 1.08110756343 -0.61758358534
7.98 1.07801065312 -0.621188063076
7.985 1.07489560375 -0.624839514661
7.99 1.0717621779 -0.628538793525
7.995 1.06861013401 -0.632286771281
8.0 1.06543922639 -0.63608433756
8.005 1.06224920491 -0.639932401684
8.01 1.05903981493 -0.643831893075
8.015 1.0558107972 -0.64778376165
8.02 1.05256188765 -0.651788979154
8.025 1.0492928164 -0.655848544642
8.03 1.04600330901 -0.659963477188
8.035 1.04269308609 -0.664134818235
8.04 1.03936186306 -0.668363632822
8.045 1.03600935008 -0.672651010073
8.05 1.03263525189 -0.676998063684
8.055 1.02923926745 -0.681405934511
8.06 1.02582108915 -0.685875794538
8.065 1.022380404 -0.690408840184
8.07 1.01891689305 -0.695006295714
8.075 1.0154302312 -0.699669414064
8.08 1.01192008706 -0.704399477553
8.085 1.00838612242 -0.7091978011
8.09 1.00482799248 -0.714065730772
8.095 1.00124534582 -0.719004643763
8.1 0.997637824151 -0.724015949894
8.105 0.994005062174 -0.729101092324
8.11 0.990346687179 -0.734261549905
8.115 0.986662318255 -0.739498841816
8.12 0.98295156732 -0.744814521261
8.125 0.979214038563 -0.750210178772
8.13 0.975449328238 -0.755687443331
8.135 0.971657024492 -0.761247983303
8.14 0.967836706359 -0.766893512336
8.145 0.963987944167 -0.772625786859
8.15 0.960110299756 -0.778446604711
8.155 0.956203325982 -0.784357808028
8.16 0.95226656653 -0.790361284235
8.165 0.948299555451 -0.796458968768
8.17 0.94430181604 -0.802652851716
8.175 0.940272862151 -0.808944969819
8.18 0.936212197523 -0.815337410424
8.185 0.932119315484 -0.821832313169
8.19 0.927993698732 -0.828431871209
8.195 0.923834818022 -0.835138339037
8.2 0.919642132481 -0.841954030467
8.205 0.915415090147 -0.848881315313
8.21 0.911153127213 -0.855922623837
8.215 0.90685566778 -0.863080448146
8.22 0.90252212329 -0.870357345495
8.225 0.898151890856 -0.877755948263
8.23 0.89374435507 -0.885278952939
8.235 0.889298887184 -0.892929125013
8.24 0.884814844654 -0.900709301569
8.245 0.880291570856 -0.908622392942
8.25 0.875728393646 -0.916671391218
8.255 0.871124625163 -0.924859371359
8.26 0.866479562647 -0.93318948619
8.265 0.861792487484 -0.941664972062
8.27 0.857062664753 -0.950289151421
8.275 0.852289342071 -0.959065439484
8.28 0.847471750055 -0.967997341538
8.285 0.842609101859 -0.977088455642
8.29 0.837700592658 -0.986342475576
8.295 0.832745398621 -0.995763196803
8.3 0.827742675778 -1.00535452306
8.305 0.822691561177 -1.01512045956
8.31 0.8175911718 -1.02506511928
8.315 0.812440604039 -1.03519272596
8.32 0.807238931859 -1.04550762442
8.325 0.801985207288 -1.05601427792
8.33 0.796678460295 -1.06671726893
8.335 0.791317697905 -1.07762130415
8.34 0.785901903259 -1.08873121973
8.345 0.780430033653 -1.10005199196
8.35 0.774901022018 -1.11158872955
8.355 0.76931377575 -1.12334668011
8.36 0.763667175787 -1.13533123516
8.365 0.75796007571 -1.14754793508
8.37 0.752191299279 -1.16000248175
8.375 0.746359642929 -1.17270072656
8.38 0.740463873702 -1.18564868113
8.385 0.734502728355 -1.19885252203
8.39 0.728474910516 -1.21231860417
8.395 0.722379092404 -1.22605345394
8.4 0.716213913697 -1.24006377506
8.405 0.709977980342 -1.25435645463
8.41 0.703669863667 -1.26893856789
8.415 0.697288099026 -1.28381738415
8.42 0.690831183595 -1.29900037492
8.425 0.684297577339 -1.3144952143
8.43 0.677685701256 -1.33030978609
8.435 0.670993936161 -1.34645218974
8.44 0.664220621512 -1.3629307461
8.445 0.657364055016 -1.37975399635
8.45 0.650422492038 -1.39693070242
8.455 0.643394142982 -1.41446986499
8.46 0.636277172772 -1.43238072301
8.465 0.62906969967 -1.45067275866
8.47 0.621769793484 -1.46935570252
8.475 0.614375474676 -1.4884395385
8.48 0.606884713251 -1.50793450881
8.485 0.599295427283 -1.52785111904
8.49 0.591605481629 -1.54820014132
8.495 0.583812686945 -1.56899260801
8.5 0.575914797875 -1.59023982845
8.505 0.567909511752 -1.61195339038
8.51 0.559794467219 -1.63414516262
8.515 0.551567242963 -1.65682729237
8.52 0.543225356463 -1.68001220142
8.525 0.534766262151 -1.70371260243
8.53 0.526187350103 -1.72794149523
8.535 0.517485944566 -1.75271216791
8.54 0.508659303092 -1.77803817833
8.545 0.499704614751 -1.80393336322
8.55 0.490618998394 -1.8304118455
8.555 0.481399501355 -1.8574880264
8.56 0.472043098119 -1.88517657926
8.565 0.462546690069 -1.91349241709
8.57 0.452907103125 -1.94245070906
8.575 0.443121086557 -1.97206686875
8.58 0.433185311986 -2.00235653798
8.585 0.42309637262 -2.03333556681
8.59 0.41285078154 -2.06502000863
8.595 0.402444970737 -2.09742610173
8.6 0.391875291001 -2.13057023115
8.605 0.381138011573 -2.16446889495
8.61 0.370229318091 -2.19913870606
8.615 0.359145312478 -2.23459635218
8.62 0.347882014225 -2.2708585327
8.625 0.336435359456 -2.30794193288
8.63 0.32480120009 -2.34586319533
8.635 0.312975304597 -2.38463886288
8.64 0.300953361039 -2.42428527926
8.645 0.28873097555 -2.46481857056
8.65 0.27630367327 -2.50625458161
8.655 0.263666900589 -2.54860878974
8.66 0.250816029931 -2.59189617695
8.665 0.237746359274 -2.63613118537
8.67 0.22445311572 -2.68132760725
8.675 0.210931459795 -2.72749846512
8.68 0.197176488305 -2.77465590806
8.685 0.183183238993 -2.8228110819
8.69 0.168946698767 -2.87197394539
8.695 0.154461807007 -2.92215315669
8.7 0.139723462375 -2.97335590795
8.705 0.124726533565 -3.02558771075
8.71 0.109465865537 -3.07885223123
8.715 0.093936288646 -3.13315108876
8.72 0.0781326328197 -3.18848359547
8.725 0.062049737108 -3.24484654271
8.73 0.0456824616582 -3.30223395782
8.735 0.0290257061813 -3.36063679871
8.74 0.012074423754 -3.42004268194
8.745 -0.00517636378451 -3.48043559197
8.75 -0.0227315427829 -3.54179553582
8.755 -0.0405958885334 -3.60409820993
8.76 -0.0587740457173 -3.6673146561
8.765 -0.0772705002465 -3.73141088548
8.77 -0.0960895535872 -3.7963474917
8.775 -0.115235298302 -3.86207924843
8.78 -0.134711584515 -3.92855471908
8.785 -0.154521987092 -3.9957158412
8.79 -0.174669775332 -4.06349746083
8.795 -0.195157874009 -4.13182695295
8.8 -0.215988823447 -4.20062382786
8.805 -0.237164742293 -4.26979919966
8.81 -0.258687283446 -4.33925543462
8.815 -0.280557588121 -4.40888586694
8.82 -0.302776239995 -4.47857430282
8.825 -0.32534321857 -4.54819474229
8.83 -0.348257847876 -4.61761101863
8.835 -0.371518745422 -4.68667660802
8.84 -0.39512376994 -4.75523449596
8.845 -0.41906996658 -4.82311691699
8.85 -0.443353517987 -4.8901454921
8.855 -0.467969685629 -4.95613110923
8.86 -0.492912760641 -5.02087420793
8.865 -0.518176010877 -5.08416503232
8.87 -0.543751627582 -5.14578393171
8.875 -0.569630685905 -5.20550211492
8.88 -0.595803089152 -5.26308209588
8.885 -0.622257538451 -5.31827875542
8.89 -0.648981490155 -5.37084026172
8.895 -0.675961124283 -5.42050924019
8.9 -0.703181330091 -5.46702429339
8.905 -0.730625675327 -5.51012141328
8.91 -0.758276406925 -5.54953576139
8.915 -0.786114452457 -5.5850036348
8.92 -0.81411942933 -5.6162646248
8.925 -0.842269661927 -5.64306358339
8.93 -0.870542216296 -5.66515305623
8.935 -0.898912946899 -5.68229584877
8.94 -0.927356554544 -5.69426760691
8.945 -0.955846654263 -5.70085923779
8.95 -0.984355859379 -5.70187950336
8.955 -1.01285587725 -5.69715763476
8.96 -1.04131761728 -5.68654579933
8.965 -1.06971131205 -5.66992141894
8.97 -1.09800664889 -5.64718929923
8.975 -1.12617291292 -5.61828362328
8.98 -1.15417913516 -5.58316959263
8.985 -1.18199425481 -5.54184481237
8.99 -1.20958728072 -5.4943402904
8.995 -1.2369274636 -5.44072106354
9.0 -1.26398446307 -5.38108646142
9.005 -1.29072852227 -5.31556984586
9.01 -1.31713063394 -5.24433806076
9.015 -1.34316270736 -5.16759027042
9.02 -1.36879772512 -5.08555658218
9.025 -1.39400989367 -4.998496054
9.03 -1.41877478298 -4.90669453207
9.035 -1.44306945328 -4.81046198304
9.04 -1.46687256959 -4.71012966751
9.045 -1.49016449954 -4.60604700174
9.05 -1.51292739659 -4.49857825881
9.055 -1.5351452658 -4.38809918318
9.06 -1.55680401174 -4.27499346934
9.065 -1.57789147126 -4.15964934355
9.07 -1.59839742482 -4.0424560943
9.075 -1.6183135972 -3.9238008092
9.08 -1.63763363419 -3.80406521529
9.085 -1.656353073 -3.683622732
9.09 -1.67446928931 -3.56283581609
9.095 -1.69198144049 -3.44205347127
9.1 -1.70889038923 -3.321609203
9.105 -1.7251986243 -3.20181909578
9.11 -1.74091016738 -3.08298040226
9.115 -1.75603047716 -2.96537025117
9.12 -1.77056634566 -2.84924483789
9.125 -1.78452579212 -2.73483876685
9.13 -1.79791795436 -2.62236477795
9.135 -1.8107529788 -2.5120136696
9.14 -1.82304191154 -2.40395448059
9.145 -1.83479659019 -2.29833489596
9.15 -1.84602953841 -2.19528179927
9.155 -1.85675386416 -2.0949020395
9.16 -1.86698316075 -1.99728326888
9.165 -1.87673141457 -1.90249494514
9.17 -1.88601291504 -1.81058937203
9.175 -1.89484217357 -1.72160282509
9.18 -1.90323384425 -1.63555671269
9.185 -1.91120265446 -1.55245873958
9.19 -1.91876333744 -1.47230410867
9.195 -1.92593057437 -1.3950766636
9.2 -1.93271893904 -1.32075006189
9.205 -1.93914285083 -1.24928885727
9.21 -1.94521653105 -1.18064959191
9.215 -1.95095396603 -1.11478179275
9.22 -1.9563688741 -1.05162894923
9.225 -1.96147467785 -0.991129407295
9.23 -1.96628448056 -0.933217217861
9.235 -1.97081104658 -0.87782291661
9.24 -1.97506678592 -0.824874226721
9.245 -1.97906374144 -0.774296747253
9.25 -1.98281357949 -0.726014543848
9.255 -1.98632758444 -0.679950665428
9.26 -1.98961665448 -0.636027643705
9.265 -1.9926912998 -0.594167935869
9.27 -1.99556164392 -0.55429427524
9.275 -1.99823742497 -0.516330046025
9.28 -2.00072800049 -0.48019954304
9.285 -2.00304235228 -0.445828236411
9.29 -2.00518909277 -0.413142988494
9.295 -2.00717647269 -0.382072225691
9.3 -2.00901238918 -0.352546095868
9.305 -2.01070439457 -0.324496584985
9.31 -2.01225970588 -0.297857616833
9.315 -2.01368521475 -0.272565124992
9.32 -2.01498749771 -0.248557104159
9.325 -2.01617282654 -0.225773648866
9.33 -2.01724717869 -0.204156971676
9.335 -2.018216248 -0.183651410153
9.34 -2.01908545529 -0.164203419833
9.345 -2.01985995892 -0.145761557623
9.35 -2.02054466531 -0.128276457171
9.355 -2.02114423907 -0.111700795013
9.36 -2.02166311328 -0.0959892511849
9.365 -2.02210549936 -0.0810984647761
9.37 -2.02247539666 -0.0669869857005
9.375 -2.02277660197 -0.0536152213713
9.38 -2.02301271864 -0.0409453821783
9.385 -2.02318716546 -0.0289414241308
9.39 -2.0233031853 -0.0175689902519
9.395 -2.02336385326 -0.00679535273214
9.4 -2.02337208479 0.0034106480814
9.405 -2.02333064333 0.0130786626505
9.41 -2.02324214772 0.0222368913044
9.415 -2.0231090793 0.0309121436321
9.42 -2.02293378871 0.0391298953021
9.425 -2.02271850243 0.046914345463
9.43 -2.02246532905 0.0542884722264
9.435 -2.02217626517 0.0612740859696
9.44 -2.02185320116 0.0678918829165
9.445 -2.02149792659 0.0741614956695
9.45 -2.02111213542 0.0801015428042
9.455 -2.02069743096 0.0857296769848
9.46 -2.02025533057 0.091062630408
9.465 -2.01978727015 0.0961162597818
9.47 -2.01929460843 0.10090558888
9.475 -2.018778631 0.10544484938
9.48 -2.01824055421 0.109747520563
9.485 -2.0176815288 0.113826366682
9.49 -2.0171026434 0.117693473217
9.495 -2.01650492786 0.121360281376
9.5 -2.01588935632 0.124837620746
9.505 -2.01525685029 0.128135741379
9.51 -2.01460828139 0.13126434381
9.515 -2.01394447405 0.134232606293
9.52 -2.01326620805 0.137049213429
9.525 -2.01257422094 0.139722382249
9.53 -2.01186921031 0.142259885644
9.535 -2.01115183592 0.144669076372
9.54 -2.01042272178 0.146956909832
9.545 -2.00968245809 0.149129964763
9.55 -2.00893160303 0.151194463221
9.555 -2.00817068454 0.153156290006
9.56 -2.00740020194 0.155021010626
9.565 -2.00662062748 0.156793888386
9.57 -2.0058324078 0.158479900774
9.575 -2.00503596537 0.160083754876
9.58 -2.00423169974 0.161609901877
9.585 -2.00341998881 0.16306255105
9.59 -2.00260119005 0.164445682905
9.595 -2.00177564155 0.165763061425
9.6 -2.00094366307 0.167018245945
9.605 -2.0001055571 0.168214602413
9.61 -1.99926160977 0.169355313742
9.615 -1.99841209167 0.170443389735
9.62 -1.99755725882 0.171481676778
9.625 -1.99669735338 0.172472866634
9.63 -1.99583260439 0.173419504669
9.635 -1.99496322853 0.174323998224
9.64 -1.99408943081 0.175188624156
9.645 -1.99321140513 0.176015535553
9.65 -1.9923293349 0.176806768702
9.655 -1.99144339367 0.177564249705
9.66 -1.99055374561 0.178289800383
9.665 -1.989660546 0.178985143654
9.67 -1.98876394178 0.179651909374
9.675 -1.98786407195 0.180291639401
9.68 -1.986961068 0.18090579213
9.685 -1.98605505434 0.181495747112
9.69 -1.98514614866 0.18206280961
9.695 -1.98423446233 0.182608214571
9.7 -1.98332010066 0.183133130166
9.705 -1.98240316332 0.183638661769
9.71 -1.98148374459 0.184125855383
9.715 -1.98056193368 0.18459570072
9.72 -1.97963781493 0.185049134241
9.725 -1.97871146819 0.185487042271
9.73 -1.97778296898 0.185910263682
9.735 -1.97685238871 0.186319592242
9.74 -1.97591979495 0.186715779292
9.745 -1.97498525162 0.187099536077
9.75 -1.97404881918 0.187471535834
9.755 -1.97311055479 0.187832415772
9.76 -1.97217051254 0.188182779226
9.765 -1.97122874357 0.18852319744
9.77 -1.97028529623 0.188854211103
9.775 -1.96934021625 0.189176332241
9.78 -1.96839354687 0.189490045832
9.785 -1.967445329 0.189795811293
9.79 -1.96649560128 0.19009406339
9.795 -1.96554440021 0.190385213871
9.8 -1.96459176033 0.190669652851
9.805 -1.96363771426 0.19094774984
9.81 -1.96268229283 0.191219854943
9.815 -1.96172552518 0.19148629983
9.82 -1.96076743881 0.191747398593
9.825 -1.95980805967 0.192003448632
9.83 -1.95884741229 0.192254732005
9.835 -1.95788551987 0.192501516339
9.84 -1.95692240424 0.1927440549
9.845 -1.95595808603 0.19298258756
9.85 -1.95499258468 0.193217341778
9.855 -1.95402591855 0.193448533618
9.86 -1.95305810496 0.193676367552
9.865 -1.95208916018 0.193901037293
9.87 -1.95111909957 0.194122726509
9.875 -1.95014793759 0.194341609817
9.88 -1.94917568789 0.194557852525
9.885 -1.94820236324 0.194771611293
9.89 -1.94722797568 0.194983034662
9.895 -1.94625253654 0.195192263919
9.9 -1.94527605648 0.195399432918
9.905 -1.94429854545 0.195604668553
9.91 -1.94332001282 0.195808091182
9.915 -1.94234046738 0.196009815377
9.92 -1.94135991736 0.19620994971
9.925 -1.94037837044 0.196408597091
9.93 -1.93939583378 0.196605855063
9.935 -1.93841231408 0.196801816179
9.94 -1.93742781763 0.196996568987
9.945 -1.93644235027 0.197190197267
9.95 -1.93545591742 0.197382780473
9.955 -1.9344685241 0.197574393987
9.96 -1.93348017497 0.197765109428
9.965 -1.93249087437 0.197954995229
9.97 -1.93150062629 0.198144116199
9.975 -1.9305094344 0.198332533854
9.98 -1.92951730205 0.19852030659
9.985 -1.92852423231 0.198707489963
9.99 -1.92753022803 0.1988941371
9.995 -1.92653529176 0.199080298324
