0.0 -2.0 0.0
0.005 -1.99997507375 0.0099625623864
0.01 -1.99990051656 0.0198504417453
0.015 -1.99977668023 0.0296639557786
0.02 -1.9996039774 0.0394034843632
0.025 -1.99938276428 0.0490693788922
0.03 -1.99911340502 0.0586620080754
0.035 -1.9987962649 0.0681817579006
0.04 -1.99843170754 0.0776290236996
0.045 -1.99802009436 0.0870042132851
0.05 -1.99756178456 0.0963077453624
0.055 -1.99705713551 0.10554004985
0.06 -1.99650650218 0.114701567691
0.065 -1.99591023756 0.123792744054
0.07 -1.99526869188 0.132814040305
0.075 -1.99458221313 0.141765925953
0.08 -1.9938511474 0.150648872077
0.085 -1.99307583829 0.159463362407
0.09 -1.99225662692 0.168209888208
0.095 -1.99139385173 0.176888945911
0.1 -1.99048784886 0.185501041003
0.105 -1.98953895196 0.19404668545
0.11 -1.98854749179 0.202526394875
0.115 -1.98751379684 0.21094069364
0.12 -1.98643819286 0.219290110583
0.125 -1.98532100279 0.227575177883
0.13 -1.98416254708 0.235796434858
0.135 -1.9829631435 0.243954425732
0.14 -1.98172310708 0.252049699096
0.145 -1.98044275009 0.260082807313
0.15 -1.97912238206 0.268054305734
0.155 -1.97776230963 0.275964752725
0.16 -1.97636283653 0.283814708996
0.165 -1.97492426356 0.291604737091
0.17 -1.97344688868 0.299335402065
0.175 -1.97193100765 0.307007276751
0.18 -1.97037691309 0.314620933505
0.185 -1.96878489463 0.322176945783
0.19 -1.967155239 0.329675888475
0.195 -1.96548823003 0.337118337763
0.2 -1.96378414886 0.344504872365
0.205 -1.96204327365 0.351836071555
0.21 -1.9602658796 0.35911251507
0.215 -1.95845223902 0.366334783125
0.22 -1.95660262124 0.373503456211
0.225 -1.95471729287 0.380619115898
0.23 -1.95279651757 0.387682343705
0.235 -1.95084055602 0.394693720708
0.24 -1.94884966601 0.401653827594
0.245 -1.9468241024 0.4085632446
0.25 -1.94476411715 0.415422551498
0.255 -1.94266995948 0.422232328149
0.26 -1.94054187557 0.428993152785
0.265 -1.93838010873 0.435705602557
0.27 -1.93618489934 0.442370253342
0.275 -1.93395648497 0.448987680304
0.28 -1.93169510041 0.455558457603
0.285 -1.92940097747 0.462083157279
0.29 -1.92707434508 0.468562349668
0.295 -1.92471542934 0.474996603276
0.3 -1.92232445348 0.481386484667
0.305 -1.91990163788 0.487732558353
0.31 -1.91744720011 0.494035386878
0.315 -1.91496135503 0.500295531503
0.32 -1.91244431465 0.506513550906
0.325 -1.90989628822 0.512690001483
0.33 -1.90731748222 0.518825437405
0.335 -1.9047081004 0.524920410597
0.34 -1.9020683438 0.530975470713
0.345 -1.89939841078 0.536991165118
0.35 -1.89669849668 0.542968036955
0.355 -1.89396879412 0.548906626499
0.36 -1.89120949314 0.554807472146
0.365 -1.88842078115 0.560671109535
0.37 -1.88560284285 0.566498071518
0.375 -1.88275586034 0.572288888132
0.38 -1.87988001308 0.578044086584
0.385 -1.87697547788 0.583764190896
0.39 -1.87404242881 0.589449721226
0.395 -1.87108103741 0.595101195243
0.4 -1.86809147269 0.600719127572
0.405 -1.86507390108 0.606304029718
0.41 -1.86202848647 0.611856410042
0.415 -1.85895539022 0.617376773747
0.42 -1.8558547712 0.622865622847
0.425 -1.85272678568 0.628323455775
0.43 -1.84957158748 0.633750767768
0.435 -1.84638932799 0.639148050891
0.44 -1.84318015612 0.644515793923
0.445 -1.83994421836 0.649854482348
0.45 -1.8366816588 0.655164598348
0.455 -1.83339261912 0.660446620806
0.46 -1.8300772386 0.665701025145
0.465 -1.82673565411 0.670928283232
0.47 -1.8233680002 0.676128863759
0.475 -1.81997440911 0.681303232068
0.48 -1.81655501074 0.686451850146
0.485 -1.8131099327 0.691575176635
0.49 -1.80963930031 0.696673666837
0.495 -1.80614323665 0.701747772703
0.5 -1.80262186247 0.706797942539
0.505 -1.79907529636 0.711824621446
0.51 -1.79550365464 0.7168282512
0.515 -1.79190705148 0.721809270243
0.52 -1.78828559883 0.726768113693
0.525 -1.78463940652 0.731705213364
0.53 -1.78096858219 0.736620997774
0.535 -1.77727323134 0.74151589197
0.54 -1.77355345735 0.746390317608
0.545 -1.76980936152 0.751244693216
0.55 -1.76604104305 0.756079434062
0.555 -1.76224859908 0.760894952167
0.56 -1.75843212472 0.765691656328
0.565 -1.75459171302 0.770469952136
0.57 -1.75072745504 0.775230241996
0.575 -1.74683943981 0.779972925151
0.58 -1.7429277544 0.784698397686
0.585 -1.73899248387 0.789407052246
0.59 -1.73503371132 0.794099278391
0.595 -1.73105151793 0.798775462649
0.6 -1.72704598295 0.803435988435
0.605 -1.72301718372 0.808081236063
0.61 -1.71896519567 0.812711582761
0.615 -1.71489009237 0.817327402683
0.62 -1.71079194549 0.821929066922
0.625 -1.70667082488 0.826516943522
0.63 -1.70252679853 0.831091397574
0.635 -1.6983599327 0.835652791709
0.64 -1.69417029182 0.840201485341
0.645 -1.68995793849 0.844737834889
0.65 -1.68572293355 0.849262193869
0.655 -1.68146533607 0.853774912912
0.66 -1.67718520338 0.858276339781
0.665 -1.67288259107 0.86276681939
0.67 -1.668557553 0.867246693816
0.675 -1.66421014134 0.871716302318
0.68 -1.65984040655 0.876175981516
0.685 -1.65544839751 0.880626065618
0.69 -1.65103416134 0.885066885851
0.695 -1.64659774356 0.889498770737
0.7 -1.64213918802 0.893922046129
0.705 -1.63765853696 0.898337035233
0.71 -1.63315583101 0.902744058628
0.715 -1.62863110919 0.907143434286
0.72 -1.62408440895 0.911535477591
0.725 -1.61951576615 0.915920501362
0.73 -1.61492521512 0.920298815988
0.735 -1.61031278866 0.924670729401
0.74 -1.60567851799 0.929036546962
0.745 -1.60102243286 0.933396571568
0.75 -1.59634456146 0.937751103671
0.755 -1.59164493051 0.9421004413
0.76 -1.58692356525 0.946444880082
0.765 -1.58218048942 0.950784713257
0.77 -1.57741572534 0.955120231703
0.775 -1.57262929383 0.959451723955
0.78 -1.56782121433 0.963779476291
0.785 -1.56299150483 0.968103772675
0.79 -1.5581401819 0.97242489477
0.795 -1.55326726071 0.976743121977
0.8 -1.54837275505 0.981058731452
0.805 -1.54345667731 0.985371998125
0.81 -1.53851903853 0.989683194716
0.815 -1.53355984838 0.993992591754
0.82 -1.52857911518 0.99830045759
0.825 -1.52357684591 1.00260705842
0.83 -1.51855304626 1.00691265835
0.835 -1.51350772057 1.01121751932
0.84 -1.50844087188 1.01552190118
0.845 -1.50335250194 1.01982606166
0.85 -1.49824261122 1.02413025642
0.855 -1.49311119892 1.02843473906
0.86 -1.48795826296 1.03273976111
0.865 -1.48278380002 1.03704557206
0.87 -1.47758780553 1.04135241937
0.875 -1.47237027369 1.0456605485
0.88 -1.4671311975 1.04997020293
0.885 -1.46187056872 1.05428162411
0.89 -1.45658837792 1.05859505151
0.895 -1.45128461448 1.06291072264
0.9 -1.44595926658 1.06722887301
0.905 -1.44061232125 1.07154973622
0.91 -1.43524376433 1.07587354386
0.915 -1.42985358053 1.08020052563
0.92 -1.42444175341 1.08453090925
0.925 -1.4190082654 1.08886492056
0.93 -1.41355309781 1.09320278347
0.935 -1.40807623083 1.09754471995
0.94 -1.40257764354 1.10189095006
0.945 -1.39705731392 1.10624169192
0.95 -1.39151521889 1.11059716177
0.955 -1.38595133425 1.11495757392
0.96 -1.38036563477 1.11932314077
0.965 -1.37475809414 1.1236940728
0.97 -1.36912868501 1.12807057861
0.975 -1.36347737898 1.13245286484
0.98 -1.35780414663 1.13684113626
0.985 -1.35210895752 1.14123559569
0.99 -1.34639178019 1.14563644402
0.995 -1.34065258217 1.15004388026
1.0 -1.3348913301 1.15445810156
1.005 -1.32910798956 1.15887930311
1.01 -1.32330252518 1.16330767812
1.015 -1.3174749006 1.16774341783
1.02 -1.31162507855 1.17218671157
1.025 -1.30575302076 1.17663774667
1.03 -1.29985868808 1.18109670849
1.035 -1.2939420404 1.1855637804
1.04 -1.28800303672 1.19003914379
1.045 -1.28204163513 1.194522978
1.05 -1.27605779281 1.19901546037
1.055 -1.27005146608 1.20351676619
1.06 -1.26402261037 1.2080270687
1.065 -1.25797118025 1.21254653904
1.07 -1.25189712946 1.2170753463
1.075 -1.24580041096 1.22161365742
1.08 -1.23968097682 1.22616163721
1.085 -1.2335387783 1.23071944837
1.09 -1.22737376582 1.23528725137
1.095 -1.22118588904 1.23986520451
1.1 -1.21497509681 1.24445346389
1.105 -1.20874133722 1.24905218331
1.11 -1.20248455758 1.25366151435
1.115 -1.19620470446 1.25828160626
1.12 -1.18990172366 1.26291260598
1.125 -1.18357556029 1.26755465808
1.13 -1.17722615871 1.27220790474
1.135 -1.17085346257 1.27687248573
1.14 -1.16445741485 1.28154853837
1.145 -1.15803795788 1.28623619737
1.15 -1.15159503335 1.29093559495
1.155 -1.14512858223 1.29564686078
1.16 -1.13863854487 1.30037012196
1.165 -1.13212486098 1.30510550292
1.17 -1.12558746966 1.30985312541
1.175 -1.11902630939 1.31461310845
1.18 -1.11244131809 1.31938556831
1.185 -1.10583243307 1.32417061842
1.19 -1.0991995911 1.32896836936
1.195 -1.09254272839 1.33377892879
1.2 -1.08586178063 1.33860240142
1.205 -1.07915668298 1.34343888895
1.21 -1.07242737009 1.34828849002
1.215 -1.06567377615 1.35315130012
1.22 -1.05889583496 1.35802741138
1.225 -1.05209347979 1.36291691282
1.23 -1.04526664348 1.36781989019
1.235 -1.03841525846 1.37273642589
1.24 -1.03153925672 1.37766659889
1.245 -1.02463856989 1.38261048469
1.25 -1.01771312923 1.38756815524
1.255 -1.01076286562 1.39253967889
1.26 -1.00378770965 1.39752512029
1.265 -0.996787591549 1.40252454037
1.27 -0.989762441273 1.40753799621
1.275 -0.98271218849 1.41256554102
1.28 -0.97563676261 1.41760722403
1.285 -0.968536092799 1.42266309043
1.29 -0.961410108062 1.42773318118
1.295 -0.954258737258 1.43281753296
1.3 -0.947081909001 1.43791617825
1.305 -0.939879551754 1.44302914517
1.31 -0.932651593851 1.44815645737
1.315 -0.925397963513 1.45329813394
1.32 -0.918118588881 1.45845418933
1.325 -0.91081339803 1.46362463326
1.33 -0.903482318997 1.46880947062
1.335 -0.896125279805 1.47400870135
1.34 -0.888742208485 1.4792223204
1.345 -0.881333033101 1.48445031759
1.35 -0.873897681779 1.48969267749
1.355 -0.866436082728 1.49494937939
1.36 -0.858948164274 1.5002203971
1.365 -0.851433854992 1.50550569885
1.37 -0.843893083594 1.51080524724
1.375 -0.836325778954 1.5161189991
1.38 -0.828731870178 1.5214469054
1.385 -0.821111286629 1.52678891112
1.39 -0.813463957959 1.5321449551
1.395 -0.805789814142 1.53751496996
1.4 -0.798088785501 1.54289888197
1.405 -0.790360802741 1.5482966109
1.41 -0.782605796982 1.55370806991
1.415 -0.77482369979 1.55913316543
1.42 -0.767014443213 1.56457179701
1.425 -0.759177959814 1.57002385721
1.43 -0.751314182704 1.57548923144
1.435 -0.743423045609 1.58096779787
1.44 -0.735504482977 1.58645942753
1.445 -0.727558429841 1.59196398368
1.45 -0.719584821928 1.59748132189
1.455 -0.711583595708 1.60301128989
1.46 -0.703554688429 1.60855372744
1.465 -0.695498038161 1.61410846615
1.47 -0.687413583835 1.61967532934
1.475 -0.679301265283 1.62525413191
1.48 -0.671161023285 1.63084468012
1.485 -0.662992799605 1.63644677151
1.49 -0.654796537042 1.64206019468
1.495 -0.646572179468 1.64768472914
1.5 -0.638319671879 1.65332014514
1.505 -0.630038960435 1.65896620353
1.51 -0.621729992566 1.66462265617
1.515 -0.613392716981 1.67028924534
1.52 -0.605027083664 1.67596570299
1.525 -0.596633043965 1.68165175102
1.53 -0.58821055065 1.68734710108
1.535 -0.579759557952 1.69305145443
1.54 -0.571280021625 1.69876450172
1.545 -0.562771898995 1.70448592284
1.55 -0.554235149018 1.71021538673
1.555 -0.545669732329 1.71595255119
1.56 -0.537075611305 1.72169706268
1.565 -0.528452750118 1.72744855614
1.57 -0.519801114791 1.73320665482
1.575 -0.511120673263 1.73897097006
1.58 -0.50241139544 1.74474110127
1.585 -0.493673253242 1.75051663743
1.59 -0.484906220689 1.7562971542
1.595 -0.476110273967 1.76208221429
1.6 -0.467285391476 1.76787136763
1.605 -0.458431553905 1.77366415124
1.61 -0.449548744289 1.77946008897
1.615 -0.440636948082 1.78525869134
1.62 -0.43169615322 1.79105945533
1.625 -0.422726350193 1.79686186418
1.63 -0.413727532111 1.80266538723
1.635 -0.404699694779 1.80846947963
1.64 -0.395642836768 1.81427358225
1.645 -0.386556959483 1.82007712139
1.65 -0.377442067245 1.82587950859
1.655 -0.368298167301 1.83168014146
1.66 -0.359125269849 1.83747840431
1.665 -0.349923388304 1.84327366479
1.67 -0.340692539288 1.84906527521
1.675 -0.331432742701 1.85485257241
1.68 -0.322144021797 1.86063487763
1.685 -0.312826403269 1.86641149633
1.69 -0.303479917324 1.87218171798
1.695 -0.294104597765 1.87794481596
1.7 -0.284700482079 1.88370004734
1.705 -0.275267611511 1.88944665273
1.71 -0.265806031156 1.89518385614
1.715 -0.256315789939 1.90091086486
1.72 -0.246796940795 1.90662686923
1.725 -0.237249540799 1.91233104252
1.73 -0.227673651207 1.91802254074
1.735 -0.218069337542 1.92370050254
1.74 -0.20843666968 1.92936404904
1.745 -0.198775721945 1.93501228366
1.75 -0.189086573196 1.94064429206
1.755 -0.179369306918 1.94625914192
1.76 -0.169624011315 1.95185588285
1.765 -0.159850779405 1.95743354624
1.77 -0.150049709067 1.96299114563
1.775 -0.140220902913 1.96852767916
1.78 -0.130364468769 1.97404212509
1.785 -0.120480519661 1.97953344285
1.79 -0.110569173868 1.98500057351
1.795 -0.10063055502 1.99044243966
1.8 -0.0906647921913 1.99585794539
1.805 -0.0806720199948 2.00124597621
1.81 -0.0706523786797 2.00660539906
1.815 -0.0606060142275 2.01193506222
1.82 -0.0505330784497 2.01723379536
1.825 -0.0404337290853 2.02250040944
1.83 -0.0303081296854 2.0277336976
1.835 -0.0201564496334 2.03293243536
1.84 -0.00997886476544 2.03809537877
1.845 0.000224442806668 2.04322126542
1.85 0.0104532846077 2.04830881453
1.855 0.0207074657049 2.05335672702
1.86 0.0309867846138 2.05836368558
1.865 0.0412910332046 2.06332835479
1.87 0.0516199966076 2.06824938118
1.875 0.0619734531198 2.07312539336
1.88 0.0723511741106 2.07795500217
1.885 0.0827529239403 2.08273680086
1.89 0.0931784602647 2.08746936721
1.895 0.103627533504 2.09215126155
1.9 0.114099886678 2.09678102658
1.905 0.124595255469 2.10135718832
1.91 0.135113368135 2.10587825639
1.915 0.145653945429 2.11034272424
1.92 0.156216700509 2.11474906945
1.925 0.166801338858 2.119095754
1.93 0.177407558197 2.12338122462
1.935 0.18803504841 2.12760391308
1.94 0.198683491454 2.13176223656
1.945 0.209352561425 2.13585459828
1.95 0.220041924998 2.13987938877
1.955 0.230751240352 2.14383498459
1.96 0.241480157444 2.14771974926
1.965 0.252228318007 2.15153203395
1.97 0.262995355489 2.1552701779
1.975 0.27378089499 2.15893250897
1.98 0.284584553204 2.16251734415
1.985 0.295405938356 2.16602299011
1.99 0.306244650152 2.1694477438
1.995 0.317100279721 2.17278989304
2.0 0.327972409564 2.17604771714
2.005 0.338860613857 2.17921948721
2.01 0.349764458372 2.18230346692
2.015 0.360683499823 2.18529791368
2.02 0.371617286189 2.18820107911
2.025 0.382565356685 2.19101120973
2.03 0.393527241733 2.19372654775
2.035 0.404502462943 2.19634533183
2.04 0.415490533087 2.19886579796
2.045 0.426490956087 2.20128618025
2.05 0.437503226997 2.20360471185
2.055 0.448526831998 2.20581962581
2.06 0.459561248417 2.20792915587
2.065 0.47060594523 2.20993153418
2.07 0.481660382432 2.21182499634
2.075 0.492724011051 2.21360778232
2.08 0.503796273326 2.21527813649
2.085 0.514876602723 2.21683430861
2.09 0.525964423965 2.21827455491
2.095 0.537059153066 2.21959713916
2.1 0.548160197368 2.22080033372
2.105 0.559266955581 2.22188242073
2.11 0.570378817834 2.22284169323
2.115 0.581495165726 2.22367645631
2.12 0.59261537243 2.22438502701
2.125 0.603738802879 2.22496573182
2.13 0.6148648136 2.22541691504
2.135 0.625992752885 2.22573693734
2.14 0.637121960883 2.22592417659
2.145 0.648251769696 2.22597702896
2.15 0.659381503478 2.22589391019
2.155 0.670510478543 2.22567325671
2.16 0.681638003475 2.22531352688
2.165 0.692763379182 2.22481320231
2.17 0.703885898734 2.22417078953
2.175 0.715004847974 2.22338482051
2.18 0.726119505502 2.22245385416
2.185 0.737229142782 2.22137647766
2.19 0.748333024279 2.22015130777
2.195 0.759430407616 2.21877699215
2.2 0.770520543726 2.21725221063
2.205 0.78160267702 2.2155756766
2.21 0.79267604555 2.21374613757
2.215 0.803739881167 2.21176237111
2.22 0.814793409734 2.20962319398
2.225 0.825835851318 2.20732746166
2.23 0.836866420376 2.20487406864
2.235 0.847884325966 2.20226194961
2.24 0.858888771954 2.19949008064
2.245 0.869878957237 2.19655748038
2.25 0.88085407597 2.1934632112
2.255 0.891813317749 2.19020638021
2.26 0.902755867271 2.18678613876
2.265 0.913680905317 2.18320168565
2.27 0.924587608917 2.17945226801
2.275 0.935475151465 2.17553718194
2.28 0.94634270297 2.17145577359
2.285 0.957189430317 2.16720744014
2.29 0.968014497527 2.16279163079
2.295 0.978817066032 2.15820784772
2.3 0.989596294929 2.15345564692
2.305 1.00035134091 2.14853463651
2.31 1.01108135892 2.14344448044
2.315 1.0217855025 2.13818489944
2.32 1.03246292396 2.13275567103
2.325 1.04311277464 2.12715663022
2.33 1.05373420527 2.12138767018
2.335 1.06432636622 2.11544874285
2.34 1.07488840784 2.10933985953
2.345 1.08541948075 2.10306109141
2.35 1.09591873551 2.0966125695
2.355 1.10638532356 2.08999448559
2.36 1.11681839767 2.08320709275
2.365 1.12721711206 2.07625070552
2.37 1.13758062268 2.06912570013
2.375 1.14790808754 2.06183251473
2.38 1.15819866706 2.05437164958
2.385 1.16845152434 2.04674366713
2.39 1.1786658255 2.03894919205
2.395 1.1888407396 2.03098891225
2.4 1.19897543923 2.02286357813
2.405 1.20906910109 2.01457400184
2.41 1.21912090613 2.00612105757
2.415 1.22913003984 1.99750568138
2.42 1.23909569257 1.98872887086
2.425 1.24901705986 1.97979168479
2.43 1.25889334272 1.97069524268
2.435 1.26872374799 1.96144072432
2.44 1.27850748827 1.95202937163
2.445 1.28824378235 1.94246248739
2.45 1.29793185594 1.93274143157
2.455 1.3075709417 1.92286762246
2.46 1.31716027952 1.91284253593
2.465 1.32669911685 1.90266770466
2.47 1.33618670895 1.89234471721
2.475 1.34562231917 1.88187521709
2.48 1.3550052193 1.87126090178
2.485 1.36433468959 1.86050352459
2.49 1.37361001911 1.84960489423
2.495 1.3828305062 1.83856686781
2.5 1.39199545861 1.82739135273
2.505 1.40110419378 1.81608030554
2.51 1.41015603904 1.80463573068
2.515 1.41915033186 1.79305967915
2.52 1.42808642009 1.78135424712
2.525 1.43696366219 1.76952157452
2.53 1.44578142743 1.75756384576
2.535 1.45453909608 1.74548329052
2.54 1.46323605968 1.73328217608
2.545 1.47187172116 1.72096280863
2.55 1.48044549509 1.70852753192
2.555 1.48895680782 1.69597872574
2.56 1.49740509766 1.68331880445
2.565 1.50578981505 1.67055021538
2.57 1.51411042292 1.6576754365
2.575 1.52236639664 1.64469697554
2.58 1.53055722412 1.63161736844
2.585 1.53868240603 1.61843917744
2.59 1.54674145592 1.60516498932
2.595 1.55473390031 1.59179741372
2.6 1.56265927882 1.57833908129
2.605 1.57051714432 1.5647926433
2.61 1.57830706301 1.55116077204
2.615 1.58602861446 1.53744615429
2.62 1.59368139168 1.52365149153
2.625 1.6012650012 1.5097794984
2.63 1.60877906312 1.49583290102
2.635 1.61622321117 1.48181443529
2.64 1.62359709273 1.46772684523
2.645 1.63090036917 1.45357288112
2.65 1.63813271562 1.43935529802
2.655 1.64529382089 1.42507685408
2.66 1.65238338758 1.41074030888
2.665 1.65940113205 1.39634842179
2.67 1.66634678448 1.38190395033
2.675 1.67322008877 1.36740964859
2.68 1.68002080263 1.35286826575
2.685 1.68674869764 1.33828254498
2.69 1.69340355898 1.3236552211
2.695 1.69998518544 1.30898901943
2.7 1.70649338941 1.29428665428
2.705 1.7129279968 1.27955082759
2.71 1.71928884696 1.26478422746
2.715 1.7255757926 1.2499895268
2.72 1.73178869996 1.23516938135
2.725 1.73792744851 1.22032642882
2.73 1.7439919308 1.20546328791
2.735 1.74998205238 1.19058255681
2.74 1.75589773173 1.175686812
2.745 1.76173890014 1.16077860705
2.75 1.76750550159 1.14586047154
2.755 1.77319749264 1.13093490968
2.76 1.77881484249 1.11600439836
2.765 1.78435753257 1.10107138769
2.77 1.78982555644 1.08613829946
2.775 1.7952189197 1.07120752619
2.78 1.80053763982 1.05628143019
2.785 1.805781746 1.04136234273
2.79 1.81095127897 1.02645256325
2.795 1.81604629098 1.01155435728
2.8 1.82106684558 0.996669956395
2.805 1.8260130173 0.981801558498
2.81 1.83088489157 0.966951326483
2.815 1.83568256455 0.952121387628
2.82 1.84040614294 0.937313833033
2.825 1.84505574377 0.922530717101
2.83 1.84963149427 0.907774056752
2.835 1.85413353173 0.893045829468
2.84 1.85856200319 0.878347975183
2.845 1.86291706529 0.863682395264
2.85 1.86719888408 0.849050951997
2.855 1.8714076348 0.834455468283
2.86 1.87554350173 0.819897727392
2.865 1.87960667792 0.805379472756
2.87 1.88359736509 0.790902406613
2.875 1.88751577336 0.776468190183
2.88 1.89136212106 0.762078444826
2.885 1.89513663451 0.747734751183
2.89 1.89883954784 0.733438649126
2.895 1.90247110276 0.71919163773
2.9 1.90603154841 0.704995175306
2.905 1.90952114109 0.690850679247
2.91 1.91294014406 0.676759524822
2.915 1.91628882739 0.662723047063
2.92 1.91956746771 0.648742540491
2.925 1.92277634804 0.634819259074
2.93 1.92591575756 0.620954416402
2.935 1.92898599142 0.607149185896
2.94 1.93198735055 0.593404701051
2.945 1.93492014143 0.579722055057
2.95 1.93778467586 0.566102301052
2.955 1.94058127085 0.55254645338
2.96 1.94331024838 0.53905548739
2.965 1.94597193523 0.52563033976
2.97 1.94856666277 0.512271908856
2.975 1.95109476676 0.498981055106
2.98 1.95355658721 0.485758601326
2.985 1.95595246803 0.47260533254
2.99 1.95828275701 0.459521997152
2.995 1.9605478056 0.44650930726
3.0 1.96274796876 0.433567938997
3.005 1.96488360471 0.420698532992
3.01 1.96695507481 0.407901694837
3.015 1.96896274338 0.395177995578
3.02 1.97090697748 0.382527972079
3.025 1.97278814668 0.369952127469
3.03 1.97460662307 0.357450931924
3.035 1.97636278099 0.345024823048
3.04 1.97805699691 0.332674206406
3.045 1.97968964926 0.320399456049
3.05 1.98126111828 0.308200915056
3.055 1.98277178583 0.296078896084
3.06 1.98422203515 0.284033682012
3.065 1.98561225086 0.272065526374
3.07 1.98694281881 0.260174653922
3.075 1.98821412594 0.24836126121
3.08 1.98942656008 0.236625517151
3.085 1.99058050987 0.22496756358
3.09 1.99167636464 0.213387515808
3.095 1.99271451425 0.201885463183
3.1 1.99369534895 0.190461469672
3.105 1.99461925898 0.179115575034
3.11 1.99548663476 0.167847794706
3.115 1.99629786685 0.156658120299
3.12 1.9970533457 0.145546520343
3.125 1.99775346157 0.13451294084
3.13 1.99839860441 0.123557305813
3.135 1.99898916374 0.11267951784
3.14 1.99952552857 0.101879458595
3.145 2.00000808732 0.0911569893879
3.15 2.00043722743 0.0805119527923
3.155 2.00081333552 0.0699441721878
3.16 2.00113679738 0.0594534518949
3.165 2.0014079978 0.0490395781345
3.17 2.00162732043 0.0387023195439
3.175 2.00179514775 0.0284414276826
3.18 2.00191186099 0.018256637529
3.185 2.00197784001 0.00814766796627
3.19 2.00199346326 -0.00188577773714
3.195 2.00195910752 -0.0118440102989
3.2 2.00187514795 -0.0217273546866
3.205 2.00174195813 -0.0315361504806
3.21 2.00155990994 -0.0412707507817
3.215 2.00132937343 -0.050931521752
3.22 2.00105071683 -0.0605188421661
3.225 2.00072430643 -0.0700331029746
3.23 2.00035050658 -0.0794747068777
3.235 1.99992967959 -0.0888440679121
3.24 1.99946218557 -0.0981416100844
3.245 1.99894838248 -0.107367767213
3.25 1.99838862611 -0.116522983752
3.255 1.99778327004 -0.125607713653
3.26 1.99713266555 -0.134622419974
3.265 1.99643716159 -0.143567574495
3.27 1.99569710473 -0.152443657348
3.275 1.99491283913 -0.161251156655
3.28 1.99408470653 -0.169990568183
3.285 1.99321304609 -0.178662394324
3.29 1.99229819442 -0.187267143595
3.295 1.99134048561 -0.19580533166
3.3 1.99034025116 -0.204277480297
3.305 1.98929781996 -0.212684117062
3.31 1.98821351824 -0.221025774976
3.315 1.98708766955 -0.229302992216
3.32 1.98592059474 -0.23751631182
3.325 1.98471261197 -0.245666281406
3.33 1.98346403661 -0.253753452475
3.335 1.98217518123 -0.261778379751
3.34 1.98084635566 -0.269741622155
3.345 1.97947786692 -0.277643741971
3.35 1.9780700192 -0.285485304567
3.355 1.97662311387 -0.293266878134
3.36 1.97513744946 -0.300989033454
3.365 1.97361332162 -0.308652343656
3.37 1.97205102315 -0.316257383997
3.375 1.97045084394 -0.323804731405
3.38 1.96881307106 -0.331294963874
3.385 1.9671379886 -0.338728661162
3.39 1.96542587777 -0.34610640425
3.395 1.96367701691 -0.353428775084
3.4 1.9618916814 -0.360696356386
3.405 1.96007014375 -0.367909731465
3.41 1.95821267352 -0.375069484036
3.415 1.95631953736 -0.382176198053
3.42 1.95439099901 -0.389230457376
3.425 1.95242731929 -0.396232845157
3.43 1.95042875612 -0.403183944645
3.435 1.94839556447 -0.410084338691
3.44 1.94632799642 -0.416934609548
3.445 1.94422630112 -0.423735338734
3.45 1.94209072483 -0.430487106905
3.455 1.93992151089 -0.43719049373
3.46 1.93771889975 -0.443846077779
3.465 1.93548312897 -0.450454436414
3.47 1.93321443322 -0.457016145619
3.475 1.93091304434 -0.46353177845
3.48 1.92857919128 -0.470001906687
3.485 1.92621310013 -0.476427100839
3.49 1.92381499413 -0.482807929575
3.495 1.92138509369 -0.489144959635
3.5 1.91892361639 -0.495438755754
3.505 1.916430777 -0.501689880586
3.51 1.9139067875 -0.50789889464
3.515 1.91135185706 -0.514066356216
3.52 1.90876619212 -0.520192821351
3.525 1.90614999623 -0.52627884273
3.53 1.90350347012 -0.532324969571
3.535 1.90082681186 -0.538331749645
3.54 1.89812021683 -0.544299728084
3.545 1.89538387768 -0.550229447328
3.55 1.89261798437 -0.556121447082
3.555 1.88982272418 -0.561976264277
3.56 1.88699828175 -0.567794433042
3.565 1.88414483907 -0.573576484677
3.57 1.88126257551 -0.579322947633
3.575 1.87835166776 -0.585034347101
3.58 1.87541228957 -0.590711203372
3.585 1.87244461228 -0.596354034817
3.59 1.86944880472 -0.601963356928
3.595 1.86642503315 -0.60753968206
3.6 1.86337346131 -0.613083519414
3.605 1.86029425038 -0.618595375026
3.61 1.85718755905 -0.624075751764
3.615 1.85405354354 -0.62952514932
3.62 1.8508923576 -0.634944064211
3.625 1.84770415251 -0.640332989751
3.63 1.84448907681 -0.645692414394
3.635 1.84124727668 -0.651022823484
3.64 1.83797889595 -0.656324699692
3.645 1.8346840761 -0.661598522354
3.65 1.83136295622 -0.666844767474
3.655 1.828015673 -0.672063907726
3.66 1.82464236084 -0.677256412471
3.665 1.82124315179 -0.682422747759
3.67 1.81781817559 -0.687563376355
3.675 1.81436755971 -0.692678757748
3.68 1.81089142924 -0.697769347433
3.685 1.80738990682 -0.702835596547
3.69 1.80386311301 -0.707877953873
3.695 1.80031116617 -0.712896864866
3.7 1.79673418241 -0.717892771638
3.705 1.79313227567 -0.722866112977
3.71 1.78950555769 -0.727817324363
3.715 1.78585413808 -0.732746837993
3.72 1.78217812429 -0.737655082803
3.725 1.77847762164 -0.742542484497
3.73 1.77475273335 -0.747409465379
3.735 1.77100356034 -0.752256443241
3.74 1.76723020154 -0.757083833282
3.745 1.76343275388 -0.761892047645
3.75 1.75961131218 -0.766681495241
3.755 1.75576596929 -0.771452581763
3.76 1.751896816 -0.776205709722
3.765 1.74800394113 -0.780941278464
3.77 1.7440874315 -0.785659684205
3.775 1.74014737197 -0.790361320057
3.78 1.73618384546 -0.795046576054
3.785 1.73219693286 -0.799715838306
3.79 1.72818671311 -0.804369489795
3.795 1.72415326331 -0.80900791086
3.8 1.72009665868 -0.813631478779
3.805 1.71601697253 -0.818240567803
3.81 1.71191427635 -0.822835549175
3.815 1.70778863975 -0.827416791164
3.82 1.70364013052 -0.831984659095
3.825 1.69946881466 -0.836539515377
3.83 1.69527475634 -0.841081719537
3.835 1.69105801793 -0.845611627934
3.84 1.68681865999 -0.85012959345
3.845 1.68255674132 -0.854635966627
3.85 1.67827231904 -0.859131095196
3.855 1.67396544849 -0.86361532407
3.86 1.66963618332 -0.868088995375
3.865 1.66528457547 -0.872552448481
3.87 1.6609106752 -0.877006020024
3.875 1.65651453108 -0.881450043943
3.88 1.65209619004 -0.885884851504
3.885 1.64765569736 -0.890310771271
3.89 1.64319309662 -0.894728128561
3.895 1.63870842982 -0.899137246329
3.9 1.63420173736 -0.903538445041
3.905 1.62967305804 -0.907932042571
3.91 1.62512242907 -0.912318354233
3.915 1.6205498861 -0.916697692803
3.92 1.61595546322 -0.921070368545
3.925 1.61133919297 -0.925436689243
3.93 1.60670110638 -0.929796960224
3.935 1.60204123294 -0.934151484384
3.94 1.59735960063 -0.938500561861
3.945 1.59265623593 -0.942844490288
3.95 1.58793116384 -0.947183565134
3.955 1.5831844079 -0.951518079496
3.96 1.57841599019 -0.955848324115
3.965 1.57362593133 -0.960174587408
3.97 1.56881425051 -0.964497155487
3.975 1.56398096549 -0.968816312182
3.98 1.55912609262 -0.973132339065
3.985 1.55424964687 -0.977445515472
3.99 1.54935164177 -0.981756118412
3.995 1.54443208953 -0.986064422378
4.0 1.53949100096 -0.990370699894
4.005 1.53452838551 -0.994675221323
4.01 1.52954425128 -0.998978254858
4.015 1.52453860506 -1.00328006655
4.02 1.51951145228 -1.00758092031
4.025 1.51446279709 -1.01188107794
4.03 1.5093926423 -1.01618079918
4.035 1.50430098945 -1.02048034165
4.04 1.49918783879 -1.02477996092
4.045 1.49405318931 -1.02907991023
4.05 1.48889703875 -1.03338044087
4.055 1.48371938357 -1.03768180216
4.06 1.478520219 -1.04198424139
4.065 1.47329953904 -1.04628800387
4.07 1.46805733645 -1.05059333289
4.075 1.4627936028 -1.05490046976
4.08 1.45750832845 -1.05920965382
4.085 1.45220150255 -1.06352112248
4.09 1.44687311308 -1.06783511115
4.095 1.44152314688 -1.07215185316
4.1 1.43615158963 -1.07647157976
4.105 1.43075842584 -1.08079452046
4.11 1.42534363886 -1.08512090284
4.115 1.41990721093 -1.08945095256
4.12 1.41444912314 -1.09378489337
4.125 1.40896935547 -1.0981229471
4.13 1.40346788681 -1.10246533371
4.135 1.39794469492 -1.10681227124
4.14 1.39239975651 -1.11116397586
4.145 1.38683304716 -1.11552066186
4.15 1.38124454143 -1.11988254166
4.155 1.37563421282 -1.12424982555
4.16 1.37000203388 -1.12862272159
4.165 1.36434797603 -1.13300143629
4.17 1.35867200968 -1.13738617427
4.175 1.35297410418 -1.14177713825
4.18 1.34725422792 -1.14617452905
4.185 1.34151234825 -1.15057854556
4.19 1.33574843154 -1.15498938478
4.195 1.32996244317 -1.15940724178
4.2 1.32415434755 -1.16383230972
4.205 1.31832410813 -1.16826477983
4.21 1.31247168738 -1.17270484143
4.215 1.30659704687 -1.17715268177
4.22 1.30070014735 -1.18160848574
4.225 1.29478094857 -1.18607243655
4.23 1.28883940932 -1.19054471547
4.235 1.28287548754 -1.19502550176
4.24 1.27688914022 -1.19951497266
4.245 1.27088032351 -1.2040133034
4.25 1.26484899265 -1.20852066715
4.255 1.25879510205 -1.21303723504
4.26 1.25271860523 -1.21756317614
4.265 1.24661945488 -1.22209865742
4.27 1.24049760284 -1.22664384376
4.275 1.23435300016 -1.23119889785
4.28 1.22818559722 -1.23576397972
4.285 1.22199534352 -1.2403392475
4.29 1.21578218775 -1.24492485717
4.295 1.20954607781 -1.24952096251
4.3 1.20328696083 -1.25412771503
4.305 1.19700478321 -1.25874526393
4.31 1.19069949058 -1.26337375613
4.315 1.18437102784 -1.2680133362
4.32 1.17801933917 -1.27266414633
4.325 1.17164436804 -1.27732632635
4.33 1.16524605721 -1.28200001364
4.335 1.15882434875 -1.2866853431
4.34 1.15237918425 -1.29138244661
4.345 1.14591050458 -1.29609145361
4.35 1.13941824992 -1.30081249116
4.355 1.1329023598 -1.30554568368
4.36 1.12636277314 -1.31029115292
4.365 1.11979942824 -1.31504901791
4.37 1.11321226283 -1.31981939493
4.375 1.10660121404 -1.32460239748
4.38 1.09996621843 -1.3293981362
4.385 1.09330721202 -1.33420671885
4.39 1.08662413026 -1.33902825029
4.395 1.07991690811 -1.34386283238
4.4 1.07318548015 -1.34871056344
4.405 1.06642978054 -1.3535715386
4.41 1.05964974282 -1.35844585016
4.415 1.05284530009 -1.36333358721
4.42 1.046016385 -1.36823483553
4.425 1.0391629298 -1.37314967758
4.43 1.03228486628 -1.37807819243
4.435 1.02538212588 -1.38302045568
4.44 1.01845463965 -1.38797653942
4.445 1.01150233825 -1.39294651217
4.45 1.00452515202 -1.3979304388
4.455 0.997523010969 -1.40292838048
4.46 0.990495844904 -1.40794039427
4.465 0.983443583601 -1.4129665327
4.47 0.97636615627 -1.41800684514
4.475 0.969263491932 -1.4230613768
4.48 0.962135519387 -1.42813016877
4.485 0.954982167235 -1.43321325795
4.49 0.947803363889 -1.43831067696
4.495 0.940599037606 -1.44342245408
4.5 0.933369116496 -1.44854861315
4.505 0.92611352855 -1.4536891735
4.51 0.918832201658 -1.45884414986
4.515 0.91152506363 -1.46401355225
4.52 0.90419204233 -1.46919738566
4.525 0.896833065864 -1.47439564955
4.53 0.889448062114 -1.47960833892
4.535 0.88203695898 -1.4848354437
4.54 0.874599684421 -1.49007694858
4.545 0.867136166481 -1.49533283297
4.55 0.859646333314 -1.50060307084
4.555 0.852130113213 -1.50588763063
4.56 0.844587434632 -1.51118647515
4.565 0.837018226217 -1.51649956147
4.57 0.829422416835 -1.5218268408
4.575 0.821799935597 -1.52716825837
4.58 0.81415071189 -1.53252375334
4.585 0.806474675409 -1.53789325865
4.59 0.798771756289 -1.54327670075
4.595 0.791041885239 -1.54867399934
4.6 0.783284993192 -1.55408506779
4.605 0.775501011526 -1.55950981275
4.61 0.767689872106 -1.56494813401
4.615 0.759851507314 -1.57039992434
4.62 0.751985850091 -1.57586506938
4.625 0.744092833971 -1.58134344748
4.63 0.736172393118 -1.58683492956
4.635 0.728224462368 -1.59233937899
4.64 0.720248977261 -1.59785665138
4.645 0.712245874089 -1.6033865945
4.65 0.70421508993 -1.60892904808
4.655 0.696156562694 -1.61448384367
4.66 0.68807023108 -1.62005080499
4.665 0.679956034587 -1.62562974797
4.67 0.671813913779 -1.63122047921
4.675 0.663643810217 -1.63682279656
4.68 0.655445666494 -1.64243648895
4.685 0.647219426283 -1.64806133625
4.69 0.638965034386 -1.65369710909
4.695 0.630682436776 -1.65934356868
4.7 0.622371580648 -1.66500046668
4.705 0.614032414468 -1.67066754498
4.71 0.605664888021 -1.67634453554
4.715 0.597268952464 -1.68203116024
4.72 0.588844560376 -1.68772713063
4.725 0.580391665812 -1.69343214782
4.73 0.571910224269 -1.69914590305
4.735 0.563400192746 -1.7048680775
4.74 0.554861529967 -1.71059834046
4.745 0.546294196339 -1.71633635015
4.75 0.537698154007 -1.72208175345
4.755 0.529073366911 -1.7278341858
4.76 0.520419800845 -1.73359327096
4.765 0.511737423513 -1.73935862084
4.77 0.503026204594 -1.74512983528
4.775 0.494286115798 -1.75090650191
4.78 0.485517130931 -1.7566881959
4.785 0.476719225956 -1.76247447981
4.79 0.46789237906 -1.76826490334
4.795 0.459036570717 -1.77405900316
4.8 0.450151783687 -1.77985630398
4.805 0.441238003111 -1.78565631788
4.81 0.432295216671 -1.79145854223
4.815 0.423323414598 -1.79726246075
4.82 0.41432258974 -1.80306754325
4.825 0.405292737636 -1.80887324549
4.83 0.396233856583 -1.81467900896
4.835 0.38714594771 -1.82048426069
4.84 0.378029015055 -1.82628841306
4.845 0.368883065635 -1.83209086359
4.85 0.359708109523 -1.83789099475
4.855 0.350504159927 -1.84368817378
4.86 0.341271233266 -1.84948175244
4.865 0.332009349248 -1.85527106687
4.87 0.322718530823 -1.86105543904
4.875 0.313398804326 -1.86683417565
4.88 0.304050199702 -1.87260656622
4.885 0.294672750486 -1.8783718842
4.89 0.28526649389 -1.88412938668
4.895 0.27583147088 -1.88987831436
4.9 0.266367726265 -1.89561789129
4.905 0.256875308777 -1.90134732476
4.91 0.247354271158 -1.90706580515
4.915 0.237804670248 -1.91277250579
4.92 0.228226567069 -1.91846658277
4.925 0.218620026885 -1.9241471749
4.93 0.208985119226 -1.92981340369
4.935 0.199321918126 -1.9354643729
4.94 0.189630502157 -1.94109916855
4.945 0.179910954508 -1.94671685879
4.95 0.170163363079 -1.95231649378
4.955 0.16038782057 -1.95789710559
4.96 0.150584424578 -1.96345770806
4.965 0.140753277687 -1.96899729673
4.97 0.130894487565 -1.97451484867
4.975 0.121008167057 -1.98000932245
4.98 0.111094434264 -1.98547965819
4.985 0.101153412362 -1.99092478
4.99 0.0911852300621 -1.9963435926
4.995 0.081190021683 -2.00173498144
5.0 0.071167927167 -2.00709781343
5.005 0.0611190921766 -2.01243093687
5.01 0.0510436681894 -2.01773318144
5.015 0.0409418125943 -2.02300335824
5.02 0.0308136887879 -2.02824025973
5.025 0.020659466271 -2.03344265981
5.03 0.0104793207457 -2.03860931378
5.035 0.000273434213215 -2.04373895842
5.04 -0.00995800519252 -2.04883031295
5.045 -0.0202148030237 -2.05388207878
5.05 -0.0304967580622 -2.05889293834
5.055 -0.0408036624524 -2.06386155595
5.06 -0.051135301609 -2.06878657794
5.065 -0.0614914541251 -2.07366663277
5.07 -0.0718718916797 -2.0785003312
5.075 -0.0822763789468 -2.08328626638
5.08 -0.0927046735034 -2.08802301408
5.085 -0.103156525739 -2.09270913282
5.09 -0.113631678764 -2.0973431641
5.095 -0.124129868427 -2.10192363302
5.1 -0.134650823525 -2.10644904975
5.105 -0.145194265087 -2.11091790718
5.11 -0.155759906528 -2.11532868223
5.115 -0.166347453596 -2.1196798362
5.12 -0.176956604296 -2.12396981514
5.125 -0.187587048811 -2.12819705018
5.13 -0.198238469419 -2.13235995789
5.135 -0.208910540418 -2.13645694063
5.14 -0.219602928052 -2.14048638698
5.145 -0.230315290433 -2.14444667212
5.15 -0.2410472775 -2.14833615834
5.155 -0.251798531487 -2.15215319603
5.16 -0.262568686195 -2.15589612347
5.165 -0.273357366907 -2.15956326735
5.17 -0.284164190508 -2.16315294344
5.175 -0.294988765424 -2.16666345718
5.18 -0.305830691572 -2.17009310421
5.185 -0.316689560306 -2.17344017104
5.19 -0.32756495437 -2.17670293563
5.195 -0.33845644785 -2.17987966803
5.2 -0.349363606132 -2.1829686311
5.205 -0.360285985856 -2.18596808116
5.21 -0.371223135179 -2.18887626811
5.215 -0.382174593714 -2.19169143614
5.22 -0.393139891987 -2.19441182575
5.225 -0.40411855171 -2.19703567384
5.23 -0.415110085763 -2.19956121449
5.235 -0.426113998183 -2.20198667986
5.24 -0.437129784148 -2.20431030098
5.245 -0.448156929973 -2.20653030873
5.25 -0.459194913104 -2.20864493466
5.255 -0.47024320212 -2.21065241202
5.26 -0.48130125674 -2.21255097671
5.265 -0.492368527916 -2.21433886743
5.27 -0.503444458165 -2.21601432377
5.275 -0.514528480983 -2.21757559292
5.28 -0.525620021073 -2.21902092883
5.285 -0.536718494427 -2.22034859279
5.29 -0.547823308358 -2.22155685458
5.295 -0.558933861547 -2.22264399356
5.3 -0.570049544091 -2.22360829977
5.305 -0.58116973756 -2.22444807514
5.31 -0.592293815051 -2.22516163461
5.315 -0.603421141259 -2.22574730741
5.32 -0.614551072547 -2.22620343808
5.325 -0.625682957094 -2.22652838305
5.33 -0.636816134909 -2.22672051652
5.335 -0.647949937909 -2.22677823258
5.34 -0.659083690041 -2.22669994485
5.345 -0.670216707383 -2.22648408762
5.35 -0.681348298257 -2.22612911707
5.355 -0.692477763346 -2.22563351249
5.36 -0.703604395819 -2.22499577747
5.365 -0.714727481444 -2.2242144412
5.37 -0.725846298459 -2.22328806024
5.375 -0.736960118013 -2.22221521917
5.38 -0.748068204322 -2.22099453182
5.385 -0.759169814752 -2.21962464273
5.39 -0.770264199964 -2.21810422841
5.395 -0.781350604089 -2.21643199871
5.4 -0.792428264891 -2.21460669806
5.405 -0.803496413948 -2.21262710683
5.41 -0.814554276826 -2.21049204226
5.415 -0.825601073177 -2.20820035445
5.42 -0.836636017051 -2.20575093423
5.425 -0.847658317095 -2.20314271377
5.43 -0.858667176736 -2.20037466662
5.435 -0.869661794398 -2.19744580881
5.44 -0.880641363727 -2.19435520002
5.445 -0.891605073822 -2.19110194473
5.45 -0.902552109471 -2.18768519336
5.455 -0.913481651336 -2.1841041432
5.46 -0.924392875673 -2.18035803823
5.465 -0.935284955302 -2.17644617192
5.47 -0.946157059746 -2.17236788801
5.475 -0.95700835538 -2.16812258119
5.48 -0.967838005694 -2.16370969812
5.485 -0.978645171561 -2.15912873836
5.49 -0.989429011509 -2.15437925529
5.495 -1.000188682 -2.14946085702
5.5 -1.01092333767 -2.14437320691
5.505 -1.02163213127 -2.13911602236
5.51 -1.03231421447 -2.13368907861
5.515 -1.04296873802 -2.12809220874
5.52 -1.053594852 -2.12232530401
5.525 -1.06419170612 -2.11638831448
5.53 -1.07475845004 -2.11028124955
5.535 -1.08529423365 -2.10400417856
5.54 -1.09579820742 -2.09755723119
5.545 -1.10626952255 -2.09094059792
5.55 -1.1167073308 -2.08415453029
5.555 -1.12711078566 -2.07719934139
5.56 -1.13747904243 -2.07007540614
5.565 -1.14781125844 -2.06278316146
5.57 -1.15810659339 -2.05532310643
5.575 -1.16836420965 -2.04769580245
5.58 -1.17858327261 -2.03990187322
5.585 -1.18876295094 -2.03194200478
5.59 -1.19890241691 -2.02381694579
5.595 -1.20900084623 -2.01552750851
5.6 -1.21905741912 -2.00707456662
5.605 -1.22907132035 -1.9984590556
5.61 -1.23904173956 -1.98968197265
5.615 -1.24896787152 -1.98074437628
5.62 -1.2588489165 -1.97164738593
5.625 -1.26868408056 -1.96239218148
5.63 -1.27847257583 -1.95298000269
5.635 -1.28821362075 -1.94341214967
5.64 -1.29790644004 -1.93368998465
5.645 -1.30755026562 -1.92381492624
5.65 -1.31714433669 -1.91378845058
5.655 -1.32668789996 -1.90361209076
5.66 -1.33618020998 -1.89328743598
5.665 -1.34562052939 -1.88281613059
5.67 -1.35500812919 -1.87219987317
5.675 -1.36434228906 -1.86144041538
5.68 -1.37362229753 -1.85053956274
5.685 -1.38284745214 -1.83949917628
5.69 -1.39201705995 -1.8283211645
5.695 -1.4011304377 -1.81700748497
5.7 -1.41018691206 -1.80556014334
5.705 -1.41918581981 -1.79398119205
5.71 -1.42812650814 -1.78227272895
5.715 -1.43700833482 -1.77043689589
5.72 -1.44583066847 -1.7584758773
5.725 -1.45459288872 -1.74639190109
5.73 -1.4632943865 -1.73418723972
5.735 -1.47193456413 -1.721864201
5.74 -1.48051283558 -1.70942512997
5.745 -1.48902862661 -1.6968724075
5.75 -1.49748137497 -1.68420844872
5.755 -1.50587053053 -1.67143570133
5.76 -1.5141955555 -1.65855664394
5.765 -1.52245592448 -1.64557378436
5.77 -1.53065112484 -1.63248966062
5.775 -1.53878065688 -1.61930684066
5.78 -1.5468440336 -1.606027914
5.785 -1.55484078099 -1.59265549328
5.79 -1.56277043814 -1.5791922126
5.795 -1.57063255733 -1.56564072575
5.8 -1.57842670415 -1.55200370449
5.805 -1.58615245752 -1.53828383678
5.81 -1.5938094098 -1.52448382498
5.815 -1.60139716715 -1.51060638646
5.82 -1.60891534957 -1.49665425217
5.825 -1.61636359044 -1.48263016048
5.83 -1.62374153685 -1.4685368578
5.835 -1.63104884961 -1.45437709692
5.84 -1.63828520326 -1.44015363528
5.845 -1.64545028611 -1.42586923331
5.85 -1.6525438002 -1.41152665273
5.855 -1.65956546134 -1.39712865486
5.86 -1.66651499948 -1.38267800036
5.865 -1.67339215859 -1.36817744723
5.87 -1.68019669611 -1.35362974753
5.875 -1.68692838316 -1.33903764684
5.88 -1.69358700457 -1.3244038827
5.885 -1.70017235879 -1.30973118316
5.89 -1.70668425783 -1.29502226526
5.895 -1.71312252722 -1.28027983361
5.9 -1.71948700586 -1.26550657898
5.905 -1.72577754654 -1.25070517657
5.91 -1.73199401551 -1.23587828482
5.915 -1.73813629196 -1.22102854443
5.92 -1.74420426822 -1.20615857684
5.925 -1.75019784964 -1.19127098302
5.93 -1.75611695449 -1.17636834227
5.935 -1.76196151385 -1.16145321106
5.94 -1.76773147144 -1.14652812189
5.945 -1.77342678354 -1.1315955823
5.95 -1.7790474193 -1.11665807158
5.955 -1.7845933603 -1.10171804136
5.96 -1.79006460002 -1.08677791597
5.965 -1.795461144 -1.0718400904
5.97 -1.80078300964 -1.05690692944
5.975 -1.80603022608 -1.04198076685
5.98 -1.811202834 -1.02706390458
5.985 -1.81630088546 -1.01215861203
5.99 -1.82132444373 -0.997267125327
5.995 -1.82627358354 -0.982391643047
6.0 -1.83114839052 -0.967534328789
6.005 -1.83594896087 -0.952697311904
6.01 -1.84067540132 -0.937882685487
6.015 -1.84532782897 -0.923092505866
6.02 -1.8499063711 -0.90832879214
6.025 -1.85441116496 -0.89359352577
6.03 -1.85884235757 -0.878888650226
6.035 -1.86320010556 -0.864216070575
6.04 -1.86748457514 -0.849577649795
6.045 -1.87169594175 -0.834975211542
6.05 -1.87583438978 -0.82041054058
6.055 -1.87990011246 -0.80588538147
6.06 -1.88389331167 -0.791401438331
6.065 -1.88781419772 -0.776960374639
6.07 -1.89166298916 -0.762563813058
6.075 -1.89543991249 -0.748213335681
6.08 -1.89914520193 -0.733910484201
6.085 -1.90277909938 -0.719656759042
6.09 -1.90634185412 -0.705453619766
6.095 -1.90983372264 -0.691302485156
6.1 -1.91325496836 -0.677204733319
6.105 -1.91660586153 -0.663161701841
6.11 -1.91988667892 -0.649174687604
6.115 -1.92309770383 -0.635244944436
6.12 -1.92623922567 -0.621373686703
6.125 -1.92931153983 -0.60756208882
6.13 -1.93231494747 -0.593811285063
6.135 -1.93524975535 -0.580122369799
6.14 -1.93811627561 -0.566496397739
6.145 -1.94091482561 -0.552934384209
6.15 -1.94364572756 -0.53943730552
6.155 -1.94630930841 -0.526006099249
6.16 -1.9489058998 -0.512641664555
6.165 -1.95143583774 -0.499344862574
6.17 -1.95389946247 -0.486116516807
6.175 -1.95629711827 -0.472957413541
6.18 -1.95862915324 -0.459868302272
6.185 -1.96089591912 -0.446849895932
6.19 -1.96309777113 -0.433902870877
6.195 -1.96523506778 -0.421027868273
6.2 -1.96730817071 -0.408225494216
6.205 -1.96931744452 -0.395496320182
6.21 -1.97126325657 -0.382840883513
6.215 -1.97314597687 -0.370259687921
6.22 -1.97496597785 -0.357753203996
6.225 -1.97672363411 -0.345321869708
6.23 -1.9784193224 -0.332966090953
6.235 -1.98005342144 -0.320686242087
6.24 -1.98162631177 -0.308482666459
6.245 -1.98313837555 -0.296355676958
6.25 -1.98458999645 -0.284305556562
6.255 -1.98598155951 -0.27233255889
6.26 -1.9873134509 -0.260436908827
6.265 -1.9885860578 -0.248618803097
6.27 -1.98979976838 -0.236878410707
6.275 -1.99095497156 -0.225215873572
6.28 -1.99205205692 -0.21363130708
6.285 -1.99309141457 -0.202124800655
6.29 -1.994073435 -0.190696418318
6.295 -1.99499850897 -0.179346199312
6.3 -1.99586702727 -0.168074158949
6.305 -1.99667938079 -0.156880288736
6.31 -1.99743596029 -0.14576455706
6.315 -1.99813715637 -0.134726909779
6.32 -1.99878335925 -0.123767270777
6.325 -1.99937495878 -0.112885542515
6.33 -1.99991234424 -0.102081606582
6.335 -2.00039590422 -0.091355324683
6.34 -2.00082602656 -0.0807065387857
6.345 -2.0012030983 -0.0701350715078
6.35 -2.00152750555 -0.0596407268142
6.355 -2.0017996334 -0.0492232905398
6.36 -2.00201986585 -0.038882530903
6.365 -2.0021885857 -0.0286181990105
6.37 -2.00230617449 -0.0184300293521
6.375 -2.00237301235 -0.00831774065737
6.38 -2.00238947786 0.00171896301386
6.385 -2.00235594814 0.0116803931922
6.39 -2.00227279876 0.0215668759425
6.395 -2.00214040361 0.0313787513437
6.4 -2.00195913486 0.041116373021
6.405 -2.00172936286 0.0507801076874
6.41 -2.00145145615 0.0603703346965
6.415 -2.00112578131 0.0698874455639
6.42 -2.00075270288 0.0793318426942
6.425 -2.00033258337 0.0887039398619
6.43 -1.99986578322 0.0980041618419
6.435 -1.99935266073 0.107232943754
6.44 -1.99879357198 0.116390730654
6.445 -1.99818887083 0.125477977129
6.45 -1.99753890885 0.134495146917
6.455 -1.99684403527 0.143442712521
6.46 -1.99610459691 0.152321154444
6.465 -1.99532093813 0.161130960525
6.47 -1.99449340087 0.169872626626
6.475 -1.99362232458 0.178546655785
6.48 -1.99270804616 0.187153557851
6.485 -1.99175089997 0.19569384914
6.49 -1.99075121776 0.204168052108
6.495 -1.98970932867 0.212576695029
6.5 -1.98862555918 0.22092031162
6.505 -1.98750023305 0.229199440103
6.51 -1.98633367137 0.237414623709
6.515 -1.98512619249 0.245566410289
6.52 -1.98387811202 0.25365535189
6.525 -1.98258974279 0.261682004467
6.53 -1.98126139485 0.269646927615
6.535 -1.97989337545 0.2775506843
6.54 -1.97848598901 0.285393840605
6.545 -1.97703953711 0.293176965183
6.55 -1.97555431848 0.300900628983
6.555 -1.97403062899 0.308565405526
6.56 -1.97246876164 0.316171870398
6.565 -1.97086900654 0.323720601016
6.57 -1.96923165091 0.33121217641
6.575 -1.96755697909 0.338647177011
6.58 -1.96584527248 0.346026184445
6.585 -1.96409680961 0.353349781286
6.59 -1.96231186607 0.360618550541
6.595 -1.96049071454 0.367833075931
6.6 -1.95863362478 0.374993941602
6.605 -1.95674086363 0.382101731892
6.61 -1.95481269499 0.389157031163
6.615 -1.95284937988 0.396160423631
6.62 -1.95085117634 0.403112493211
6.625 -1.94881833954 0.41001382336
6.63 -1.94675112172 0.416864996776
6.635 -1.94464977222 0.423666595313
6.64 -1.94251453746 0.430419200006
6.645 -1.94034566095 0.437123390828
6.65 -1.93814338333 0.443779746567
6.655 -1.93590794231 0.450388844694
6.66 -1.93363957274 0.456951261253
6.665 -1.93133850659 0.463467570737
6.67 -1.92900497295 0.469938345956
6.675 -1.92663919809 0.476364157814
6.68 -1.92424140542 0.482745575418
6.685 -1.92181181548 0.489083165913
6.69 -1.919350646 0.495377494376
6.695 -1.91685811188 0.501629123722
6.7 -1.9143344252 0.507838614628
6.705 -1.91177979525 0.514006525448
6.71 -1.90919442852 0.520133412138
6.715 -1.90657852873 0.526219828185
6.72 -1.90393229685 0.532266324504
6.725 -1.90125593114 0.538273449212
6.73 -1.89854962712 0.544241747843
6.735 -1.89581357756 0.550171763202
6.74 -1.89304797252 0.55606403529
6.745 -1.89025299938 0.561919101247
6.75 -1.88742884283 0.5677374953
6.755 -1.88457568488 0.573519748718
6.76 -1.8816937049 0.579266389761
6.765 -1.87878307961 0.584977943644
6.77 -1.87584398315 0.590654932499
6.775 -1.87287658707 0.596297875394
6.78 -1.86988106032 0.601907288212
6.785 -1.86685756929 0.607483683644
6.79 -1.86380627778 0.613027571163
6.795 -1.86072734707 0.618539457004
6.8 -1.85762093589 0.624019844131
6.805 -1.85448720048 0.629469232218
6.81 -1.85132629459 0.634888117625
6.815 -1.84813836946 0.640276993381
6.82 -1.84492357392 0.64563634918
6.825 -1.84168205438 0.650966671479
6.83 -1.83841395482 0.656268443313
6.835 -1.83511941679 0.661542144322
6.84 -1.83179857946 0.66678825076
6.845 -1.82845157961 0.672007235486
6.85 -1.82507855168 0.677199567964
6.855 -1.82167962774 0.682365714248
6.86 -1.81825493757 0.687506136983
6.865 -1.81480460861 0.692621295404
6.87 -1.81132876602 0.697711645344
6.875 -1.80782753276 0.702777639421
6.88 -1.80430102949 0.707819726783
6.885 -1.80074937464 0.712838353151
6.89 -1.7971726844 0.717833960862
6.895 -1.79357107277 0.722806988877
6.9 -1.78994465155 0.727757872785
6.905 -1.78629353037 0.732687044811
6.91 -1.7826178167 0.737594933821
6.915 -1.7789176159 0.742481965335
6.92 -1.77519303116 0.747348561546
6.925 -1.77144416365 0.752195141521
6.93 -1.76767111243 0.757022120962
6.935 -1.76387397445 0.761829912242
6.94 -1.76005284466 0.766618924472
6.945 -1.75620781591 0.771389563507
6.95 -1.75233897906 0.776142231964
6.955 -1.74844642298 0.780877329238
6.96 -1.7445302345 0.785595251517
6.965 -1.74059049851 0.790296391795
6.97 -1.73662729794 0.794981139903
6.975 -1.7326407138 0.799649882696
6.98 -1.72863082516 0.804303003855
6.985 -1.72459770919 0.808940883916
6.99 -1.72054144114 0.813563900331
6.995 -1.71646209439 0.818172427491
7.0 -1.71235974047 0.822766836748
7.005 -1.70823444903 0.827347496428
7.01 -1.7040862879 0.831914771858
7.015 -1.69991532308 0.83646902538
7.02 -1.69572161878 0.841010616384
7.025 -1.69150523743 0.845539901466
7.03 -1.68726623969 0.850057234295
7.035 -1.68300468444 0.854562965606
7.04 -1.67872062882 0.859057443276
7.045 -1.67441412823 0.863541012346
7.05 -1.67008523637 0.868014015041
7.055 -1.66573400519 0.872476790795
7.06 -1.66136048501 0.876929676266
7.065 -1.65696472441 0.881373005364
7.07 -1.65254677035 0.885807109273
7.075 -1.64810666816 0.890232316628
7.08 -1.6436444615 0.894648953357
7.085 -1.63916019243 0.899057342682
7.09 -1.63465390138 0.903457805197
7.095 -1.63012562718 0.907850658889
7.1 -1.6255754071 0.912236219162
7.105 -1.62100327682 0.916614798854
7.11 -1.61640927045 0.920986708261
7.115 -1.61179342057 0.925352255155
7.12 -1.60715575822 0.929711744807
7.125 -1.60249631291 0.934065480003
7.13 -1.59781511265 0.938413761067
7.135 -1.59311218395 0.942756885905
7.14 -1.58838755188 0.947095150253
7.145 -1.58364124001 0.95142884734
7.15 -1.57887327046 0.95575826799
7.155 -1.57408366387 0.960083700687
7.16 -1.56927243948 0.964405431597
7.165 -1.56443961508 0.968723744588
7.17 -1.55958520705 0.973038921252
7.175 -1.5547092304 0.977351240928
7.18 -1.5498116987 0.981660980718
7.185 -1.54489262419 0.985968415513
7.19 -1.53995201772 0.99027381801
7.195 -1.5349898888 0.994577458735
7.2 -1.53000624555 0.998879605985
7.205 -1.52500109475 1.00318052565
7.21 -1.51997444186 1.00748048167
7.215 -1.51492629104 1.01177973589
7.22 -1.50985664515 1.01607854803
7.225 -1.50476550576 1.02037717576
7.23 -1.49965287314 1.02467587462
7.235 -1.49451874631 1.02897489814
7.24 -1.48936312301 1.03327449778
7.245 -1.48418599976 1.037574923
7.25 -1.47898737181 1.04187642121
7.255 -1.4737672332 1.04617923786
7.26 -1.46852557673 1.05048361641
7.265 -1.463262394 1.05478979817
7.27 -1.45797767535 1.05909802229
7.275 -1.45267140997 1.06340852616
7.28 -1.44734358586 1.06772154521
7.285 -1.44199418987 1.07203731291
7.29 -1.43662320767 1.0763560608
7.295 -1.4312306238 1.08067801848
7.3 -1.42581642162 1.08500341361
7.305 -1.4203805834 1.08933247196
7.31 -1.41492309026 1.09366541734
7.315 -1.40944392222 1.0980024717
7.32 -1.4039430582 1.10234385507
7.325 -1.39842047603 1.10668978558
7.33 -1.3928761524 1.11104047929
7.335 -1.38731006295 1.11539615033
7.34 -1.38172218226 1.11975701103
7.345 -1.37611248385 1.12412327181
7.35 -1.3704809402 1.1284951412
7.355 -1.36482752275 1.13287282582
7.36 -1.35915220191 1.13725653037
7.365 -1.35345494707 1.14164645766
7.37 -1.34773572661 1.14604280858
7.375 -1.34199450793 1.1504457821
7.38 -1.33623125742 1.15485557527
7.385 -1.33044594048 1.15927238323
7.39 -1.32463852157 1.16369639917
7.395 -1.31880896417 1.16812781426
7.4 -1.31295723079 1.17256681776
7.405 -1.30708328304 1.17701359697
7.41 -1.30118708157 1.18146833723
7.415 -1.29526858611 1.18593122191
7.42 -1.28932775549 1.19040243236
7.425 -1.28336454763 1.19488214793
7.43 -1.27737891955 1.19937054596
7.435 -1.27137082742 1.20386780175
7.44 -1.2653402265 1.20837408854
7.445 -1.25928707121 1.21288957751
7.45 -1.25321131512 1.21741443776
7.455 -1.24711291094 1.22194883628
7.46 -1.24099181058 1.22649293786
7.465 -1.23484796512 1.23104690522
7.47 -1.22868132482 1.23561089888
7.475 -1.22249183916 1.24018507717
7.48 -1.21627945682 1.24476959622
7.485 -1.21004412571 1.24936460991
7.49 -1.20378579298 1.25397026986
7.495 -1.19750440502 1.25858672537
7.5 -1.19119990749 1.26321412345
7.505 -1.18487224531 1.26785260873
7.51 -1.17852136269 1.27250232347
7.515 -1.17214720313 1.27716340752
7.52 -1.16574970944 1.28183599825
7.525 -1.15932882374 1.28652023053
7.53 -1.15288448751 1.29121623671
7.535 -1.14641664154 1.2959241466
7.54 -1.139925226 1.30064408742
7.545 -1.13341018042 1.30537618372
7.55 -1.12687144372 1.31012055739
7.555 -1.1203089542 1.31487732761
7.56 -1.1137226496 1.31964661076
7.565 -1.10711246707 1.32442852043
7.57 -1.10047834319 1.32922316734
7.575 -1.093820214 1.33403065933
7.58 -1.08713801502 1.33885110124
7.585 -1.08043168124 1.34368459493
7.59 -1.07370114716 1.34853123916
7.595 -1.06694634678 1.35339112961
7.6 -1.06016721363 1.35826435877
7.605 -1.05336368082 1.36315101592
7.61 -1.04653568096 1.36805118702
7.615 -1.0396831463 1.37296495471
7.62 -1.03280600864 1.37789239822
7.625 -1.02590419941 1.38283359328
7.63 -1.01897764968 1.38778861211
7.635 -1.01202629015 1.3927575233
7.64 -1.0050500512 1.39774039179
7.645 -0.998048862877 1.40273727874
7.65 -0.991022654957 1.40774824153
7.655 -0.98397135693 1.41277333363
7.66 -0.976894898024 1.41781260456
7.665 -0.96979320723 1.42286609977
7.67 -0.962666213324 1.42793386061
7.675 -0.955513844883 1.43301592421
7.68 -0.948336030309 1.43811232342
7.685 -0.941132697853 1.4432230867
7.69 -0.93390377563 1.44834823809
7.695 -0.926649191648 1.45348779706
7.7 -0.91936887383 1.45864177842
7.705 -0.912062750033 1.4638101923
7.71 -0.904730748076 1.46899304396
7.715 -0.897372795764 1.47419033376
7.72 -0.889988820907 1.47940205705
7.725 -0.882578751356 1.48462820403
7.73 -0.875142515017 1.48986875971
7.735 -0.867680039884 1.49512370374
7.74 -0.86019125408 1.50039301043
7.745 -0.852676085901 1.5056766487
7.75 -0.845134463782 1.51097458167
7.755 -0.837566316354 1.5162867667
7.76 -0.829971572478 1.52161315528
7.765 -0.82235016127 1.52695369291
7.77 -0.814702012134 1.53230831898
7.775 -0.807027054792 1.53767696666
7.78 -0.799325219318 1.54305956276
7.785 -0.791596436166 1.54845602763
7.79 -0.783840636203 1.55386627499
7.795 -0.776057750745 1.55929021185
7.8 -0.76824771159 1.56472773834
7.805 -0.760410451052 1.57017874758
7.81 -0.752545901994 1.57564312558
7.815 -0.744653997869 1.58112075104
7.82 -0.736734672752 1.58661149524
7.825 -0.72878786138 1.59211522191
7.83 -0.720813499189 1.59763178712
7.835 -0.712811522363 1.60316103992
7.84 -0.704781867862 1.60870282109
7.845 -0.696724473457 1.61425696297
7.85 -0.688639277782 1.61982328966
7.855 -0.680526220369 1.62540161683
7.86 -0.672385241696 1.63099175155
7.865 -0.664216283226 1.63659349219
7.87 -0.656019287453 1.64220662818
7.875 -0.647794197949 1.6478309399
7.88 -0.639540959407 1.6534661985
7.885 -0.63125951769 1.65911216574
7.89 -0.622949819875 1.6647685938
7.895 -0.614611814306 1.67043522511
7.9 -0.606245450642 1.67611179219
7.905 -0.597850679903 1.68179801747
7.91 -0.589427454527 1.68749361309
7.915 -0.580975728421 1.69319828075
7.92 -0.572495457011 1.69891171148
7.925 -0.56398659724 1.70463358651
7.93 -0.555449107624 1.71036357709
7.935 -0.546882948427 1.7161013421
7.94 -0.538288081652 1.72184652915
7.945 -0.52966447109 1.72759877438
7.95 -0.521012082384 1.7333577023
7.955 -0.512330883088 1.73912292558
7.96 -0.503620842721 1.74489404487
7.965 -0.494881932836 1.75067064865
7.97 -0.486114127079 1.75645231294
7.975 -0.477317401249 1.76223860122
7.98 -0.468491733367 1.76802906413
7.985 -0.459637103742 1.77382323936
7.99 -0.45075349503 1.77962065137
7.995 -0.441840892311 1.78542081127
8.0 -0.432899283104 1.79122321698
8.005 -0.423928657325 1.79702735426
8.01 -0.414929007614 1.80283269385
8.015 -0.40590032931 1.80863869238
8.02 -0.396842620503 1.81444479221
8.025 -0.387755882111 1.8202504213
8.03 -0.378640117946 1.82605499304
8.035 -0.369495334797 1.83185790598
8.04 -0.360321542497 1.83765854372
8.045 -0.351118754004 1.84345627469
8.05 -0.341886985478 1.84925045193
8.055 -0.332626256357 1.85504041296
8.06 -0.323336589436 1.86082547955
8.065 -0.314018010845 1.86660495883
8.07 -0.304670550212 1.87237814201
8.075 -0.29529424082 1.87814430345
8.08 -0.285889119622 1.88390270115
8.085 -0.276455227328 1.88965257666
8.09 -0.266992608486 1.89539315485
8.095 -0.257501311573 1.90112364376
8.1 -0.247981389074 1.90684323445
8.105 -0.238432897577 1.91255110081
8.11 -0.228855897854 1.91824639944
8.115 -0.219250454957 1.92392826944
8.12 -0.209616638304 1.9295958323
8.125 -0.199954521697 1.93524819232
8.13 -0.190264183138 1.94088443853
8.135 -0.18054570546 1.94650364047
8.14 -0.170799176244 1.9521048494
8.145 -0.16102468786 1.95768709856
8.15 -0.151222337566 1.96324940303
8.155 -0.141392227598 1.96879075962
8.16 -0.131534465265 1.97431014683
8.165 -0.121649163043 1.97980652469
8.17 -0.11173643867 1.98527883472
8.175 -0.101796415242 1.99072599984
8.18 -0.0918292213125 1.9961469243
8.185 -0.0818349909857 2.00154049362
8.19 -0.0718138636719 2.00690557674
8.195 -0.0617659843995 2.01224102465
8.2 -0.0516915042443 2.01754566811
8.205 -0.0415905801808 2.0228183193
8.21 -0.0314633751773 2.02805777182
8.215 -0.0213100582923 2.03326280064
8.22 -0.01113080477 2.03843216221
8.225 -0.000925796137449 2.04356459441
8.23 0.00930477969922 2.04865881665
8.235 0.0195607283574 2.05371352992
8.24 0.0298418488807 2.0587274168
8.245 0.0401479336413 2.0636991416
8.25 0.0504787683525 2.06862735095
8.255 0.0608341325559 2.0735106767
8.26 0.0712137985003 2.07834773114
8.265 0.08161753134 2.08313710849
8.27 0.0920450891475 2.08787738565
8.275 0.102496222824 2.09256712228
8.28 0.112970676008 2.09720486111
8.285 0.123468184989 2.10178912808
8.29 0.133988478617 2.1063184326
8.295 0.144531278215 2.11079126782
8.3 0.155096297492 2.11520611084
8.305 0.165683242455 2.11956142306
8.31 0.176291811323 2.12385565042
8.315 0.186921695008 2.12808722532
8.32 0.197572576858 2.13225456645
8.325 0.208244131746 2.13635607689
8.33 0.218936026513 2.14039014591
8.335 0.229647919904 2.14435514939
8.34 0.240379462492 2.14824945029
8.345 0.251130296612 2.15207139908
8.35 0.261900056295 2.15581933427
8.355 0.272688367199 2.15949158283
8.36 0.28349484655 2.1630864608
8.365 0.294319103078 2.16660227379
8.37 0.305160736956 2.17003731756
8.375 0.316019339856 2.17338987866
8.38 0.326894495765 2.17665823514
8.385 0.337785779553 2.179840657
8.39 0.34869275723 2.18293540692
8.395 0.359614986093 2.18594074094
8.4 0.370552014692 2.18885490923
8.405 0.381503382796 2.19167615679
8.41 0.392468621361 2.19440272427
8.415 0.403447252511 2.19703284869
8.42 0.414438789511 2.19956476435
8.425 0.425442736745 2.20199670361
8.43 0.436458589707 2.20432689782
8.435 0.447485834981 2.20655357819
8.44 0.458523950603 2.20867497508
8.445 0.469572406121 2.21068931869
8.45 0.480630661859 2.21259484331
8.455 0.491698169326 2.21438978655
8.46 0.502774371246 2.21607239026
8.465 0.513858701578 2.21764090156
8.47 0.524950585555 2.21909357387
8.475 0.536049439715 2.22042866795
8.48 0.547154671948 2.22164445298
8.485 0.558265681539 2.22273920768
8.49 0.569381859137 2.22371122083
8.495 0.580502586531 2.22455879047
8.5 0.591627237257 2.22528022883
8.505 0.602755176472 2.22587386215
8.51 0.613885760991 2.22633803166
8.515 0.625018339363 2.22667109476
8.52 0.63615225195 2.22687142626
8.525 0.647286831015 2.2269374196
8.53 0.658421400814 2.22686748815
8.535 0.669555277694 2.22666006644
8.54 0.680687770214 2.22631361123
8.545 0.691818179442 2.2258265982
8.55 0.702945798859 2.22519752851
8.555 0.714069914493 2.22442492991
8.56 0.725189805105 2.22350735684
8.565 0.736304742333 2.2224433916
8.57 0.747413990844 2.22123164561
8.575 0.758516808496 2.21987076063
8.58 0.769612446505 2.21835940995
8.585 0.78070014932 2.21669630012
8.59 0.791779154653 2.21488017247
8.595 0.802848694334 2.21290980319
8.6 0.813907994162 2.21078400512
8.605 0.82495627408 2.20850162906
8.61 0.835992748369 2.20606156501
8.615 0.847016625841 2.20346274341
8.62 0.858027110044 2.20070413645
8.625 0.869023399483 2.19778475882
8.63 0.880004687947 2.19470366486
8.635 0.890970164588 2.19145995515
8.64 0.901919014172 2.18805277678
8.645 0.912850417339 2.18448132368
8.65 0.923763550855 2.18074483765
8.655 0.934657587859 2.1768426094
8.66 0.945531698124 2.17277397956
8.665 0.956385048324 2.1685383397
8.67 0.967216801933 2.16413513297
8.675 0.978026119506 2.15956385501
8.68 0.988812159527 2.15482405536
8.685 0.99957407837 2.14991533806
8.69 1.01031103057 2.14483736247
8.695 1.02102216911 2.13958984407
8.7 1.03170664572 2.13417255519
8.705 1.04236361112 2.12858532581
8.71 1.05299221537 2.122828044
8.715 1.06359160786 2.11690065559
8.72 1.07416093802 2.11080316625
8.725 1.08469935547 2.10453564165
8.73 1.09520601033 2.09809820778
8.735 1.10568005354 2.0914910514
8.74 1.11612063715 2.0847144204
8.745 1.12652691467 2.07776862413
8.75 1.13689804134 2.07065403367
8.755 1.14723317415 2.06337108252
8.76 1.15753147227 2.05592026651
8.765 1.16779209772 2.04830214358
8.77 1.1780142155 2.04051733407
8.775 1.18819699386 2.03256652073
8.78 1.19833960465 2.02445044868
8.785 1.20844122361 2.01616992528
8.79 1.21850103073 2.00772581997
8.795 1.22851821046 1.99911906436
8.8 1.23849195182 1.99035065346
8.805 1.2484214491 1.9814216428
8.81 1.25830590207 1.97233314886
8.815 1.26814451622 1.96308634879
8.82 1.27793650313 1.95368247986
8.825 1.2876810807 1.94412283889
8.83 1.29737747351 1.93440878163
8.835 1.30702491312 1.92454172204
8.84 1.31662263807 1.91452313422
8.845 1.32616989443 1.90435454966
8.85 1.33566593615 1.89403755495
8.855 1.34511002526 1.88357379214
8.86 1.35450143213 1.87296495774
8.865 1.36383943578 1.86221280176
8.87 1.37312332409 1.8513191266
8.875 1.38235239411 1.84028578596
8.88 1.39152595229 1.82911468474
8.885 1.40064331465 1.8178077807
8.89 1.40970380716 1.80636707757
8.895 1.41870676594 1.79479462589
8.9 1.42765153746 1.7830925219
8.905 1.43653747878 1.77126290622
8.91 1.44536395778 1.7593079624
8.915 1.45413035336 1.74722991545
8.92 1.46283605563 1.73503103047
8.925 1.47148046621 1.72271361507
8.93 1.48006299832 1.71028001406
8.935 1.48858307699 1.69773260694
8.94 1.49704013918 1.68507380768
8.945 1.50543363404 1.67230606313
8.95 1.51376302298 1.65943185137
8.955 1.52202777988 1.64645368004
8.96 1.5302273912 1.63337408461
8.965 1.5383613562 1.62019562814
8.97 1.54642918723 1.60692090162
8.975 1.55443040949 1.59355251706
8.98 1.56236456127 1.58009310799
8.985 1.57023119405 1.56654532784
8.99 1.57802987262 1.55291184823
8.995 1.58576017513 1.53919535724
9.0 1.59342169317 1.5253985576
9.005 1.60101403187 1.51152416514
9.01 1.6085368103 1.49757490962
9.015 1.61598966111 1.4835535301
9.02 1.62337223056 1.46946277312
9.025 1.63068417864 1.45530539171
9.03 1.63792517908 1.4410841437
9.035 1.6450949194 1.42680179007
9.04 1.65219310087 1.41246109324
9.045 1.65921943852 1.39806481544
9.05 1.66617366136 1.38361571762
9.055 1.67305551252 1.36911655823
9.06 1.67986474858 1.35457009019
9.065 1.68660113988 1.33997906
9.07 1.69326447045 1.32534620624
9.075 1.69985453794 1.31067425807
9.08 1.7063711536 1.29596593375
9.085 1.71281414219 1.28122393919
9.09 1.71918334192 1.26645096651
9.095 1.72547860491 1.25164969218
9.1 1.73169979643 1.23682277627
9.105 1.73784679488 1.22197286106
9.11 1.74391949184 1.20710256966
9.115 1.74991779192 1.19221450475
9.12 1.75584161264 1.17731124744
9.125 1.76169088435 1.16239535603
9.13 1.76746555007 1.14746936497
9.135 1.77316556568 1.13253578233
9.14 1.77879089979 1.11759708877
9.145 1.78434153302 1.10265573899
9.15 1.78981745818 1.08771415943
9.155 1.79521868012 1.07277474732
9.16 1.80054521555 1.05783986983
9.165 1.80579709289 1.04291186324
9.17 1.81097435209 1.02799303218
9.175 1.81607704445 1.01308564897
9.18 1.8211052325 0.998191952677
9.185 1.82605899043 0.983314144126
9.19 1.83093840327 0.968454389808
9.195 1.83574356667 0.953614821478
9.2 1.84047458687 0.938797534392
9.205 1.84513158055 0.924004586709
9.21 1.84971467468 0.909237998933
9.215 1.85422400628 0.894499753392
9.22 1.85865972212 0.87979179428
9.225 1.8630219781 0.865116028268
9.23 1.86731093988 0.850474322096
9.235 1.87152678231 0.83586850309
9.24 1.87566968925 0.821300359012
9.245 1.87973985335 0.806771637897
9.25 1.8837374758 0.792284047947
9.255 1.88766276615 0.77783925743
9.26 1.8915159426 0.763438890928
9.265 1.89529723146 0.749084531741
9.27 1.89900686662 0.734777723831
9.275 1.90264508964 0.720519970167
9.28 1.90621214951 0.706312732698
9.285 1.90970830246 0.692157432357
9.29 1.91313381181 0.678055449106
9.295 1.91648894761 0.664008122017
9.3 1.91977398621 0.650016749428
9.305 1.9229892105 0.63608258901
9.31 1.9261349096 0.62220685796
9.315 1.9292113786 0.608390733214
9.32 1.93221891838 0.594635351682
9.325 1.9351578354 0.580941810516
9.33 1.93802844146 0.567311167411
9.335 1.94083105362 0.553744440004
9.34 1.94356599394 0.540242606189
9.345 1.94623358925 0.526806605814
9.35 1.94883417099 0.513437340303
9.355 1.95136807502 0.500135673011
9.36 1.95383564143 0.486902429617
9.365 1.95623721437 0.473738398522
9.37 1.95857314185 0.460644331242
9.375 1.96084377541 0.447620942456
9.38 1.96304947011 0.434668910913
9.385 1.96519058438 0.421788879846
9.39 1.96726747973 0.408981457368
9.395 1.96928052069 0.396247216954
9.4 1.97123007454 0.383586697935
9.405 1.9731165112 0.371000406005
9.41 1.97494020302 0.358488813644
9.415 1.97670152452 0.346052360526
9.42 1.97840085244 0.333691454337
9.425 1.98003856546 0.321406471183
9.43 1.98161504407 0.309197756126
9.435 1.98313067043 0.29706562372
9.44 1.9845858282 0.285010358567
9.445 1.98598090242 0.273032215864
9.45 1.98731627922 0.261131422126
9.455 1.98859234583 0.249308175605
9.46 1.9898094904 0.237562646805
9.465 1.99096810189 0.2258949791
9.47 1.99206856994 0.214305289299
9.475 1.99311128468 0.202793668211
9.48 1.99409663666 0.191360181207
9.485 1.99502501669 0.180004868892
9.49 1.99589681556 0.168727748031
9.495 1.9967124242 0.157528811415
9.5 1.99747223346 0.146408028662
9.505 1.99817663399 0.135365346808
9.51 1.99882601612 0.124400690858
9.515 1.99942076981 0.113513964321
9.52 1.99996128447 0.102705049754
9.525 2.00044794892 0.0919738092812
9.53 2.0008811513 0.0813200851647
9.535 2.00126127856 0.0707437017374
9.54 2.0015887168 0.0602444644547
9.545 2.00186385123 0.0498221601554
9.55 2.00208706593 0.0394765580605
9.555 2.00225874381 0.0292074102828
9.56 2.0023792665 0.019014452327
9.565 2.00244901429 0.00889740358039
9.57 2.00246836604 -0.00114403220876
9.575 2.00243769912 -0.0111101664628
9.58 2.00235738924 -0.0210013245061
9.585 2.00222781026 -0.0308178446001
9.59 2.00204933451 -0.0405600795857
9.595 2.00182233248 -0.0502283954134
9.6 2.00154717282 -0.0598231706641
9.605 2.0012242223 -0.0693447961074
9.61 2.00085384566 -0.0787936742715
9.615 2.00043640566 -0.0881702190254
9.62 1.99997226296 -0.0974748551722
9.625 1.9994617761 -0.10670801784
9.63 1.99890530119 -0.115870150488
9.635 1.99830319223 -0.124961706849
9.64 1.99765580094 -0.133983150065
9.645 1.9969634767 -0.142934952004
9.65 1.99622656653 -0.151817592885
9.655 1.99544541503 -0.160631560912
9.66 1.99462036434 -0.169377351921
9.665 1.99375175411 -0.178055469033
9.67 1.9928399215 -0.18666642233
9.675 1.99188520099 -0.195210727408
9.68 1.99088792449 -0.203688905682
9.685 1.9898484213 -0.212101485014
9.69 1.98876701809 -0.220448998729
9.695 1.98764403884 -0.228731985299
9.7 1.98647980483 -0.23695098805
9.705 1.98527463462 -0.245106554866
9.71 1.98402884402 -0.253199237912
9.715 1.98274274608 -0.261229593365
9.72 1.98141665105 -0.269198180833
9.725 1.98005086634 -0.277105562318
9.73 1.97864569656 -0.284952303577
9.735 1.97720144348 -0.292738973263
9.74 1.97571840604 -0.300466142605
9.745 1.97419688031 -0.308134385168
9.75 1.97263715947 -0.315744276626
9.755 1.97103953386 -0.32329639454
9.76 1.96940429088 -0.330791318141
9.765 1.96773171507 -0.338229628101
9.77 1.96602208804 -0.345611905582
9.775 1.96427568849 -0.352938732873
9.78 1.96249279222 -0.360210693256
9.785 1.96067367211 -0.367428370591
9.79 1.95881859811 -0.374592349133
9.795 1.95692783724 -0.381703213357
9.8 1.95500165362 -0.388761547788
9.805 1.95304030843 -0.395767936843
9.81 1.95104405992 -0.402722964669
9.815 1.94901316346 -0.409627214749
9.82 1.94694787148 -0.416481269657
9.825 1.94484843352 -0.423285711483
9.83 1.94271509617 -0.430041121415
9.835 1.94054810316 -0.436748079588
9.84 1.93834769528 -0.443407164964
9.845 1.93611411046 -0.450018955208
9.85 1.93384758371 -0.456584026564
9.855 1.9315483472 -0.463102953751
9.86 1.92921663019 -0.469576309812
9.865 1.92685265914 -0.476004665782
9.87 1.92445665763 -0.482388590941
9.875 1.92202884641 -0.488728652634
9.88 1.91956944336 -0.495025416139
9.885 1.91707866359 -0.501279444573
9.89 1.91455671934 -0.507491298814
9.895 1.91200382009 -0.513661537412
9.9 1.90942017252 -0.51979071652
9.905 1.90680598052 -0.525879389815
9.91 1.90416144525 -0.53192810836
9.915 1.90148676514 -0.537937420586
9.92 1.89878213586 -0.543907872275
9.925 1.89604775036 -0.549840006463
9.93 1.89328379886 -0.555734363382
9.935 1.89049046891 -0.561591480404
9.94 1.88766794537 -0.567411891994
9.945 1.88481641041 -0.573196129658
9.95 1.88193604357 -0.578944721899
9.955 1.87902702176 -0.584658194182
9.96 1.87608951931 -0.590337068913
9.965 1.87312370791 -0.59598186536
9.97 1.87012975665 -0.601593099639
9.975 1.86710783208 -0.607171284677
9.98 1.86405809814 -0.612716930186
9.985 1.86098071628 -0.618230542636
9.99 1.85787584539 -0.623712625226
9.995 1.85474364184 -0.629163677862
