0.0 -2.0 0.0
0.005 -1.9999750016 0.00999919982356
0.01 -1.99990001146 0.0199966514665
0.015 -1.99977503862 0.0299921129199
0.02 -1.99960009404 0.0399853254212
0.025 -1.99937518953 0.0499760419173
0.03 -1.99910033819 0.0599640143812
0.035 -1.99877555437 0.069948995194
0.04 -1.99840085364 0.07993073714
0.045 -1.9979762528 0.0899089934228
0.05 -1.99750176991 0.0998835176897
0.055 -1.99697742421 0.109854063998
0.06 -1.99640323623 0.119820386826
0.065 -1.99577922768 0.129782241082
0.07 -1.99510542153 0.139739382111
0.075 -1.99438184197 0.149691565704
0.08 -1.99360851439 0.159638548097
0.085 -1.99278546542 0.169580085983
0.09 -1.99191272291 0.179515936513
0.095 -1.9909903159 0.189445857311
0.1 -1.99001827462 0.199369606485
0.105 -1.98899663053 0.209286942614
0.11 -1.98792541629 0.219197624756
0.115 -1.98680466577 0.22910141246
0.12 -1.98563441406 0.238998065772
0.125 -1.98441469741 0.248887345238
0.13 -1.98314555329 0.258769011911
0.135 -1.98182702037 0.268642827358
0.14 -1.98045913849 0.278508553662
0.145 -1.9790419487 0.288365953278
0.15 -1.97757549322 0.298214789133
0.155 -1.97605981545 0.308054824777
0.16 -1.97449495999 0.317885824285
0.165 -1.97288097261 0.327707552258
0.17 -1.97121790025 0.337519773828
0.175 -1.96950579104 0.347322254666
0.18 -1.96774469426 0.357114760982
0.185 -1.96593466039 0.366897059532
0.19 -1.96407574104 0.37666891761
0.195 -1.96216798899 0.386430102897
0.2 -1.96021145816 0.396180383693
0.205 -1.95820620367 0.405919528883
0.21 -1.95615228176 0.415647307905
0.215 -1.95404974984 0.425363490758
0.22 -1.95189866648 0.435067847997
0.225 -1.94969909136 0.444760150748
0.23 -1.94745108536 0.454440170701
0.235 -1.94515471045 0.464107680122
0.24 -1.94281002976 0.473762451802
0.245 -1.94041710753 0.483404259004
0.25 -1.93797600914 0.493032875649
0.255 -1.9354868011 0.502648076243
0.26 -1.93294955106 0.512249635867
0.265 -1.93036432778 0.521837330188
0.27 -1.92773120117 0.531410935453
0.275 -1.92505024221 0.540970228499
0.28 -1.92232152305 0.550514986755
0.285 -1.91954511689 0.560044988166
0.29 -1.91672109811 0.569560011436
0.295 -1.91384954211 0.579059835535
0.3 -1.91093052544 0.588544240216
0.305 -1.90796412574 0.598013005825
0.31 -1.90495042177 0.607465913301
0.315 -1.90188949335 0.616902744182
0.32 -1.89878142143 0.626323280607
0.325 -1.89562628802 0.635727305319
0.33 -1.89242417622 0.645114601666
0.335 -1.88917517022 0.654484953583
0.34 -1.88587935526 0.663838145451
0.345 -1.88253681768 0.673173962351
0.35 -1.87914764488 0.682492190006
0.355 -1.87571192534 0.691792614747
0.36 -1.87222974861 0.701075023514
0.365 -1.86870120531 0.710339203859
0.37 -1.8651263871 0.719584943949
0.375 -1.86150538672 0.728812032561
0.38 -1.85783829797 0.738020259089
0.385 -1.85412521567 0.747209413544
0.39 -1.85036623571 0.756379286553
0.395 -1.84656145505 0.765529669361
0.4 -1.84271097164 0.774660353833
0.405 -1.83881488452 0.783771132453
0.41 -1.83487329373 0.792861798325
0.415 -1.83088630037 0.801932145108
0.42 -1.82685400652 0.810981966942
0.425 -1.82277651534 0.820011058712
0.43 -1.81865393099 0.829019215926
0.435 -1.81448635864 0.838006234703
0.44 -1.8102739045 0.846971911776
0.445 -1.80601667579 0.855916044487
0.45 -1.80171478073 0.864838430787
0.455 -1.79736832854 0.873738869238
0.46 -1.79297742947 0.882617159011
0.465 -1.78854219475 0.891473099883
0.47 -1.78406273661 0.900306492235
0.475 -1.77953916827 0.909117137058
0.48 -1.77497160395 0.917904835941
0.485 -1.77036015884 0.926669391077
0.49 -1.76570494914 0.93541060526
0.495 -1.76100609208 0.94412828221
0.5 -1.75626370589 0.952822226341
0.505 -1.75147790973 0.961492242422
0.51 -1.74664882374 0.970138135842
0.515 -1.74177656899 0.978759712603
0.52 -1.73686126758 0.987356779325
0.525 -1.73190304252 0.995929143241
0.53 -1.72690201782 1.0044766122
0.535 -1.72185831841 1.01299899466
0.54 -1.71677207022 1.02149609969
0.545 -1.71164340009 1.02996773699
0.55 -1.70647243585 1.03841371684
0.555 -1.70125930623 1.04683385016
0.56 -1.69600414093 1.05522794845
0.565 -1.69070707059 1.06359582383
0.57 -1.68536822679 1.07193728906
0.575 -1.67998774206 1.08025215775
0.58 -1.67456574988 1.08854024405
0.585 -1.66910238461 1.09680136261
0.59 -1.66359778156 1.10503532871
0.595 -1.65805207695 1.11324195824
0.6 -1.65246540793 1.12142106771
0.605 -1.64683791254 1.12957247425
0.61 -1.64116972977 1.13769599559
0.615 -1.63546099949 1.14579145009
0.62 -1.62971186248 1.15385865672
0.625 -1.62392246043 1.16189743504
0.63 -1.61809293593 1.16990760526
0.635 -1.61222343247 1.17788898817
0.64 -1.60631409443 1.18584140518
0.645 -1.60036506706 1.19376467833
0.65 -1.59437649654 1.20165863027
0.655 -1.58834852993 1.20952308445
0.66 -1.58228131516 1.21735786477
0.665 -1.57617500104 1.22516279577
0.67 -1.57002973725 1.23293770259
0.675 -1.56384567435 1.24068241098
0.68 -1.55762296376 1.24839674731
0.685 -1.55136175779 1.25608053857
0.69 -1.54506220959 1.26373361234
0.695 -1.53872447316 1.27135579684
0.7 -1.5323487034 1.2789469209
0.705 -1.52593505602 1.28650681393
0.71 -1.51948368761 1.294035306
0.715 -1.51299475559 1.30153222775
0.72 -1.50646841824 1.30899741046
0.725 -1.49990483468 1.316430686
0.73 -1.49330416485 1.32383188695
0.735 -1.48666656954 1.33120084654
0.74 -1.47999221039 1.33853739856
0.745 -1.47328124984 1.34584137737
0.75 -1.46653385117 1.35311261797
0.755 -1.45975017848 1.36035095599
0.76 -1.4529303967 1.36755622765
0.765 -1.44607467156 1.3747282698
0.77 -1.43918316963 1.3818669199
0.775 -1.43225605826 1.38897201604
0.78 -1.42529350564 1.3960433969
0.785 -1.41829568073 1.4030809018
0.79 -1.41126275332 1.41008437068
0.795 -1.404194894 1.41705364407
0.8 -1.39709227412 1.42398856314
0.805 -1.38995506588 1.43088896962
0.81 -1.38278344221 1.43775470615
0.815 -1.37557757685 1.44458561577
0.82 -1.36833764433 1.45138154218
0.825 -1.36106381996 1.45814232969
0.83 -1.35375627982 1.46486782323
0.835 -1.34641520076 1.47155786836
0.84 -1.33904076041 1.47821231129
0.845 -1.33163313717 1.48483099881
0.85 -1.3241925102 1.49141377837
0.855 -1.31671905941 1.49796049804
0.86 -1.30921296549 1.50447100652
0.865 -1.30167440987 1.51094515313
0.87 -1.29410357474 1.51738278783
0.875 -1.28650064303 1.52378376121
0.88 -1.27886579844 1.53014792448
0.885 -1.27119922537 1.53647512953
0.89 -1.26350110896 1.54276522902
0.895 -1.25577163511 1.54901807614
0.9 -1.24801099043 1.55523352471
0.905 -1.2402193623 1.56141142917
0.91 -1.23239693877 1.56755164462
0.915 -1.22454390868 1.57365402678
0.92 -1.21666046153 1.57971843205
0.925 -1.20874678758 1.58574471743
0.93 -1.20080307777 1.59173274062
0.935 -1.19282952378 1.59768235992
0.94 -1.18482631798 1.60359343433
0.945 -1.17679365345 1.60946582345
0.95 -1.16873172397 1.61529938758
0.955 -1.16064072401 1.62109398765
0.96 -1.15252084876 1.62684948524
0.965 -1.14437229406 1.63256574262
0.97 -1.13619525648 1.63824262269
0.975 -1.12798993324 1.64387998903
0.98 -1.11975652228 1.64947770587
0.985 -1.11149522217 1.65503563812
0.99 -1.10320623221 1.66055365134
0.995 -1.09488975232 1.66603161182
1.0 -1.08654598303 1.67146938673
1.005 -1.0781751256 1.67686684375
1.01 -1.06977738195 1.68222385125
1.015 -1.06135295463 1.68754027825
1.02 -1.0529020469 1.69281599446
1.025 -1.04442486261 1.6980508703
1.03 -1.0359216063 1.70324477688
1.035 -1.02739248313 1.70839758599
1.04 -1.01883769891 1.71350917015
1.045 -1.01025746009 1.71857940257
1.05 -1.00165197374 1.72360815716
1.055 -0.993021447552 1.72859530857
1.06 -0.984366089872 1.73354073213
1.065 -0.975686109647 1.73844430392
1.07 -0.966981716447 1.74330590072
1.075 -0.958253120458 1.74812540005
1.08 -0.949500532477 1.75290268015
1.085 -0.940724163909 1.75763762001
1.09 -0.931924226763 1.76233009934
1.095 -0.923100933648 1.76697999861
1.1 -0.914254497771 1.77158719902
1.105 -0.90538513293 1.77615158251
1.11 -0.896493053475 1.78067303133
1.115 -0.887578474363 1.78515142875
1.12 -0.87864161114 1.78958665887
1.125 -0.86968267993 1.79397860655
1.13 -0.860701897431 1.79832715741
1.135 -0.851699480911 1.80263219785
1.14 -0.842675648203 1.806893615
1.145 -0.833630617704 1.81111129681
1.15 -0.824564608368 1.81528513196
1.155 -0.815477839703 1.81941500995
1.16 -0.80637053177 1.82350082104
1.165 -0.797242905175 1.8275424563
1.17 -0.788095181066 1.83153980758
1.175 -0.778927581132 1.83549276753
1.18 -0.769740327594 1.83940122961
1.185 -0.760533643207 1.84326508809
1.19 -0.751307751251 1.84708423805
1.195 -0.742062875529 1.8508585754
1.2 -0.732799240362 1.85458799687
1.205 -0.723517070587 1.8582724
1.21 -0.71421659155 1.8619116832
1.215 -0.704898029104 1.86550574567
1.22 -0.695561609608 1.86905448704
1.225 -0.686207559915 1.87255780798
1.23 -0.676836107373 1.87601561014
1.235 -0.66744747982 1.87942779601
1.24 -0.658041905579 1.88279426894
1.245 -0.648619613454 1.88611493313
1.25 -0.639180832725 1.88938969367
1.255 -0.629725793146 1.89261845649
1.26 -0.620254724939 1.8958011284
1.265 -0.610767858789 1.89893761709
1.27 -0.601265425841 1.90202783115
1.275 -0.591747657695 1.90507168004
1.28 -0.582214786402 1.90806907413
1.285 -0.572667044458 1.91101992467
1.29 -0.563104664802 1.91392414384
1.295 -0.553527880809 1.91678164472
1.3 -0.543936926287 1.91959234132
1.305 -0.534332035473 1.92235614854
1.31 -0.524713443024 1.92507298226
1.315 -0.51508138402 1.92774275925
1.32 -0.505436093952 1.93036539726
1.325 -0.495777808723 1.93294081493
1.33 -0.486106764633 1.93546893163
1.335 -0.476423198385 1.93794966776
1.34 -0.466727347078 1.94038294479
1.345 -0.457019448204 1.94276868515
1.35 -0.447299739636 1.94510681223
1.355 -0.437568459632 1.94739725039
1.36 -0.427825846821 1.94963992498
1.365 -0.418072140208 1.95183476234
1.37 -0.408307579159 1.95398168979
1.375 -0.398532403403 1.95608063564
1.38 -0.388746853025 1.95813152923
1.385 -0.378951168459 1.96013430087
1.39 -0.369145590486 1.96208888193
1.395 -0.359330360227 1.96399520476
1.4 -0.349505719139 1.96585320277
1.405 -0.339671909008 1.96766281037
1.41 -0.329829171946 1.96942396304
1.415 -0.319977750383 1.97113659729
1.42 -0.310117887065 1.97280065068
1.425 -0.300249825047 1.97441606184
1.43 -0.290373807687 1.97598277045
1.435 -0.280490078643 1.97750071727
1.44 -0.270598881889 1.97896984394
1.445 -0.260700461683 1.98039009323
1.45 -0.250795062552 1.98176140908
1.455 -0.240882929302 1.98308373652
1.46 -0.230964307011 1.98435702168
1.465 -0.221039441023 1.98558121178
1.47 -0.211108576942 1.98675625516
1.475 -0.201171960629 1.98788210127
1.48 -0.191229838195 1.98895870068
1.485 -0.181282455992 1.98998600508
1.49 -0.171330060615 1.9909639673
1.495 -0.161372898887 1.9918925413
1.5 -0.15141121786 1.9927716822
1.505 -0.141445264808 1.99360134626
1.51 -0.131475287219 1.99438149089
1.515 -0.121501532791 1.99511207468
1.52 -0.111524249425 1.99579305738
1.525 -0.101543685218 1.99642439992
1.53 -0.0915600884632 1.9970060644
1.535 -0.0815737076346 1.99753801412
1.54 -0.0715847913881 1.99802021359
1.545 -0.0615935885533 1.99845262848
1.55 -0.0516003481677 1.99883522552
1.555 -0.0416053194251 1.99916797266
1.56 -0.0316087516536 1.99945083917
1.565 -0.0216108943316 1.99968379553
1.57 -0.0116119970817 1.99986681346
1.575 -0.00161230966492 1.99999986589
1.58 0.00838791802609 2.00008292701
1.585 0.0183884359729 2.00011597223
1.59 0.0283889940378 2.00009897824
1.595 0.03838934197 2.00003192294
1.6 0.0483892294119 1.99991478553
1.605 0.0583884059059 1.99974754646
1.61 0.0683866209002 1.99953018744
1.615 0.0783836237559 1.99926269149
1.62 0.0883791637529 1.99894504287
1.625 0.0983729900968 1.99857722716
1.63 0.108364851926 1.99815923123
1.635 0.118354498316 1.99769104325
1.64 0.128341678289 1.99717265268
1.645 0.13832614082 1.99660405031
1.65 0.148307634842 1.99598522824
1.655 0.158285909251 1.99531617989
1.66 0.168260712864 1.99459689989
1.665 0.178231794471 1.99382738418
1.67 0.188198902884 1.99300763013
1.675 0.198161786908 1.99213763646
1.68 0.208120195342 1.99121740321
1.685 0.218073876991 1.9902469318
1.69 0.228022580671 1.98922622499
1.695 0.237966055212 1.98815528688
1.7 0.247904049474 1.98703412295
1.705 0.257836312344 1.98586274007
1.71 0.267762592748 1.98464114646
1.715 0.27768263966 1.98336935171
1.72 0.287596202103 1.98204736681
1.725 0.297503029162 1.98067520413
1.73 0.307402869986 1.97925287744
1.735 0.317295473799 1.97778040191
1.74 0.327180589905 1.97625779408
1.745 0.337057967696 1.97468507194
1.75 0.34692735666 1.97306225487
1.755 0.356788506384 1.97138936365
1.76 0.366641166568 1.9696664205
1.765 0.376485087027 1.96789344905
1.77 0.386320017642 1.9660704743
1.775 0.396145708409 1.96419752264
1.78 0.405961909511 1.96227462197
1.785 0.415768371274 1.96030180162
1.79 0.425564844175 1.95827909237
1.795 0.435351078849 1.95620652642
1.8 0.445126826095 1.95408413743
1.805 0.454891836884 1.95191196051
1.81 0.464645862368 1.94969003222
1.815 0.474388653887 1.94741839059
1.82 0.484119962973 1.94509707508
1.825 0.493839541361 1.94272612664
1.83 0.503547140995 1.94030558767
1.835 0.513242514037 1.93783550204
1.84 0.522925412871 1.9353159151
1.845 0.532595590116 1.93274687366
1.85 0.542252798628 1.93012842603
1.855 0.551896791509 1.92746062196
1.86 0.561527322117 1.92474351273
1.865 0.571144144072 1.92197715106
1.87 0.580747011263 1.91916159118
1.875 0.590335677857 1.9162968888
1.88 0.599909898247 1.91338310112
1.885 0.609469427089 1.91042028681
1.89 0.619014019397 1.90740850606
1.895 0.628543430492 1.90434782054
1.9 0.638057416005 1.90123829344
1.905 0.647555731888 1.89807998942
1.91 0.657038134421 1.89487297466
1.915 0.666504380219 1.89161731684
1.92 0.675954226238 1.88831308514
1.925 0.685387429787 1.88496035024
1.93 0.69480374853 1.88155918432
1.935 0.7042029405 1.87810966109
1.94 0.713584764099 1.87461185573
1.945 0.722948978113 1.87106584496
1.95 0.732295341715 1.86747170698
1.955 0.741623614474 1.86382952153
1.96 0.750933556365 1.86013936982
1.965 0.760224927772 1.8564013346
1.97 0.769497489499 1.85261550012
1.975 0.778751002778 1.84878195212
1.98 0.787985229274 1.84490077788
1.985 0.797199931095 1.84097206616
1.99 0.806394870753 1.83699590729
1.995 0.815569811175 1.83297239312
2.0 0.824724515815 1.82890161698
2.005 0.833858748598 1.82478367368
2.01 0.842972273926 1.82061865956
2.015 0.85206485669 1.81640667246
2.02 0.86113626227 1.81214781171
2.025 0.87018625655 1.80784217817
2.03 0.87921460592 1.80348987419
2.035 0.88822107729 1.79909100362
2.04 0.897205438089 1.79464567181
2.045 0.90616745628 1.79015398561
2.05 0.915106900365 1.78561605337
2.055 0.92402353939 1.78103198492
2.06 0.932917142957 1.77640189161
2.065 0.941787481229 1.77172588625
2.07 0.950634324938 1.76700408316
2.075 0.959457445394 1.76223659813
2.08 0.96825661449 1.75742354845
2.085 0.97703160471 1.75256505287
2.09 0.985782189139 1.74766123164
2.095 0.994508141469 1.74271220646
2.1 1.00320923597 1.7377181006
2.105 1.01188524749 1.73267903889
2.11 1.02053595157 1.72759514751
2.115 1.02916112436 1.72246655408
2.12 1.0377605427 1.71729338772
2.125 1.04633398402 1.71207577897
2.13 1.05488122645 1.70681385985
2.135 1.06340204878 1.70150776382
2.14 1.07189623045 1.6961576258
2.145 1.08036355159 1.69076358215
2.15 1.08880379302 1.68532577066
2.155 1.09721673625 1.67984433056
2.16 1.10560216349 1.67431940251
2.165 1.11395985766 1.66875112862
2.17 1.12228960238 1.66313965238
2.175 1.13059118202 1.65748511873
2.18 1.13886438166 1.651787674
2.185 1.14710898711 1.64604746594
2.19 1.15532478494 1.64026464369
2.195 1.16351156247 1.6344393578
2.2 1.17166910775 1.6285717602
2.205 1.17979720964 1.6226620042
2.21 1.18789565771 1.6167102446
2.215 1.1959642423 1.61071663775
2.22 1.20400275456 1.60468134117
2.225 1.21201098644 1.59860451374
2.23 1.21998873068 1.5924863157
2.235 1.22793578084 1.58632690864
2.24 1.23585193128 1.58012645553
2.245 1.24373697716 1.57388512064
2.25 1.25159071451 1.5676030696
2.255 1.25941294016 1.56128046937
2.26 1.26720345177 1.55491748823
2.265 1.27496204787 1.54851429579
2.27 1.28268852783 1.54207106294
2.275 1.29038269188 1.53558796189
2.28 1.29804434111 1.52906516616
2.285 1.30567327749 1.52250285053
2.29 1.31326930386 1.51590119106
2.295 1.32083222395 1.50926036512
2.3 1.32836184237 1.5025805513
2.305 1.33585796463 1.49586192947
2.31 1.34332039716 1.48910468075
2.315 1.35074894728 1.48230898747
2.32 1.35814342322 1.47547503335
2.325 1.36550363413 1.46860300353
2.33 1.3728293901 1.46169308416
2.335 1.38012050214 1.45474546257
2.34 1.38737678221 1.4477603273
2.345 1.39459804323 1.4407378681
2.35 1.40178409904 1.4336782759
2.355 1.40893476446 1.42658174281
2.36 1.41604985527 1.41944846213
2.365 1.42312918821 1.41227862832
2.37 1.43017258102 1.40507243698
2.375 1.43717985238 1.39783008486
2.38 1.444150822 1.39055176988
2.385 1.45108531055 1.38323769104
2.39 1.45798313971 1.3758880485
2.395 1.46484413217 1.3685030435
2.4 1.47166811161 1.36108287839
2.405 1.47845490275 1.35362775662
2.41 1.48520433132 1.34613788272
2.415 1.49191622405 1.33861346226
2.42 1.49859040874 1.33105470191
2.425 1.5052267142 1.32346180937
2.43 1.51182497029 1.31583499346
2.435 1.51838500795 1.30817446435
2.44 1.52490665913 1.30048043294
2.445 1.53138975685 1.29275311114
2.45 1.5378341352 1.28499271189
2.455 1.54423962932 1.27719944908
2.46 1.55060607542 1.26937353764
2.465 1.55693331081 1.26151519344
2.47 1.56322117386 1.25362463334
2.475 1.56946950404 1.24570207516
2.48 1.5756781419 1.23774773764
2.485 1.58184692909 1.22976184049
2.49 1.58797570837 1.22174460432
2.495 1.59406432359 1.21369625066
2.5 1.60011261971 1.20561700197
2.505 1.60612044281 1.19750708156
2.51 1.6120876401 1.18936671366
2.515 1.61801405989 1.18119612335
2.52 1.62389955162 1.17299553657
2.525 1.62974396588 1.16476518012
2.53 1.63554715438 1.15650528162
2.535 1.64130896997 1.14821606954
2.54 1.64702926666 1.13989777321
2.545 1.65270789965 1.13155062305
2.55 1.65834472525 1.12317485005
2.555 1.66393960094 1.11477068596
2.56 1.66949238533 1.10633836329
2.565 1.67500293822 1.09787811534
2.57 1.68047112057 1.08939017616
2.575 1.68589679451 1.08087478053
2.58 1.69127982334 1.07233216399
2.585 1.69662007155 1.06376256277
2.59 1.70191740481 1.05516621384
2.595 1.70717168997 1.04654335485
2.6 1.71238279506 1.03789422414
2.605 1.71755058934 1.02921906074
2.61 1.72267494322 1.02051810432
2.615 1.72775572834 1.01179159523
2.62 1.73279281753 1.00303977444
2.625 1.73778608483 0.99426288356
2.63 1.74273540548 0.985461164814
2.635 1.74764065593 0.976634861032
2.64 1.75250171386 0.967784215642
2.645 1.75731845816 0.958909472651
2.65 1.76209076894 0.950010876679
2.655 1.76681852764 0.941088673124
2.66 1.77150161683 0.932143107772
2.665 1.77613992033 0.923174426919
2.67 1.78073332318 0.914182877391
2.675 1.78528171165 0.905168706536
2.68 1.78978497326 0.896132162208
2.685 1.79424299676 0.887073492758
2.69 1.79865567215 0.877992947022
2.695 1.80302289067 0.868890774311
2.7 1.8073445448 0.859767224396
2.705 1.81162052828 0.850622547499
2.71 1.81585073611 0.841456994284
2.715 1.82003506451 0.832270815838
2.72 1.824173411 0.823064263669
2.725 1.82826567432 0.813837589685
2.73 1.83231175448 0.804591046192
2.735 1.83631155276 0.795324885874
2.74 1.8402649717 0.786039361786
2.745 1.84417191509 0.776734727344
2.75 1.848032288 0.76741123631
2.755 1.85184599677 0.758069142781
2.76 1.85561294901 0.748708701199
2.765 1.8593330537 0.73933016644
2.77 1.86300622105 0.729933793603
2.775 1.86663236249 0.720519838058
2.78 1.87021139076 0.711088555459
2.785 1.87374321986 0.701640201734
2.79 1.87722776509 0.692175033071
2.795 1.88066494299 0.68269330591
2.8 1.88405467144 0.673195276928
2.805 1.88739686954 0.663681203035
2.81 1.89069145774 0.654151341357
2.815 1.89393835771 0.644605949227
2.82 1.89713749246 0.635045284174
2.825 1.90028878626 0.625469603915
2.83 1.90339216466 0.615879166341
2.835 1.90644755453 0.606274229508
2.84 1.90945488399 0.596655051624
2.845 1.91241408249 0.587021891042
2.85 1.91532508073 0.57737500625
2.855 1.91818781074 0.567714655854
2.86 1.9210022058 0.558041098576
2.865 1.92376820051 0.548354593238
2.87 1.92648573077 0.538655398756
2.875 1.92915473387 0.528943774133
2.88 1.93177514833 0.51921997844
2.885 1.93434691395 0.509484270807
2.89 1.93686997182 0.499736910417
2.895 1.93934426433 0.489978156493
2.9 1.94176973515 0.480208268292
2.905 1.94414632927 0.470427505089
2.91 1.94647399295 0.460636126175
2.915 1.94875267377 0.450834390842
2.92 1.95098232059 0.441022558374
2.925 1.95316288357 0.431200888041
2.93 1.95529431417 0.421369639085
2.935 1.95737656513 0.411529070712
2.94 1.95940959051 0.401679442085
2.945 1.96139334564 0.391821012314
2.95 1.96332778715 0.381954040443
2.955 1.96521287297 0.372078785448
2.96 1.96704856232 0.36219550622
2.965 1.96883481571 0.352304461562
2.97 1.97057159494 0.342405910181
2.975 1.9722588631 0.332500110672
2.98 1.97389658459 0.32258732151
2.985 1.97548472518 0.312667800938
2.99 1.97702325191 0.302741807121
2.995 1.97851213303 0.292809598107
3.0 1.97995133813 0.282871431792
3.005 1.98134083807 0.272927565908
3.01 1.982680605 0.262978258021
3.015 1.98397061234 0.253023765517
3.02 1.98521083481 0.243064345596
3.025 1.98640124843 0.233100255266
3.03 1.98754183049 0.22313175133
3.035 1.98863255954 0.213159090384
3.04 1.98967341545 0.203182528806
3.045 1.99066437936 0.193202322749
3.05 1.99160543366 0.183218728133
3.055 1.99249656206 0.173232000639
3.06 1.99333774952 0.1632423957
3.065 1.99412898228 0.153250168495
3.07 1.99487024785 0.143255573942
3.075 1.99556153503 0.133258866691
3.08 1.99620283388 0.123260301115
3.085 1.9967941357 0.113260131306
3.09 1.99733543312 0.103258611057
3.095 1.99782672006 0.0932559936917
3.1 1.99826799169 0.0832525323006
3.105 1.99865924445 0.073248479718
3.11 1.99900047599 0.0632440884569
3.115 1.99929168525 0.0532396107022
3.12 1.99953287244 0.043235298304
3.125 1.99972403901 0.033231402772
3.13 1.99986518768 0.0232281752682
3.135 1.99995632241 0.0132258666018
3.14 1.99999744841 0.00322472722224
3.145 1.99998857218 -0.00677499278634
3.15 1.99992970141 -0.016773043711
3.155 1.99982084509 -0.0267691762158
3.16 1.99966201342 -0.0367631413476
3.165 1.99945321787 -0.0467546905412
3.17 1.99919447112 -0.0567435756253
3.175 1.99888578713 -0.0667295488274
3.18 1.99852718105 -0.0767123627792
3.185 1.9981186693 -0.0866917705218
3.19 1.99766026953 -0.0966675255103
3.195 1.9971520006 -0.106639381649
3.2 1.99659388266 -0.116607093418
3.205 1.99598593703 -0.126570415619
3.21 1.99532818629 -0.136529103471
3.215 1.99462065422 -0.146482912636
3.22 1.99386336581 -0.156431599224
3.225 1.99305634729 -0.1663749198
3.23 1.99219962611 -0.176312631385
3.235 1.9912932309 -0.186244491465
3.24 1.99033719154 -0.196170257991
3.245 1.98933153909 -0.206089689385
3.25 1.98827630584 -0.216002544545
3.255 1.98717152525 -0.225908582847
3.26 1.98601723202 -0.23580756415
3.265 1.98481346203 -0.245699248801
3.27 1.98356025235 -0.255583397638
3.275 1.98225764126 -0.26545977199
3.28 1.98090566822 -0.275328133688
3.285 1.97950437388 -0.285188245059
3.29 1.97805380008 -0.295039868939
3.295 1.97655398983 -0.304882768669
3.3 1.97500498736 -0.314716708186
3.305 1.97340683808 -0.324541452089
3.31 1.97175958856 -0.334356765341
3.315 1.97006328653 -0.34416241342
3.32 1.96831798091 -0.353958162336
3.325 1.96652372178 -0.363743778634
3.33 1.96468056038 -0.373519029393
3.335 1.96278854912 -0.383283682233
3.34 1.96084774158 -0.393037505314
3.345 1.95885819248 -0.402780267344
3.35 1.9568199577 -0.412511737576
3.355 1.95473309427 -0.422231685814
3.36 1.95259766039 -0.431939882415
3.365 1.95041371539 -0.44163609829
3.37 1.94818131973 -0.451320104907
3.375 1.94590053504 -0.460991674295
3.38 1.94357142408 -0.470650579042
3.385 1.94119405072 -0.480296592301
3.39 1.93876848001 -0.489929487789
3.395 1.93629477808 -0.499549039792
3.4 1.93377301223 -0.509155023162
3.405 1.93120325084 -0.518747213451
3.41 1.92858556346 -0.528325386822
3.415 1.92592002071 -0.537889319908
3.42 1.92320669436 -0.54743878992
3.425 1.92044565727 -0.556973574656
3.43 1.91763698344 -0.566493452497
3.435 1.91478074794 -0.575998202414
3.44 1.91187702696 -0.585487603963
3.445 1.90892589781 -0.59496143729
3.45 1.90592743886 -0.604419483134
3.455 1.9028817296 -0.613861522824
3.46 1.89978885062 -0.623287338286
3.465 1.89664888357 -0.632696712038
3.47 1.89346191121 -0.642089427194
3.475 1.89022801737 -0.651465267466
3.48 1.88694728696 -0.660824017163
3.485 1.88361980598 -0.670165461193
3.49 1.8802456615 -0.679489385063
3.495 1.87682494165 -0.68879557488
3.5 1.87335773564 -0.698083817352
3.505 1.86984413373 -0.707353899795
3.51 1.86628422725 -0.716605610282
3.515 1.86267810858 -0.72583873744
3.52 1.85902587116 -0.735053070442
3.525 1.85532760949 -0.744248399073
3.53 1.85158341911 -0.753424513727
3.535 1.84779339662 -0.762581205407
3.54 1.84395763966 -0.771718265731
3.545 1.84007624689 -0.780835486927
3.55 1.83614931804 -0.789932661833
3.555 1.83217695385 -0.799009583904
3.56 1.82815925611 -0.808066047205
3.565 1.82409632762 -0.817101846415
3.57 1.81998827221 -0.826116776829
3.575 1.81583519475 -0.835110634352
3.58 1.81163720111 -0.844083215506
3.585 1.80739439818 -0.853034317425
3.59 1.80310689388 -0.861963737861
3.595 1.7987747971 -0.870871275175
3.6 1.79439821779 -0.879756728345
3.605 1.78997726686 -0.888619896966
3.61 1.78551205625 -0.897460581259
3.615 1.78100269884 -0.906278582186
3.62 1.77644930853 -0.915073701241
3.625 1.77185200024 -0.923845740518
3.63 1.76721088985 -0.932594502725
3.635 1.76252609424 -0.941319791193
3.64 1.75779773128 -0.950021409867
3.645 1.75302591978 -0.958699163312
3.65 1.74821077958 -0.967352856712
3.655 1.74335243146 -0.975982295868
3.66 1.73845099717 -0.984587287199
3.665 1.73350659943 -0.993167637742
3.67 1.72851936194 -1.00172315515
3.675 1.72348940934 -1.0102536477
3.68 1.71841686724 -1.01875892428
3.685 1.71330186219 -1.02723879439
3.69 1.70814452171 -1.03569306817
3.695 1.70294497425 -1.04412155634
3.7 1.69770334923 -1.05252407026
3.705 1.69241977699 -1.06090042192
3.71 1.68709438882 -1.06925042389
3.715 1.68172731693 -1.0775738894
3.72 1.67631869444 -1.08587063238
3.725 1.67086865541 -1.09414046727
3.73 1.66537733484 -1.10238320917
3.735 1.65984486868 -1.11059867376
3.74 1.65427139375 -1.11878667735
3.745 1.64865704782 -1.12694703688
3.75 1.64300196957 -1.1350795699
3.755 1.63730629859 -1.14318409455
3.76 1.63157017537 -1.15126042963
3.765 1.62579374131 -1.15930839452
3.77 1.61997713872 -1.16732780924
3.775 1.61412051079 -1.17531849441
3.78 1.60822400163 -1.18328027127
3.785 1.60228775623 -1.19121296169
3.79 1.59631192047 -1.19911638814
3.795 1.59029664111 -1.2069903737
3.8 1.58424206581 -1.21483474207
3.805 1.57814834309 -1.22264931758
3.81 1.57201562239 -1.23043392516
3.815 1.56584405397 -1.23818839035
3.82 1.55963378896 -1.24591253935
3.825 1.55338497935 -1.25360619895
3.83 1.54709777802 -1.26126919657
3.835 1.5407723387 -1.26890136021
3.84 1.53440881599 -1.27650251853
3.845 1.52800736534 -1.28407250075
3.85 1.52156814307 -1.29161113675
3.855 1.51509130631 -1.29911825702
3.86 1.50857701309 -1.30659369265
3.865 1.50202542223 -1.31403727535
3.87 1.49543669344 -1.32144883745
3.875 1.48881098722 -1.3288282119
3.88 1.48214846493 -1.33617523227
3.885 1.47544928877 -1.34348973273
3.89 1.46871362176 -1.35077154808
3.895 1.46194162772 -1.35802051375
3.9 1.45513347134 -1.36523646576
3.905 1.44828931808 -1.37241924076
3.91 1.44140933426 -1.37956867603
3.915 1.43449368698 -1.38668460945
3.92 1.42754254417 -1.39376687954
3.925 1.4205560745 -1.40081532541
3.93 1.41353444746 -1.40782978681
3.935 1.40647783336 -1.41481010409
3.94 1.39938640332 -1.42175611826
3.945 1.39226032926 -1.42866767091
3.95 1.38509978387 -1.43554460429
3.955 1.37790494064 -1.44238676126
3.96 1.37067597384 -1.44919398529
3.965 1.36341305853 -1.4559661205
3.97 1.35611637055 -1.46270301161
3.975 1.34878608649 -1.46940450399
3.98 1.34142238375 -1.47607044362
3.985 1.33402544046 -1.48270067713
3.99 1.32659543557 -1.48929505175
3.995 1.31913254873 -1.49585341537
4.0 1.3116369604 -1.5023756165
4.005 1.30410885177 -1.50886150427
4.01 1.29654840481 -1.51531092846
4.015 1.28895580221 -1.52172373949
4.02 1.28133122743 -1.52809978841
4.025 1.27367486468 -1.5344389269
4.03 1.26598689889 -1.54074100729
4.035 1.25826751574 -1.54700588254
4.04 1.25051690167 -1.55323340628
4.045 1.24273524382 -1.55942343276
4.05 1.23492272994 -1.56557581679
4.055 1.22707954854 -1.57169041382
4.06 1.21920588888 -1.57776708003
4.065 1.21130194099 -1.58380567224
4.07 1.2033678956 -1.5898060479
4.075 1.19540394413 -1.59576806513
4.08 1.18741027872 -1.60169158272
4.085 1.17938709224 -1.60757646008
4.09 1.17133457823 -1.61342255731
4.095 1.16325293094 -1.61922973514
4.1 1.15514234531 -1.62499785499
4.105 1.14700301698 -1.63072677892
4.11 1.13883514227 -1.63641636968
4.115 1.13063891821 -1.64206649067
4.12 1.12241454247 -1.64767700597
4.125 1.11416221343 -1.65324778032
4.13 1.10588213014 -1.65877867916
4.135 1.09757449233 -1.66426956859
4.14 1.08923950038 -1.66972031539
4.145 1.08087735534 -1.67513078704
4.15 1.07248825894 -1.68050085168
4.155 1.06407241356 -1.68583037817
4.16 1.05563002223 -1.69111923604
4.165 1.04716128864 -1.69636729552
4.17 1.03866641713 -1.70157442755
4.175 1.03014561261 -1.70674050361
4.18 1.0215990806 -1.71186539578
4.185 1.01302702733 -1.71694897704
4.19 1.00442965967 -1.72199112107
4.195 0.995807185123 -1.72699170226
4.2 0.98715981181 -1.7319505957
4.205 0.97848774848 -1.73686767721
4.21 0.969791204502 -1.74174282331
4.215 0.961070389859 -1.74657591125
4.22 0.952325515147 -1.75136681901
4.225 0.943556791572 -1.75611542529
4.23 0.934764430943 -1.76082160952
4.235 0.925948645674 -1.76548525186
4.24 0.917109648774 -1.77010623322
4.245 0.908247653848 -1.77468443525
4.25 0.899362875091 -1.77921974033
4.255 0.890455527287 -1.78371203162
4.26 0.881525825801 -1.788161193
4.265 0.872573986581 -1.79256710913
4.27 0.863600226149 -1.79692966542
4.275 0.854604761601 -1.80124874807
4.28 0.8455878106 -1.80552424401
4.285 0.836549591376 -1.80975604098
4.29 0.827490322719 -1.81394402748
4.295 0.81841022398 -1.8180880928
4.3 0.809309515018 -1.82218812686
4.305 0.800188416192 -1.82624402016
4.31 0.791047148471 -1.83025566426
4.315 0.78188593337 -1.83422295152
4.32 0.77270499294 -1.8381457751
4.325 0.763504549764 -1.84202402896
4.33 0.754284826953 -1.84585760789
4.335 0.745046048142 -1.84964640746
4.34 0.735788437486 -1.85339032407
4.345 0.726512219658 -1.85708925493
4.35 0.71721761984 -1.8607430981
4.355 0.707904863726 -1.86435175244
4.36 0.69857417751 -1.86791511768
4.365 0.689225787887 -1.87143309435
4.37 0.679859922049 -1.87490558385
4.375 0.670476807677 -1.87833248842
4.38 0.661076672942 -1.88171371117
4.385 0.651659746495 -1.88504915607
4.39 0.642226257466 -1.88833872792
4.395 0.632776435462 -1.89158233245
4.4 0.623310510558 -1.89477987621
4.405 0.613828713294 -1.89793126667
4.41 0.604331274673 -1.90103641218
4.415 0.594818426155 -1.90409522198
4.42 0.585290399651 -1.90710760621
4.425 0.575747427512 -1.91007347577
4.43 0.566189742505 -1.91299274213
4.435 0.556617577861 -1.91586531803
4.44 0.54703116725 -1.91869111712
4.445 0.537430744767 -1.92147005399
4.45 0.527816544937 -1.92420204415
4.455 0.518188802702 -1.92688700404
4.46 0.508547753418 -1.92952485102
4.465 0.498893632856 -1.93211550342
4.47 0.48922667719 -1.93465888048
4.475 0.479547122995 -1.93715490241
4.48 0.469855207246 -1.93960349037
4.485 0.460151167305 -1.9420045665
4.49 0.450435240924 -1.94435805389
4.495 0.440707666237 -1.94666387661
4.5 0.430968681755 -1.94892195972
4.505 0.421218526359 -1.95113222925
4.51 0.411457439301 -1.95329461223
4.515 0.401685660192 -1.95540903671
4.52 0.391903429003 -1.95747543171
4.525 0.382110986056 -1.9594937273
4.53 0.372308572019 -1.96146385452
4.535 0.362496427905 -1.96338574549
4.54 0.352674795062 -1.96525933332
4.545 0.342843915169 -1.96708455218
4.55 0.333004030238 -1.96886133717
4.555 0.323155382618 -1.97058962403
4.56 0.313298214961 -1.97226934988
4.565 0.303432770227 -1.97390045296
4.57 0.293559291684 -1.97548287256
4.575 0.283678022898 -1.97701654906
4.58 0.273789207733 -1.97850142389
4.585 0.26389309034 -1.97993743955
4.59 0.253989915157 -1.98132453965
4.595 0.2440799269 -1.98266266887
4.6 0.234163370557 -1.98395177298
4.605 0.224240491388 -1.98519179887
4.61 0.214311534911 -1.98638269451
4.615 0.204376746904 -1.98752440902
4.62 0.194436373393 -1.98861689262
4.625 0.184490660652 -1.98966009665
4.63 0.174539855195 -1.9906539736
4.635 0.164584203768 -1.99159847709
4.64 0.154623953347 -1.99249356188
4.645 0.14465935113 -1.99333918391
4.65 0.13469064453 -1.99413530024
4.655 0.124718081172 -1.99488186912
4.66 0.114741908887 -1.99557884998
4.665 0.104762375703 -1.9962262034
4.67 0.0947797298419 -1.99682389118
4.675 0.0847942197207 -1.99737187622
4.68 0.0748060940186 -1.9978701222
4.685 0.064815601539 -1.99831859426
4.69 0.0548229912374 -1.99871725887
4.695 0.0448285122341 -1.99906608368
4.7 0.0348324138074 -1.99936503757
4.705 0.0248349453884 -1.99961409062
4.71 0.0148363565537 -1.99981321417
4.715 0.0048368970203 -1.99996238074
4.72 -0.00516318336145 -2.00006156412
4.725 -0.0151636346137 -2.00011073934
4.73 -0.0251642066376 -2.00010988266
4.735 -0.0351646492194 -2.00005897162
4.74 -0.0451647120371 -1.99995798498
4.745 -0.0551641446669 -1.99980690282
4.75 -0.0651626965892 -1.99960570643
4.755 -0.0751601171955 -1.99935437844
4.76 -0.085156155795 -1.99905290271
4.765 -0.0951505616207 -1.99870126442
4.77 -0.105143083836 -1.99829945005
4.775 -0.115133471543 -1.99784744734
4.78 -0.125121473786 -1.99734524539
4.785 -0.13510683956 -1.99679283458
4.79 -0.145089317819 -1.99619020662
4.795 -0.15506865748 -1.99553735454
4.8 -0.165044607424 -1.99483427267
4.805 -0.175016916379 -1.99408095632
4.81 -0.184985333119 -1.99327740231
4.815 -0.194949606447 -1.9924236089
4.82 -0.204909485163 -1.99151957572
4.825 -0.214864718068 -1.99056530373
4.83 -0.224815053971 -1.98956079526
4.835 -0.234760241698 -1.98850605397
4.84 -0.244700030096 -1.98740108491
4.845 -0.254634168042 -1.98624589448
4.85 -0.264562404449 -1.98504049047
4.855 -0.274484488274 -1.98378488203
4.86 -0.284400168523 -1.9824790797
4.865 -0.29430919426 -1.98112309541
4.87 -0.304211314615 -1.97971694248
4.875 -0.314106278786 -1.97826063562
4.88 -0.323993836054 -1.97675419094
4.885 -0.333873735782 -1.97519762597
4.89 -0.343745727428 -1.97359095963
4.895 -0.353609560551 -1.97193421227
4.9 -0.363464984815 -1.97022740565
4.905 -0.373311750003 -1.96847056297
4.91 -0.383149606016 -1.96666370882
4.915 -0.392978302887 -1.96480686926
4.92 -0.402797590787 -1.96290007176
4.925 -0.412607220025 -1.96094334525
4.93 -0.422406940908 -1.95893671985
4.935 -0.432196503939 -1.9568802272
4.94 -0.441975659861 -1.95477390049
4.945 -0.451744159585 -1.95261777436
4.95 -0.461501754203 -1.95041188491
4.955 -0.471248194989 -1.94815626967
4.96 -0.480983233409 -1.94585096766
4.965 -0.490706621129 -1.94349601934
4.97 -0.500418110022 -1.94109146664
4.975 -0.510117452175 -1.93863735296
4.98 -0.519804399896 -1.93613372317
4.985 -0.529478705724 -1.9335806236
4.99 -0.539140122432 -1.93097810208
4.995 -0.54878840304 -1.9283262079
5.0 -0.558423300818 -1.92562499185
5.005 -0.568044569297 -1.92287450617
5.01 -0.577651962274 -1.92007480462
5.015 -0.587245233821 -1.91722594242
5.02 -0.596824138291 -1.91432797631
5.025 -0.60638843033 -1.91138096449
5.03 -0.61593786488 -1.90838496669
5.035 -0.625472197187 -1.9053400441
5.04 -0.634991182814 -1.90224625943
5.045 -0.644494577642 -1.89910367687
5.05 -0.653982137881 -1.89591236215
5.055 -0.663453619932 -1.89267238241
5.06 -0.672908780523 -1.88938380633
5.065 -0.682347376845 -1.88604670412
5.07 -0.691769166442 -1.88266114747
5.075 -0.701173907221 -1.8792272096
5.08 -0.710561357462 -1.87574496522
5.085 -0.719931275818 -1.87221449055
5.09 -0.729283421331 -1.86863586334
5.095 -0.738617553436 -1.86500916282
5.1 -0.747933431968 -1.86133446973
5.105 -0.757230817171 -1.85761186634
5.11 -0.766509469704 -1.85384143642
5.115 -0.775769150652 -1.85002326523
5.12 -0.785009621531 -1.84615743957
5.125 -0.794230644294 -1.84224404773
5.13 -0.803431981346 -1.8382831795
5.135 -0.812613395541 -1.8342749262
5.14 -0.8217746502 -1.83021938064
5.145 -0.830915509112 -1.82611663715
5.15 -0.840035736545 -1.82196679155
5.155 -0.849135097253 -1.81776994118
5.16 -0.858213356484 -1.81352618487
5.165 -0.867270279984 -1.80923562297
5.17 -0.876305634014 -1.8048983573
5.175 -0.885319185347 -1.80051449122
5.18 -0.894310701175 -1.79608412966
5.185 -0.903279949148 -1.79160737913
5.19 -0.912226697586 -1.78708434751
5.195 -0.921150715354 -1.78251514418
5.2 -0.930051771867 -1.77789988
5.205 -0.9389296371 -1.77323866733
5.21 -0.947784081591 -1.76853162002
5.215 -0.956614876454 -1.76377885341
5.22 -0.965421793383 -1.75898048432
5.225 -0.974204604662 -1.75413663107
5.23 -0.982963083169 -1.74924741343
5.235 -0.991697002387 -1.74431295267
5.24 -1.00040613641 -1.73933337153
5.245 -1.00909025995 -1.73430879422
5.25 -1.01774914834 -1.72923934641
5.255 -1.02638257756 -1.72412515525
5.26 -1.03499032422 -1.71896634933
5.265 -1.04357216558 -1.71376305872
5.27 -1.05212787957 -1.70851541492
5.275 -1.06065724475 -1.70322355089
5.28 -1.06916004038 -1.69788760104
5.285 -1.07763604639 -1.69250770121
5.29 -1.08608504341 -1.68708398868
5.295 -1.09450681272 -1.68161660216
5.3 -1.10290113636 -1.67610568178
5.305 -1.11126779697 -1.6705513693
5.31 -1.11960657782 -1.66495380811
5.315 -1.12791726302 -1.65931314275
5.32 -1.13619963743 -1.65362951912
5.325 -1.1444534866 -1.64790308456
5.33 -1.15267859686 -1.64213398779
5.335 -1.16087475527 -1.63632237895
5.34 -1.16904174964 -1.63046840957
5.345 -1.17717936856 -1.62457223257
5.35 -1.18528740136 -1.61863400225
5.355 -1.19336563818 -1.61265387429
5.36 -1.20141386992 -1.60663200576
5.365 -1.20943188826 -1.60056855508
5.37 -1.21741948571 -1.59446368201
5.375 -1.22537645555 -1.58831754771
5.38 -1.23330259189 -1.58213031466
5.385 -1.24119768965 -1.57590214668
5.39 -1.24906154457 -1.56963320892
5.395 -1.25689395323 -1.56332366788
5.4 -1.26469471304 -1.55697369135
5.405 -1.27246362225 -1.55058344846
5.41 -1.28020047997 -1.54415310963
5.415 -1.28790508617 -1.53768284658
5.42 -1.29557724166 -1.53117283231
5.425 -1.30321674816 -1.52462324112
5.43 -1.31082340821 -1.51803424875
5.435 -1.31839702517 -1.51140603272
5.44 -1.32593740336 -1.50473877132
5.445 -1.33344434801 -1.49803264407
5.45 -1.34091766524 -1.49128783174
5.455 -1.34835716207 -1.48450451636
5.46 -1.35576264645 -1.47768288118
5.465 -1.36313392723 -1.47082311071
5.47 -1.37047081421 -1.46392539067
5.475 -1.3777731181 -1.45698990799
5.48 -1.38504065055 -1.45001685081
5.485 -1.39227322418 -1.44300640849
5.49 -1.39947065252 -1.43595877155
5.495 -1.40663275009 -1.42887413172
5.5 -1.41375933234 -1.42175268187
5.505 -1.42085021572 -1.41459461607
5.51 -1.42790521764 -1.40740012952
5.515 -1.43492415648 -1.40016941856
5.52 -1.44190685161 -1.3929026807
5.525 -1.44885312339 -1.38560011452
5.53 -1.45576279319 -1.37826191977
5.535 -1.46263568337 -1.37088829728
5.54 -1.4694716173 -1.36347944898
5.545 -1.47627041935 -1.35603557787
5.55 -1.48303191493 -1.34855688806
5.555 -1.48975593046 -1.34104358479
5.56 -1.49644229339 -1.33349587488
5.565 -1.5030908322 -1.32591396583
5.57 -1.50970137643 -1.31829806611
5.575 -1.51627375664 -1.31064838526
5.58 -1.52280780445 -1.30296513382
5.585 -1.52930335254 -1.29524852339
5.59 -1.53576023464 -1.28749876655
5.595 -1.54217828556 -1.27971607691
5.6 -1.54855734116 -1.27190066907
5.605 -1.5548972384 -1.2640527586
5.61 -1.56119781529 -1.25617256208
5.615 -1.56745891094 -1.24826029701
5.62 -1.57368036557 -1.24031618188
5.625 -1.57986202045 -1.23234043612
5.63 -1.58600371798 -1.22433328007
5.635 -1.59210530165 -1.21629493502
5.64 -1.59816661606 -1.20822562318
5.645 -1.60418750694 -1.20012556763
5.65 -1.6101678211 -1.19199499237
5.655 -1.61610740649 -1.18383412228
5.66 -1.62200611224 -1.17564318303
5.665 -1.62786378858 -1.16742240113
5.67 -1.63368028688 -1.15917200398
5.675 -1.63945545964 -1.15089221985
5.68 -1.64518916048 -1.14258327782
5.685 -1.6508812442 -1.13424540777
5.69 -1.65653156673 -1.12587884041
5.695 -1.66213998517 -1.11748380721
5.7 -1.66770635776 -1.10906054044
5.705 -1.67323054392 -1.10060927313
5.71 -1.67871240423 -1.09213023906
5.715 -1.68415180044 -1.08362367277
5.72 -1.68954859549 -1.07508980951
5.725 -1.69490265347 -1.06652888527
5.73 -1.70021383967 -1.05794113675
5.735 -1.70548202057 -1.04932680132
5.74 -1.71070706382 -1.04068611706
5.745 -1.71588883827 -1.03201932273
5.75 -1.72102721397 -1.02332665772
5.755 -1.72612206216 -1.01460836209
5.76 -1.7311732553 -1.00586467658
5.765 -1.73618066706 -0.997095842926
5.77 -1.74114417232 -0.988302103277
5.775 -1.74606364715 -0.979483700304
5.78 -1.75093896884 -0.970640877281
5.785 -1.75577001591 -0.961773878074
5.79 -1.76055666808 -0.952882947131
5.795 -1.76529880632 -0.943968329468
5.8 -1.76999631279 -0.935030270659
5.805 -1.7746490709 -0.926069016828
5.81 -1.7792569653 -0.91708481463
5.815 -1.78381988185 -0.908077911246
5.82 -1.78833770767 -0.899048554371
5.825 -1.79281033109 -0.8899969922
5.83 -1.79723764171 -0.880923473418
5.835 -1.80161953036 -0.871828247189
5.84 -1.8059558891 -0.862711563144
5.845 -1.81024661127 -0.85357367137
5.85 -1.81449159143 -0.844414822399
5.855 -1.8186907254 -0.835235267196
5.86 -1.82284391026 -0.826035257148
5.865 -1.82695104439 -0.816815044045
5.87 -1.83101202747 -0.807574880062
5.875 -1.83502676038 -0.79831501778
5.88 -1.83899514528 -0.789035710151
5.885 -1.84291708555 -0.779737210498
5.89 -1.84679248589 -0.770419772492
5.895 -1.85062125223 -0.761083650149
5.9 -1.85440329178 -0.751729097816
5.905 -1.85813851304 -0.74235637016
5.91 -1.86182682577 -0.732965722156
5.915 -1.86546814099 -0.723557409076
5.92 -1.86906237103 -0.714131686479
5.925 -1.87260942947 -0.7046888102
5.93 -1.87610923118 -0.695229036337
5.935 -1.87956169232 -0.685752621241
5.94 -1.88296673032 -0.676259821505
5.945 -1.88632426388 -0.666750893955
5.95 -1.88963421302 -0.657226095634
5.955 -1.892896499 -0.647685683797
5.96 -1.8961110444 -0.638129915896
5.965 -1.89927777308 -0.628559049573
5.97 -1.90239661023 -0.618973342712
5.975 -1.9054674823 -0.609373053343
5.98 -1.90849031702 -0.599758439628
5.985 -1.91146504344 -0.590129759876
5.99 -1.91439159185 -0.580487272535
5.995 -1.91726989388 -0.570831236176
6.0 -1.92009988242 -0.561161909488
6.005 -1.92288149166 -0.551479551267
6.01 -1.92561465711 -0.541784420404
6.015 -1.92829931553 -0.532076775873
6.02 -1.930935405 -0.522356876728
6.025 -1.9335228649 -0.512624982085
6.03 -1.93606163589 -0.502881351117
6.035 -1.93855165992 -0.493126243043
6.04 -1.94099288026 -0.483359917116
6.045 -1.94338524145 -0.473582632617
6.05 -1.94572868933 -0.463794648843
6.055 -1.94802317104 -0.453996225097
6.06 -1.95026863501 -0.44418762068
6.065 -1.95246503098 -0.434369094881
6.07 -1.95461230997 -0.424540906946
6.075 -1.95671042441 -0.414703316025
6.08 -1.95875932793 -0.404856581286
6.085 -1.96075897547 -0.395000961848
6.09 -1.96270932326 -0.385136716769
6.095 -1.96461032881 -0.375264105037
6.1 -1.96646195093 -0.365383385561
6.105 -1.96826414974 -0.35549481716
6.11 -1.97001688664 -0.345598658557
6.115 -1.97172012432 -0.335695168367
6.12 -1.97337382677 -0.325784605091
6.125 -1.97497795928 -0.315867227107
6.13 -1.9765324884 -0.305943292659
6.135 -1.978037382 -0.29601305985
6.14 -1.97949260924 -0.286076786635
6.145 -1.98089814054 -0.276134730812
6.15 -1.98225394764 -0.26618715001
6.155 -1.98356000354 -0.256234301687
6.16 -1.98481628255 -0.246276443119
6.165 -1.98602276024 -0.236313831389
6.17 -1.98717941348 -0.226346723385
6.175 -1.98828622047 -0.216375375714
6.18 -1.98934316066 -0.206400044769
6.185 -1.99035021479 -0.196420986766
6.19 -1.99130736486 -0.186438457689
6.195 -1.99221459416 -0.176452713282
6.2 -1.99307188725 -0.166464009044
6.205 -1.99387922996 -0.156472600216
6.21 -1.99463660942 -0.146478741781
6.215 -1.99534401402 -0.136482688451
6.22 -1.9960014334 -0.126484694664
6.225 -1.99660885851 -0.116485014573
6.23 -1.99716628154 -0.106483902042
6.235 -1.99767369596 -0.0964816106381
6.24 -1.99813109652 -0.0864783936262
6.245 -1.9985384792 -0.07647450396
6.25 -1.99889584126 -0.0664701942772
6.255 -1.99920318124 -0.056465716893
6.26 -1.99946049892 -0.0464613237935
6.265 -1.99966779532 -0.0364572666295
6.27 -1.99982507275 -0.0264537967108
6.275 -1.99993233477 -0.0164511649711
6.28 -1.99998958625 -0.00644962182735
6.285 -1.99999683325 0.00355058255117
6.29 -1.99995408311 0.0135491983395
6.295 -1.99986134438 0.0235459760891
6.3 -1.99971862688 0.0335406667342
6.305 -1.99952594168 0.0435330215967
6.31 -1.99928330106 0.0535227923927
6.315 -1.99899071858 0.0635097312374
6.32 -1.998648209 0.0734935906507
6.325 -1.99825578834 0.0834741235625
6.33 -1.99781347386 0.0934510833178
6.335 -1.99732128403 0.103424223682
6.34 -1.99677923857 0.113393298846
6.345 -1.9961873584 0.12335806343
6.35 -1.9955456657 0.13331827249
6.355 -1.99485418385 0.143273681522
6.36 -1.99411293745 0.153224046464
6.365 -1.99332195234 0.163169123705
6.37 -1.99248125555 0.173108670086
6.375 -1.99159087533 0.183042442904
6.38 -1.99065084118 0.192970200025
6.385 -1.98966118379 0.202891699848
6.39 -1.98862193505 0.212806701128
6.395 -1.98753312805 0.222714963098
6.4 -1.9863947971 0.232616245476
6.405 -1.98520697769 0.242510308469
6.41 -1.98396970652 0.252396912774
6.415 -1.98268302147 0.262275819584
6.42 -1.98134696164 0.272146790593
6.425 -1.97996156729 0.282009587998
6.43 -1.97852687989 0.2918639745
6.435 -1.97704294209 0.301709713314
6.44 -1.9755097977 0.311546568166
6.445 -1.97392749174 0.3213743033
6.45 -1.9722960704 0.33119268348
6.455 -1.97061558103 0.341001473991
6.46 -1.96888607216 0.350800440647
6.465 -1.9671075935 0.360589349788
6.47 -1.96528019591 0.370367968287
6.475 -1.96340393143 0.38013606355
6.48 -1.96147885324 0.389893403537
6.485 -1.95950501572 0.399639756931
6.49 -1.95748247437 0.409374892869
6.495 -1.95541128586 0.419098580984
6.5 -1.95329150801 0.428810591466
6.505 -1.95112319977 0.438510695059
6.51 -1.94890642126 0.448198663066
6.515 -1.94664123372 0.457874267352
6.52 -1.94432769954 0.467537280342
6.525 -1.94196588225 0.477187475029
6.53 -1.93955584649 0.486824624974
6.535 -1.93709765807 0.496448504303
6.54 -1.9345913839 0.506058887719
6.545 -1.93203709202 0.515655550494
6.55 -1.92943485159 0.525238268478
6.555 -1.92678473291 0.534806818094
6.56 -1.92408680736 0.544360976348
6.565 -1.92134114747 0.553900520821
6.57 -1.91854782685 0.563425229679
6.575 -1.91570692025 0.572934881668
6.58 -1.91281850349 0.58242925612
6.585 -1.90988265351 0.591908133021
6.59 -1.90689944835 0.601371293059
6.595 -1.90386896713 0.610818517387
6.6 -1.90079129008 0.620249587745
6.605 -1.89766649851 0.62966428647
6.61 -1.89449467482 0.639062396497
6.615 -1.8912759025 0.648443701359
6.62 -1.88801026611 0.657807985187
6.625 -1.8846978513 0.667155032715
6.63 -1.88133874478 0.676484629277
6.635 -1.87793303435 0.68579656081
6.64 -1.87448080887 0.695090613854
6.645 -1.87098215826 0.704366575553
6.65 -1.8674371735 0.713624233657
6.655 -1.86384594666 0.722863376521
6.66 -1.86020857084 0.732083793104
6.665 -1.85652514019 0.741285272975
6.67 -1.85279574992 0.750467606307
6.675 -1.8490204963 0.759630583883
6.68 -1.84519947663 0.768773997093
6.685 -1.84133278926 0.777897637938
6.69 -1.83742053354 0.787001299159
6.695 -1.83346280989 0.796084774074
6.7 -1.82945971975 0.805147856555
6.705 -1.82541136559 0.81419034109
6.71 -1.82131785093 0.823212022784
6.715 -1.81717928028 0.832212697353
6.72 -1.81299575919 0.841192161132
6.725 -1.80876739422 0.85015021107
6.73 -1.80449429295 0.859086644732
6.735 -1.80017656396 0.868001260299
6.74 -1.79581431685 0.87689385657
6.745 -1.79140766222 0.885764232957
6.75 -1.78695671167 0.894612189491
6.755 -1.7824615778 0.90343752682
6.76 -1.77792237421 0.912240046205
6.765 -1.77333921548 0.921019549527
6.77 -1.7687122172 0.929775839281
6.775 -1.76404149593 0.938508718579
6.78 -1.75932716922 0.947217991148
6.785 -1.75456935559 0.955903461332
6.79 -1.74976817456 0.964564934118
6.795 -1.74492374655 0.973202215196
6.8 -1.74003619301 0.981815110799
6.805 -1.73510563635 0.990403427769
6.81 -1.73013219994 0.998966973565
6.815 -1.72511600812 1.00750555627
6.82 -1.72005718617 1.01601898457
6.825 -1.71495586036 1.02450706779
6.83 -1.70981215788 1.03296961587
6.835 -1.70462620688 1.04140643934
6.84 -1.69939813646 1.04981734939
6.845 -1.69412807665 1.05820215779
6.85 -1.68881615844 1.06656067695
6.855 -1.68346251375 1.07489271989
6.86 -1.67806727541 1.08319810025
6.865 -1.67263057723 1.09147663227
6.87 -1.66715255389 1.09972813085
6.875 -1.66163334105 1.10795241144
6.88 -1.65607307525 1.11614929017
6.885 -1.65047189397 1.12431858375
6.89 -1.6448299356 1.1324601095
6.895 -1.63914733942 1.14057368543
6.9 -1.6334242456 1.14865913014
6.905 -1.62766079525 1.15671626284
6.91 -1.62185713038 1.16474490334
6.915 -1.6160133939 1.17274487207
6.92 -1.61012972961 1.18071599007
6.925 -1.60420628222 1.188658079
6.93 -1.59824319732 1.19657096116
6.935 -1.59224062137 1.20445445942
6.94 -1.58619870175 1.2123083973
6.945 -1.5801175867 1.22013259892
6.95 -1.57399742534 1.22792688902
6.955 -1.56783836766 1.23569109297
6.96 -1.56164056453 1.24342503672
6.965 -1.5554041677 1.25112854688
6.97 -1.54912932977 1.25880145063
6.975 -1.54281620421 1.2664435758
6.98 -1.53646494534 1.27405475082
6.985 -1.53007570836 1.28163480473
6.99 -1.5236486493 1.28918356721
6.995 -1.51718392505 1.29670086852
7.0 -1.51068169328 1.3041865396
7.005 -1.50414211256 1.31164041195
7.01 -1.49756534228 1.3190623177
7.015 -1.49095154271 1.32645208962
7.02 -1.48430087492 1.33380956105
7.025 -1.47761350084 1.34113456598
7.03 -1.47088958321 1.34842693902
7.035 -1.46412928559 1.35568651536
7.04 -1.4573327724 1.36291313086
7.045 -1.45050020883 1.37010662196
7.05 -1.44363176092 1.37726682573
7.055 -1.43672759552 1.38439357985
7.06 -1.42978788028 1.39148672265
7.065 -1.42281278368 1.39854609304
7.07 -1.41580247497 1.40557153058
7.075 -1.40875712423 1.41256287543
7.08 -1.40167690234 1.41951996839
7.085 -1.39456198096 1.42644265086
7.09 -1.38741253255 1.43333076489
7.095 -1.38022873037 1.44018415313
7.1 -1.37301074845 1.44700265887
7.105 -1.36575876162 1.45378612601
7.11 -1.35847294548 1.46053439908
7.115 -1.35115347638 1.46724732325
7.12 -1.34380053135 1.47392474428
7.125 -1.33641428827 1.48056650856
7.13 -1.32899492581 1.48717246315
7.135 -1.32154262339 1.4937424557
7.14 -1.3140575612 1.50027633452
7.145 -1.30653992019 1.50677394855
7.15 -1.29898988206 1.51323514734
7.155 -1.29140762925 1.5196597811
7.16 -1.28379334497 1.52604770066
7.165 -1.27614721316 1.53239875749
7.17 -1.26846941851 1.53871280371
7.175 -1.26076014643 1.54498969206
7.18 -1.25301958309 1.55122927595
7.185 -1.24524791539 1.55743140939
7.19 -1.23744533093 1.56359594708
7.195 -1.22961201807 1.56972274434
7.2 -1.22174816587 1.57581165715
7.205 -1.21385396413 1.58186254212
7.21 -1.20592960336 1.58787525653
7.215 -1.19797527478 1.5938496583
7.22 -1.18999117031 1.59978560603
7.225 -1.1819774826 1.60568295895
7.23 -1.17393440498 1.61154157697
7.235 -1.16586213147 1.61736132057
7.24 -1.15776085671 1.62314205084
7.245 -1.14963077609 1.62888362963
7.25 -1.14147208572 1.63458591943
7.255 -1.13328498239 1.64024878345
7.26 -1.12506966357 1.64587208553
7.265 -1.1168263274 1.65145569018
7.27 -1.1085551727 1.6569994626
7.275 -1.10025639897 1.66250326867
7.28 -1.09193020639 1.66796697492
7.285 -1.08357679577 1.6733904486
7.29 -1.07519636863 1.6787735576
7.295 -1.0667891271 1.68411617053
7.3 -1.058355274 1.68941815668
7.305 -1.04989501279 1.69467938602
7.31 -1.04140854759 1.69989972922
7.315 -1.03289608316 1.70507905766
7.32 -1.02435782489 1.71021724341
7.325 -1.01579397883 1.71531415923
7.33 -1.00720475165 1.72036967862
7.335 -0.998590350667 1.72538367576
7.34 -0.98995098381 1.73035602555
7.345 -0.981286859646 1.73528660362
7.35 -0.972598187362 1.74017528631
7.355 -0.963885176707 1.74502195054
7.36 -0.955148038022 1.74982647389
7.365 -0.946386982316 1.75458873483
7.37 -0.937602221202 1.75930861255
7.375 -0.928793966894 1.76398598696
7.38 -0.919962432208 1.76862073871
7.385 -0.911107830553 1.77321274921
7.39 -0.902230375929 1.77776190057
7.395 -0.893330282925 1.7822680757
7.4 -0.884407766713 1.78673115822
7.405 -0.875463043047 1.7911510325
7.41 -0.866496328254 1.79552758371
7.415 -0.857507839238 1.79986069774
7.42 -0.84849779347 1.80415026127
7.425 -0.839466408987 1.80839616174
7.43 -0.830413904386 1.81259828735
7.435 -0.821340498823 1.81675652712
7.44 -0.812246412008 1.82087077082
7.445 -0.803131864202 1.824940909
7.45 -0.793997076209 1.82896683304
7.455 -0.784842269378 1.83294843508
7.46 -0.775667665596 1.83688560807
7.465 -0.766473487284 1.84077824579
7.47 -0.757259957394 1.8446262428
7.475 -0.74802729936 1.84842949423
7.48 -0.738775737148 1.85218789608
7.485 -0.729505495264 1.85590134529
7.49 -0.720216798724 1.85956973963
7.495 -0.710909873057 1.8631929777
7.5 -0.701584944296 1.86677095893
7.505 -0.692242238974 1.87030358358
7.51 -0.68288198412 1.87379075276
7.515 -0.673504407258 1.87723236842
7.52 -0.664109736399 1.88062833337
7.525 -0.654698200036 1.88397855126
7.53 -0.645270027145 1.88728292662
7.535 -0.635825447175 1.89054136484
7.54 -0.626364690048 1.89375377218
7.545 -0.616887986152 1.89692005577
7.55 -0.607395566336 1.90004012363
7.555 -0.597887661908 1.90311388468
7.56 -0.588364504632 1.90614124871
7.565 -0.578826326717 1.90912212643
7.57 -0.569273360819 1.91205642944
7.575 -0.559705840035 1.91494407026
7.58 -0.550123997896 1.91778496233
7.585 -0.540528068364 1.92057901998
7.59 -0.530918285829 1.9233261585
7.595 -0.521294885086 1.92602629375
7.6 -0.511658101356 1.92867934271
7.605 -0.502008170275 1.93128522336
7.61 -0.492345327889 1.93384385466
7.615 -0.482669810645 1.93635515649
7.62 -0.472981855387 1.93881904972
7.625 -0.463281699356 1.94123545613
7.63 -0.453569580177 1.94360429851
7.635 -0.443845735862 1.94592550059
7.64 -0.434110404801 1.9481989871
7.645 -0.424363825757 1.95042468373
7.65 -0.414606237862 1.95260251718
7.655 -0.404837880612 1.95473241513
7.66 -0.395058993862 1.95681430627
7.665 -0.385269817822 1.9588481203
7.67 -0.375470593049 1.96083378791
7.675 -0.365661560445 1.96277124083
7.68 -0.35584296125 1.96466041182
7.685 -0.346015037037 1.96650123466
7.69 -0.336178029709 1.96829364417
7.695 -0.326332181489 1.97003757621
7.7 -0.316477734921 1.9717329677
7.705 -0.30661493286 1.97337975662
7.71 -0.296744018471 1.97497788195
7.715 -0.286865235251 1.97652728341
7.72 -0.276978826973 1.97802790202
7.725 -0.267085037697 1.97947967995
7.73 -0.25718411177 1.98088256043
7.735 -0.247276293818 1.98223648779
7.74 -0.237361828745 1.98354140745
7.745 -0.227440961724 1.98479726593
7.75 -0.217513938191 1.98600401085
7.755 -0.207581003842 1.98716159094
7.76 -0.197642404627 1.98826995604
7.765 -0.187698386742 1.98932905714
7.77 -0.177749196626 1.99033884632
7.775 -0.167795080954 1.99129927684
7.78 -0.15783628663 1.99221030305
7.785 -0.147873060785 1.9930718805
7.79 -0.137905650767 1.99388396586
7.795 -0.127934304138 1.99464651697
7.8 -0.117959268666 1.99535949285
7.805 -0.107980792321 1.99602285366
7.81 -0.0979991232676 1.99663656078
7.815 -0.0880145098607 1.99720057675
7.82 -0.0780272006373 1.99771486531
7.825 -0.0680374443117 1.9981793914
7.83 -0.0580454896763 1.99859412053
7.835 -0.0480515861102 1.99895902092
7.84 -0.0380559827003 1.99927406031
7.845 -0.0280589288308 1.9995392084
7.85 -0.0180606740336 1.9997544361
7.855 -0.00806146798266 1.99991971557
7.86 0.00193843951247 2.0000350202
7.865 0.0119387985127 2.0001003246
7.87 0.0219393589559 2.00011560465
7.875 0.0319398706627 2.00008083746
7.88 0.0419400833434 1.99999600139
7.885 0.0519397466038 1.9998610761
7.89 0.061938609952 1.99967604247
7.895 0.0719364228047 1.9994408827
7.9 0.0819329344936 1.99915558022
7.905 0.0919278942719 1.9988201198
7.91 0.101921051321 1.99843448746
7.915 0.111912154757 1.99799867053
7.92 0.121900953637 1.99751265766
7.925 0.131887196968 1.99697643877
7.93 0.141870633707 1.99639000514
7.935 0.151851012778 1.99575334934
7.94 0.16182808307 1.99506646527
7.945 0.171801593447 1.99432934817
7.95 0.181771292721 1.99354199452
7.955 0.191736929636 1.992704402
7.96 0.201698252991 1.99181656978
7.965 0.211655011587 1.99087849839
7.97 0.22160695423 1.98989018973
7.975 0.231553829742 1.98885164701
7.98 0.24149538696 1.98776287485
7.985 0.251431374751 1.9866238792
7.99 0.261361542014 1.98543466739
7.995 0.271285637689 1.98419524812
8.0 0.281203410764 1.98290563149
8.005 0.291114610281 1.98156582894
8.01 0.301018985342 1.98017585335
8.015 0.31091628512 1.97873571896
8.02 0.320806258862 1.97724544142
8.025 0.330688655898 1.97570503777
8.03 0.340563225649 1.97411452647
8.035 0.350429717632 1.97247392739
8.04 0.360287881439 1.97078326177
8.045 0.370137466771 1.96904255228
8.05 0.379978223466 1.96725182304
8.055 0.389809901486 1.96541109959
8.06 0.399632250928 1.96352040889
8.065 0.409445022025 1.96157977935
8.07 0.419247965159 1.95958924081
8.075 0.429040830864 1.95754882456
8.08 0.438823369837 1.95545856334
8.085 0.448595332942 1.95331849133
8.09 0.458356471222 1.95112864418
8.095 0.4681065359 1.94888905899
8.1 0.477845278392 1.94659977432
8.105 0.487572450313 1.9442608302
8.11 0.497287803484 1.94187226814
8.115 0.50699108994 1.93943413111
8.12 0.516682061935 1.93694646358
8.125 0.52636047195 1.93440931144
8.13 0.536026072601 1.93182272183
8.135 0.545678616786 1.92918674345
8.14 0.555317857687 1.92650142658
8.145 0.564943548737 1.92376682301
8.15 0.574555443636 1.92098298598
8.155 0.584153296353 1.91814997026
8.16 0.593736861136 1.91526783207
8.165 0.603305892518 1.91233662915
8.17 0.612860145325 1.90935642072
8.175 0.622399374686 1.90632726751
8.18 0.631923336038 1.90324923174
8.185 0.641431785133 1.90012237716
8.19 0.65092447805 1.89694676898
8.195 0.660401171198 1.89372247395
8.2 0.669861621326 1.89044956033
8.205 0.679305585531 1.88712809787
8.21 0.688732821264 1.88375815785
8.215 0.698143086321 1.880339813
8.22 0.70753613878 1.87687313732
8.225 0.716911737161 1.87335820649
8.23 0.726269640378 1.86979509776
8.235 0.735609607737 1.86618388987
8.24 0.744931398942 1.86252466309
8.245 0.754234774102 1.85881749918
8.25 0.763519493741 1.85506248144
8.255 0.772785318804 1.85125969466
8.26 0.782032010666 1.84740922515
8.265 0.791259331136 1.84351116074
8.27 0.800467042471 1.83956559077
8.275 0.809654907381 1.83557260609
8.28 0.818822689033 1.83153229907
8.285 0.827970151065 1.82744476361
8.29 0.837097057591 1.82331009509
8.295 0.846203173207 1.81912839045
8.3 0.855288263003 1.8148997481
8.305 0.864352092516 1.81062426787
8.31 0.873394427713 1.80630205094
8.315 0.88241503516 1.80193320017
8.32 0.891413681946 1.79751781995
8.325 0.900390135687 1.79305601616
8.33 0.909344164533 1.78854789618
8.335 0.918275537174 1.7839935689
8.34 0.927184022852 1.77939314471
8.345 0.936069391365 1.77474673548
8.35 0.944931413076 1.77005445459
8.355 0.953769858921 1.7653164169
8.36 0.962584500416 1.76053273877
8.365 0.971375109666 1.75570353805
8.37 0.980141459371 1.75082893407
8.375 0.988883322835 1.74590904766
8.38 0.997600473974 1.7409440011
8.385 1.00629268732 1.7359339182
8.39 1.01495973804 1.73087892419
8.395 1.02360140182 1.72577914569
8.4 1.03221745497 1.72063471073
8.405 1.04080767454 1.71544574892
8.41 1.0493718382 1.71021239134
8.415 1.05790972432 1.7049347705
8.42 1.06642111192 1.6996130204
8.425 1.07490578068 1.69424727645
8.43 1.08336351097 1.68883767554
8.435 1.09179408387 1.68338435597
8.44 1.10019728114 1.67788745751
8.445 1.10857288524 1.67234712133
8.45 1.11692067935 1.66676349006
8.455 1.12524044737 1.66113670774
8.46 1.13353197393 1.65546691983
8.465 1.14179504439 1.64975427321
8.47 1.15002944484 1.64399891617
8.475 1.15823496215 1.63820099841
8.48 1.16641138391 1.63236067103
8.485 1.17455849834 1.62647808642
8.49 1.18267609448 1.62055339842
8.495 1.1907639622 1.61458676225
8.5 1.19882189215 1.60857833456
8.505 1.20684967576 1.60252827331
8.51 1.21484710527 1.59643673788
8.515 1.22281397371 1.59030388899
8.52 1.23075007492 1.5841298887
8.525 1.23865520355 1.57791490045
8.53 1.24652915508 1.57165908899
8.535 1.25437172582 1.56536262044
8.54 1.26218271292 1.55902566222
8.545 1.26996191436 1.55264838309
8.55 1.27770912899 1.54623095312
8.555 1.2854241565 1.5397735437
8.56 1.29310679745 1.53327632751
8.565 1.30075685329 1.52673947853
8.57 1.30837412628 1.52016317205
8.575 1.31595841941 1.51354758462
8.58 1.3235095367 1.50689289409
8.585 1.33102728307 1.50019927955
8.59 1.33851146435 1.49346692137
8.595 1.34596188727 1.48669600116
8.6 1.35337835949 1.47988670178
8.605 1.36076068955 1.47303920731
8.61 1.36810868697 1.4661537031
8.615 1.37542216215 1.45923037567
8.62 1.38270092647 1.45226941278
8.625 1.38994479223 1.4452710034
8.63 1.39715357269 1.43823533767
8.635 1.40432708207 1.43116260695
8.64 1.41146513555 1.42405300376
8.645 1.41856754929 1.41690672178
8.65 1.42563414041 1.40972395586
8.655 1.43266472703 1.40250490201
8.66 1.43965912826 1.39524975738
8.665 1.44661716418 1.38795872024
8.67 1.45353865574 1.3806319901
8.675 1.46042342479 1.37326976765
8.68 1.46727129435 1.36587225456
8.685 1.47408208849 1.35843965361
8.69 1.48085563227 1.35097216868
8.695 1.48759175177 1.3434700047
8.7 1.49429027412 1.33593336771
8.705 1.50095102747 1.32836246478
8.71 1.50757384102 1.32075750406
8.715 1.514158545 1.31311869471
8.72 1.5207049707 1.30544624696
8.725 1.52721295048 1.29774037203
8.73 1.53368231773 1.29000128217
8.735 1.54011290694 1.28222919061
8.74 1.54650455365 1.27442431159
8.745 1.55285709449 1.26658686032
8.75 1.55917036716 1.25871705298
8.755 1.56544421048 1.25081510672
8.76 1.57167846433 1.24288123961
8.765 1.57787296968 1.2349156707
8.77 1.5840275684 1.22691862033
8.775 1.59014210359 1.21889030958
8.78 1.59621641948 1.21083096031
8.785 1.60225036144 1.20274079533
8.79 1.60824377595 1.1946200383
8.795 1.6141965106 1.18646891378
8.8 1.62010841413 1.17828764719
8.805 1.62597933638 1.17007646482
8.81 1.63180912836 1.16183559381
8.815 1.63759764219 1.1535652621
8.82 1.64334473115 1.1452656985
8.825 1.64905024967 1.1369371326
8.83 1.65471405332 1.1285797948
8.835 1.66033599883 1.1201939163
8.84 1.66591594411 1.11177972905
8.845 1.67145374823 1.10333746578
8.85 1.6769492714 1.09486735998
8.855 1.68240237504 1.08636964587
8.86 1.68781292173 1.0778445584
8.865 1.69318077517 1.06929233344
8.87 1.69850580012 1.06071320791
8.875 1.70378786266 1.05210741908
8.88 1.70902683005 1.04347520486
8.885 1.71422257077 1.03481680386
8.89 1.71937495448 1.02613245534
8.895 1.72448385204 1.01742239923
8.9 1.72954913552 1.00868687614
8.905 1.73457067818 0.999926127255
8.91 1.7395483545 0.991140394431
8.915 1.74448204017 0.982329920117
8.92 1.7493716121 0.973494947363
8.925 1.75421694841 0.964635719805
8.93 1.75901792845 0.955752481656
8.935 1.7637744328 0.946845477688
8.94 1.76848634324 0.937914953224
8.945 1.77315354281 0.928961154124
8.95 1.77777591577 0.919984326772
8.955 1.78235334763 0.910984718062
8.96 1.78688572513 0.901962575397
8.965 1.79137293614 0.892918147209
8.97 1.79581486979 0.883851682327
8.975 1.80021141654 0.874763429769
8.98 1.80456246806 0.865653639023
8.985 1.80886791728 0.856522560033
8.99 1.81312765838 0.847370443186
8.995 1.81734158681 0.838197539301
9.0 1.82150959926 0.829004099619
9.005 1.82563159367 0.819790375786
9.01 1.82970746926 0.810556619846
9.015 1.83373712651 0.801303084224
9.02 1.83772046714 0.792030021718
9.025 1.84165739416 0.782737685483
9.03 1.84554781184 0.773426329023
9.035 1.84939162573 0.764096206175
9.04 1.85318874263 0.754747571097
9.045 1.85693907063 0.745380678257
9.05 1.86064251909 0.73599578242
9.055 1.86429899865 0.726593138636
9.06 1.86790842121 0.717173002355
9.065 1.87147069991 0.70773562992
9.07 1.87498574919 0.698281277458
9.075 1.8784534848 0.68881020126
9.08 1.88187382375 0.679322657861
9.085 1.88524668435 0.669818904028
9.09 1.88857198619 0.660299196751
9.095 1.89184965015 0.650763793227
9.1 1.89507959839 0.641212950854
9.105 1.89826175436 0.631646927214
9.11 1.90139604278 0.622065980065
9.115 1.9044823897 0.612470367329
9.12 1.90752072243 0.602860347078
9.125 1.91051096957 0.593236177528
9.13 1.91345306103 0.583598117019
9.135 1.91634692799 0.57394642401
9.14 1.91919250295 0.564281357067
9.145 1.92198971967 0.554603174847
9.15 1.92473851324 0.544912136091
9.155 1.92743882001 0.53520849961
9.16 1.93009057766 0.525492524585
9.165 1.93269372513 0.515764470457
9.17 1.9352482027 0.506024596384
9.175 1.93775395189 0.496273161569
9.18 1.94021091557 0.486510425258
9.185 1.94261903786 0.476736646722
9.19 1.94497826421 0.466952085252
9.195 1.94728854134 0.45715700015
9.2 1.94954981729 0.447351650715
9.205 1.95176204138 0.437536296234
9.21 1.95392516422 0.427711195975
9.215 1.95603913774 0.417876609177
9.22 1.95810391514 0.408032795034
9.225 1.96011945093 0.398180012695
9.23 1.96208570091 0.388318521247
9.235 1.96400262216 0.378448579708
9.24 1.96587017309 0.368570447024
9.245 1.96768831342 0.358684382073
9.25 1.96945700415 0.348790643619
9.255 1.97117620754 0.338889490318
9.26 1.97284588718 0.328981180709
9.265 1.97446600792 0.319065973207
9.27 1.97603653593 0.309144126094
9.275 1.97755743866 0.299215897505
9.28 1.97902868482 0.289281545425
9.285 1.98045024447 0.279341327676
9.29 1.9818220889 0.269395501909
9.295 1.98314419071 0.259444325596
9.3 1.98441652381 0.249488056017
9.305 1.98563906335 0.239526950256
9.31 1.98681178579 0.229561265189
9.315 1.98793466888 0.219591257475
9.32 1.98900769163 0.209617183579
9.325 1.9900308344 0.199639300021
9.33 1.99100407877 0.189657862931
9.335 1.99192740763 0.179673128139
9.34 1.99280080513 0.169685351226
9.345 1.99362425669 0.15969478752
9.35 1.99439774902 0.149701692087
9.355 1.99512127009 0.139706319727
9.36 1.99579480916 0.12970892496
9.365 1.99641835673 0.119709762024
9.37 1.99699190462 0.109709084866
9.375 1.99751544585 0.0997071471339
9.38 1.99798897477 0.0897042021682
9.385 1.99841248696 0.0797005029979
9.39 1.99878597927 0.0696963023308
9.395 1.9991094498 0.0596918525474
9.4 1.99938289792 0.0496874056944
9.405 1.99960632432 0.0396832135579
9.41 1.99977973094 0.0296795275724
9.415 1.99990312093 0.019676598777
9.42 1.99997649871 0.00967467785348
9.425 1.99999986994 -0.000325984879921
9.43 1.99997324155 -0.0103251394752
9.435 1.99989662169 -0.0203225363605
9.44 1.99977001977 -0.0303179263466
9.445 1.99959344645 -0.0403110606327
9.45 1.99936691363 -0.0503016908126
9.455 1.99909043444 -0.0602895688806
9.46 1.99876402325 -0.0702744472375
9.465 1.99838769568 -0.0802560786963
9.47 1.99796146855 -0.0902342164876
9.475 1.99748535996 -0.100208614266
9.48 1.99695938919 -0.110179026115
9.485 1.99638357681 -0.120145206511
9.49 1.99575794463 -0.130106910321
9.495 1.99508251565 -0.140063892915
9.5 1.9943573141 -0.150015910111
9.505 1.9935823654 -0.159962718176
9.51 1.99275769622 -0.169904073836
9.515 1.99188333442 -0.179839734277
9.52 1.99095930907 -0.189769457152
9.525 1.98998565048 -0.199693000582
9.53 1.98896239014 -0.209610123166
9.535 1.98788956074 -0.21952058398
9.54 1.98676719619 -0.229424142585
9.545 1.9855953316 -0.239320559029
9.55 1.98437400325 -0.249209593852
9.555 1.98310324865 -0.259091008092
9.56 1.98178310646 -0.268964563286
9.565 1.98041361659 -0.278830021472
9.57 1.97899482018 -0.288687145181
9.575 1.97752675949 -0.298535697468
9.58 1.97600947799 -0.308375441903
9.585 1.97444302029 -0.318206142574
9.59 1.97282743221 -0.328027564093
9.595 1.97116276073 -0.337839471594
9.6 1.96944905401 -0.347641630743
9.605 1.96768636136 -0.357433807734
9.61 1.96587473329 -0.367215769301
9.615 1.96401422144 -0.37698728271
9.62 1.96210487863 -0.386748115772
9.625 1.96014675883 -0.396498036841
9.63 1.95813991717 -0.406236814817
9.635 1.95608440992 -0.41596421915
9.64 1.95398029453 -0.42568001984
9.645 1.95182762956 -0.435383987447
9.65 1.9496264748 -0.445075893115
9.655 1.94737689116 -0.454755508537
9.66 1.94507894067 -0.464422605961
9.665 1.94273268648 -0.474076958198
9.67 1.94033819288 -0.483718338628
9.675 1.9378955253 -0.493346521202
9.68 1.93540475029 -0.502961280441
9.685 1.93286593553 -0.512562391441
9.69 1.93027914981 -0.522149629872
9.695 1.92764446307 -0.531722771984
9.7 1.92496194632 -0.541281594606
9.705 1.92223167171 -0.550825875145
9.71 1.91945371251 -0.560355391594
9.715 1.91662814307 -0.56986992253
9.72 1.91375503886 -0.579369247113
9.725 1.91083447644 -0.588853145092
9.73 1.90786653356 -0.598321396898
9.735 1.90485128906 -0.607773783566
9.74 1.90178882282 -0.61721008665
9.745 1.89867921579 -0.626630088298
9.75 1.89552255005 -0.636033571255
9.755 1.89231890872 -0.645420318863
9.76 1.88906837602 -0.654790115063
9.765 1.88577103725 -0.664142744392
9.77 1.88242697877 -0.67347799199
9.775 1.87903628803 -0.682795643596
9.78 1.87559905353 -0.692095485551
9.785 1.87211536485 -0.701377304795
9.79 1.8685853126 -0.710640888874
9.795 1.8650089885 -0.719886025934
9.8 1.86138648527 -0.729112504725
9.805 1.85771789671 -0.738320114599
9.81 1.85400331766 -0.747508645515
9.815 1.85024284401 -0.75667788803
9.82 1.84643657269 -0.765827633309
9.825 1.84258460165 -0.774957673119
9.83 1.8386870299 -0.78406779983
9.835 1.83474395751 -0.793157806505
9.84 1.83075548583 -0.802227487199
9.845 1.82672171703 -0.811276636266
9.85 1.82264275429 -0.820305048618
9.855 1.81851870181 -0.829312519782
9.86 1.81434966481 -0.838298845898
9.865 1.81013574952 -0.84726382372
9.87 1.80587706319 -0.856207250617
9.875 1.80157371408 -0.865128924568
9.88 1.79722581146 -0.874028644169
9.885 1.7928334656 -0.882906208626
9.89 1.78839678777 -0.89176141776
9.895 1.78391589023 -0.900594072002
9.9 1.77939088625 -0.909403972395
9.905 1.77482189007 -0.918190920595
9.91 1.77020901695 -0.926954718866
9.915 1.76555238311 -0.935695170084
9.92 1.76085210574 -0.944412077731
9.925 1.75610830303 -0.9531052459
9.93 1.75132109414 -0.961774479291
9.935 1.74649059919 -0.970419583209
9.94 1.74161693928 -0.979040363568
9.945 1.73670023661 -0.987636627345
9.95 1.73174061434 -0.996208182116
9.955 1.72673819651 -1.00475483577
9.96 1.7216931081 -1.01327639682
9.965 1.71660547506 -1.02177267438
9.97 1.71147542427 -1.0302434782
9.975 1.70630308359 -1.03868861862
9.98 1.7010885818 -1.04710790663
9.985 1.69583204863 -1.05550115379
9.99 1.69053361476 -1.0638681723
9.995 1.6851934118 -1.07220877498
