0.0 -2.0 0.0
0.005 -1.99997518805 0.00988830645099
0.01 -1.99990148066 0.0195563640019
0.015 -1.9997799784 0.0290089437303
0.02 -1.99961174214 0.0382506866002
0.025 -1.99939781491 0.0472861923121
0.03 -1.99913921657 0.0561199949558
0.035 -1.99883694425 0.0647565619603
0.04 -1.9984919727 0.0732002930603
0.045 -1.99810525554 0.0814555219752
0.05 -1.99767772459 0.0895265126782
0.055 -1.99721029057 0.0974174596406
0.06 -1.99670384392 0.105132486773
0.065 -1.99615925402 0.112675648452
0.07 -1.99557736912 0.120050929624
0.075 -1.99495901932 0.127262243107
0.08 -1.99430501567 0.134313430323
0.085 -1.99361614825 0.141208263093
0.09 -1.99289318907 0.147950442702
0.095 -1.99213689394 0.154543599873
0.1 -1.99134799823 0.160991294827
0.105 -1.99052721939 0.167297018045
0.11 -1.98967526046 0.173464193064
0.115 -1.98879280539 0.179496172713
0.12 -1.98788052056 0.18539624055
0.125 -1.98693905884 0.191167616731
0.13 -1.98596905597 0.196813452649
0.135 -1.98497113058 0.202336831004
0.14 -1.98394588806 0.207740773313
0.145 -1.98289391897 0.213028236693
0.15 -1.98181579736 0.218202110479
0.155 -1.98071208385 0.223265223381
0.16 -1.9795833267 0.228220346102
0.165 -1.97843005825 0.233070182644
0.17 -1.97725279716 0.237817376041
0.175 -1.9760520525 0.242464520058
0.18 -1.97482831701 0.247014140003
0.185 -1.97358207113 0.25146870436
0.19 -1.97231378508 0.255830631857
0.195 -1.9710239162 0.260102282691
0.2 -1.96971290976 0.264285961152
0.205 -1.96838119978 0.268383918256
0.21 -1.96702920887 0.272398353209
0.215 -1.96565734924 0.276331414845
0.22 -1.96426602317 0.280185203084
0.225 -1.96285562328 0.283961770156
0.23 -1.96142653005 0.287663114776
0.235 -1.95997911397 0.291291187807
0.24 -1.95851373669 0.294847895503
0.245 -1.95703075053 0.298335098681
0.25 -1.9555304984 0.301754613238
0.255 -1.95401331413 0.305108211293
0.26 -1.952479523 0.308397622466
0.265 -1.95092944181 0.311624534674
0.27 -1.94936337893 0.314790594709
0.275 -1.94778163445 0.317897409124
0.28 -1.94618450068 0.32094654565
0.285 -1.94457226228 0.323939533911
0.29 -1.94294519628 0.326877865946
0.295 -1.94130357217 0.329762996859
0.3 -1.93964765239 0.332596346355
0.305 -1.93797769245 0.335379299471
0.31 -1.93629394099 0.338113207027
0.315 -1.93459663971 0.340799385889
0.32 -1.93288602406 0.343439120992
0.325 -1.93116232315 0.346033665707
0.33 -1.92942575997 0.348584242605
0.335 -1.92767655154 0.35109204424
0.34 -1.92591490885 0.353558233026
0.345 -1.92414103703 0.355983942279
0.35 -1.92235513572 0.358370277537
0.355 -1.920557399 0.360718316806
0.36 -1.91874801555 0.363029111175
0.365 -1.91692716878 0.365303685529
0.37 -1.91509503757 0.367543040258
0.375 -1.91325179566 0.369748150641
0.38 -1.91139761187 0.371919967544
0.385 -1.90953265031 0.374059418205
0.39 -1.90765707045 0.376167406799
0.395 -1.90577102734 0.378244815143
0.4 -1.90387467184 0.380292503532
0.405 -1.90196815046 0.382311310763
0.41 -1.90005160556 0.384302054856
0.415 -1.89812517544 0.3862655336
0.42 -1.89618899443 0.388202525051
0.425 -1.89424319309 0.390113788146
0.43 -1.89228789823 0.392000063147
0.435 -1.89032323298 0.393862072034
0.44 -1.88834931688 0.395700519017
0.445 -1.88636626602 0.397516090988
0.45 -1.88437419304 0.399309457975
0.455 -1.88237320737 0.401081273788
0.46 -1.88036341519 0.40283217621
0.465 -1.87834491948 0.404562787423
0.47 -1.87631782018 0.406273714447
0.475 -1.87428221421 0.407965549526
0.48 -1.87223819557 0.409638870562
0.485 -1.87018585544 0.411294241612
0.49 -1.86812528219 0.41293221303
0.495 -1.86605656148 0.414553321891
0.5 -1.86397977628 0.416158092349
0.505 -1.86189500699 0.41774703596
0.51 -1.85980233151 0.419320652278
0.515 -1.85770182533 0.420879429043
0.52 -1.85559356145 0.422423842221
0.525 -1.85347761053 0.423954356467
0.53 -1.85135404088 0.425471425412
0.535 -1.84922291861 0.426975491943
0.54 -1.84708430756 0.428466988458
0.545 -1.84493826943 0.429946337127
0.55 -1.84278486391 0.431413950648
0.555 -1.84062414887 0.432870232982
0.56 -1.83845617998 0.434315578036
0.565 -1.83628101097 0.435750370605
0.57 -1.83409869365 0.437174986623
0.575 -1.83190927794 0.43858979339
0.58 -1.82971281195 0.439995149781
0.585 -1.82750934198 0.441391406454
0.59 -1.82529891261 0.442778906276
0.595 -1.82308156694 0.444157985459
0.6 -1.82085734631 0.445528972135
0.605 -1.81862629035 0.446892187036
0.61 -1.81638843715 0.448247943801
0.615 -1.81414382321 0.449596549153
0.62 -1.81189248348 0.45093830307
0.625 -1.80963445144 0.452273498951
0.63 -1.80736975909 0.453602423841
0.635 -1.80509843718 0.454925359586
0.64 -1.80282051505 0.45624258176
0.645 -1.80053602057 0.457554359884
0.65 -1.79824498031 0.458860957822
0.655 -1.7959474195 0.460162633923
0.66 -1.7936433621 0.461459641161
0.665 -1.79133283077 0.462752227268
0.67 -1.78901584695 0.464040634868
0.675 -1.786692431 0.465325102348
0.68 -1.7843626021 0.466605863454
0.685 -1.78202637823 0.467883146949
0.69 -1.7796837762 0.46915717711
0.695 -1.77733481172 0.470428173842
0.7 -1.77497949941 0.471696352796
0.705 -1.77261785278 0.472961925474
0.71 -1.7702498843 0.474225099334
0.715 -1.76787560546 0.47548607827
0.72 -1.76549502683 0.476745062862
0.725 -1.76310815788 0.478002249626
0.73 -1.76071500711 0.479257831535
0.735 -1.75831558209 0.480511998121
0.74 -1.75590988939 0.481764935572
0.745 -1.75349793468 0.483016826815
0.75 -1.75107972272 0.484267851605
0.755 -1.74865525735 0.485518186743
0.76 -1.74622454169 0.486768006739
0.765 -1.74378757789 0.488017482777
0.77 -1.74134436723 0.489266783298
0.775 -1.73889491019 0.490516074066
0.78 -1.7364392064 0.491765518239
0.785 -1.73397725465 0.49301527645
0.79 -1.73150905298 0.494265506871
0.795 -1.72903459859 0.495516365339
0.8 -1.72655388801 0.496768005898
0.805 -1.72406691698 0.498020580204
0.81 -1.72157368045 0.499274237703
0.815 -1.71907417264 0.500529125795
0.82 -1.71656838701 0.501785389903
0.825 -1.71405631633 0.503043173536
0.83 -1.71153795263 0.504302618358
0.835 -1.70901328725 0.505563864247
0.84 -1.7064823108 0.506827049356
0.845 -1.70394501326 0.508092310305
0.85 -1.70140138391 0.5093597822
0.855 -1.69885141136 0.510629598542
0.86 -1.69629508355 0.511901891387
0.865 -1.69373238779 0.513176791409
0.87 -1.69116331072 0.514454427966
0.875 -1.68858783834 0.515734929163
0.88 -1.68600595606 0.517018421916
0.885 -1.68341764863 0.518305032022
0.89 -1.6808229002 0.519594884074
0.895 -1.67822169414 0.520888100951
0.9 -1.67561401332 0.522184804889
0.905 -1.67299983999 0.523485117213
0.91 -1.67037915581 0.52478915832
0.915 -1.66775194183 0.526097047729
0.92 -1.66511817854 0.527408904133
0.925 -1.6624778458 0.52872484545
0.93 -1.65983092294 0.530044988877
0.935 -1.65717738866 0.531369450935
0.94 -1.65451722107 0.532698347112
0.945 -1.65185039766 0.534031792263
0.95 -1.6491768954 0.535369900826
0.955 -1.6464966907 0.536712786685
0.96 -1.64380975938 0.538060563215
0.965 -1.6411160767 0.53941334332
0.97 -1.63841561737 0.54077123948
0.975 -1.63570835555 0.542134363783
0.98 -1.63299426481 0.543502827972
0.985 -1.6302733182 0.544876743415
0.99 -1.62754548814 0.54625622103
0.995 -1.62481074655 0.547641371603
1.0 -1.62206906478 0.5490323057
1.005 -1.61932041365 0.5504291337
1.01 -1.6165647634 0.551831965827
1.015 -1.61380208376 0.553240912185
1.02 -1.61103234387 0.554656082794
1.025 -1.60825551234 0.556077587621
1.03 -1.60547155724 0.557505536606
1.035 -1.60268044606 0.558940039619
1.04 -1.59988214576 0.560381206586
1.045 -1.59707662272 0.561829147521
1.05 -1.59426384282 0.563283972534
1.055 -1.59144377136 0.56474579186
1.06 -1.58861637308 0.566214715894
1.065 -1.58578161219 0.567690855213
1.07 -1.58293945233 0.569174320615
1.075 -1.58008985659 0.57066522314
1.08 -1.57723278752 0.572163674093
1.085 -1.57436820709 0.573669785067
1.09 -1.57149607671 0.575183667999
1.095 -1.56861635725 0.576705435185
1.1 -1.56572900901 0.57823519931
1.105 -1.56283399171 0.579773073473
1.11 -1.55993126453 0.581319171219
1.115 -1.55702078607 0.582873606565
1.12 -1.55410251436 0.58443649403
1.125 -1.55117640684 0.586007948654
1.13 -1.5482424204 0.587588085981
1.135 -1.54530051131 0.589177022155
1.14 -1.54235063531 0.590774873937
1.145 -1.53939274751 0.592381758719
1.15 -1.53642680246 0.593997794552
1.155 -1.5334527541 0.595623100175
1.16 -1.53047055579 0.597257795041
1.165 -1.52748016029 0.598901999344
1.17 -1.52448151974 0.600555834048
1.175 -1.52147458569 0.602219420877
1.18 -1.51845930907 0.603892882373
1.185 -1.51543564018 0.605576341943
1.19 -1.51240352873 0.60726992387
1.195 -1.5093629238 0.608973753339
1.2 -1.50631377383 0.610687956463
1.205 -1.50325602663 0.612412660312
1.21 -1.5001896294 0.61414799294
1.215 -1.49711452865 0.615894083413
1.22 -1.49403067029 0.617651061839
1.225 -1.49093799956 0.619419059393
1.23 -1.48783646104 0.621198208349
1.235 -1.48472599864 0.622988642089
1.24 -1.48160655558 0.624790495025
1.245 -1.47847807442 0.626603902802
1.25 -1.47534049705 0.628429002293
1.255 -1.47219376465 0.630265931596
1.26 -1.46903781773 0.632114830071
1.265 -1.4658725961 0.633975838362
1.27 -1.46269803886 0.635849098428
1.275 -1.45951408438 0.637734753574
1.28 -1.45632067033 0.639632948478
1.285 -1.45311773367 0.641543829223
1.29 -1.44990521058 0.643467543326
1.295 -1.44668303656 0.645404239765
1.3 -1.4434511463 0.647354068983
1.305 -1.44020947374 0.649317182885
1.31 -1.43695795207 0.651293734982
1.315 -1.43369651372 0.653283880365
1.32 -1.43042509033 0.65528777574
1.325 -1.42714361274 0.657305579451
1.33 -1.42385201103 0.659337451521
1.335 -1.42055021444 0.661383553675
1.34 -1.41723815143 0.66344404938
1.345 -1.4139157496 0.665519103872
1.35 -1.41058293577 0.667608884193
1.355 -1.40723963588 0.669713559221
1.36 -1.40388577504 0.671833299706
1.365 -1.40052127749 0.673968278259
1.37 -1.39714606657 0.676118669431
1.375 -1.3937600648 0.678284649763
1.38 -1.39036319377 0.680466397802
1.385 -1.3869553742 0.682664094135
1.39 -1.38353652589 0.684877921424
1.395 -1.38010656772 0.687108064446
1.4 -1.37666541766 0.689354710123
1.405 -1.37321299272 0.691618047566
1.41 -1.36974920896 0.693898268107
1.415 -1.3662739815 0.696195565339
1.42 -1.36278722447 0.698510135154
1.425 -1.35928885102 0.700842175778
1.43 -1.35577877326 0.70319188779
1.435 -1.35225690234 0.705559474198
1.44 -1.34872314837 0.707945140467
1.445 -1.34517742043 0.710349094557
1.45 -1.34161962656 0.712771546966
1.455 -1.33804967372 0.715212710767
1.46 -1.33446746784 0.717672801653
1.465 -1.33087291373 0.720152037981
1.47 -1.32726591511 0.722650640811
1.475 -1.3236463746 0.725168833951
1.48 -1.32001419369 0.727706844004
1.485 -1.31636927272 0.730264900409
1.49 -1.31271151088 0.732843235486
1.495 -1.30904080617 0.735442084481
1.5 -1.30535705543 0.738061685617
1.505 -1.3016601543 0.740702280139
1.51 -1.29794999719 0.743364112362
1.515 -1.29422647731 0.746047429719
1.52 -1.2904894866 0.748752482807
1.525 -1.28673891576 0.751479525442
1.53 -1.28297465419 0.754228814704
1.535 -1.27919659002 0.757000610991
1.54 -1.27540461005 0.759795178069
1.545 -1.27159859978 0.762612783124
1.55 -1.26777844334 0.765453696816
1.555 -1.2639440235 0.768318193318
1.56 -1.26009522163 0.771206550389
1.565 -1.25623191774 0.774119049425
1.57 -1.2523539904 0.777055975511
1.575 -1.24846131675 0.780017617479
1.58 -1.24455377249 0.783004267964
1.585 -1.24063123183 0.786016223462
1.59 -1.23669356751 0.789053784388
1.595 -1.23274065073 0.792117255133
1.6 -1.22877235118 0.795206944128
1.605 -1.22478853701 0.798323163903
1.61 -1.22078907476 0.801466231145
1.615 -1.2167738294 0.804636466759
1.62 -1.21274266426 0.807834195902
1.625 -1.20869544106 0.811059748097
1.63 -1.20463201984 0.814313457281
1.635 -1.20055225896 0.817595661867
1.64 -1.19645601511 0.820906704807
1.645 -1.19234314322 0.824246933659
1.65 -1.18821349649 0.827616700659
1.655 -1.18406692633 0.831016362784
1.66 -1.17990328237 0.834446281821
1.665 -1.17572241241 0.837906824443
1.67 -1.17152416241 0.841398362272
1.675 -1.16730837647 0.844921271956
1.68 -1.16307489676 0.848475935171
1.685 -1.15882356355 0.852062738727
1.69 -1.15455421514 0.855682074726
1.695 -1.1502666879 0.859334340577
1.7 -1.14596081615 0.863019939076
1.705 -1.14163643223 0.866739278475
1.71 -1.1372933664 0.870492772565
1.715 -1.13293144682 0.874280840749
1.72 -1.12855049959 0.878103908123
1.725 -1.12415034863 0.881962405553
1.73 -1.11973081569 0.885856769754
1.735 -1.11529172036 0.889787443377
1.74 -1.11083287997 0.893754875082
1.745 -1.10635410959 0.897759519494
1.75 -1.101855222 0.901801837239
1.755 -1.09733602766 0.905882295365
1.76 -1.09279633471 0.910001367245
1.765 -1.08823594886 0.914159532656
1.77 -1.08365467345 0.918357277864
1.775 -1.07905230933 0.922595095711
1.78 -1.07442865491 0.926873485696
1.785 -1.06978350605 0.931192954063
1.79 -1.06511665609 0.935554013889
1.795 -1.06042789576 0.93995718517
1.8 -1.0557170132 0.944402994909
1.805 -1.05098379388 0.948891977208
1.81 -1.04622802059 0.953424673156
1.815 -1.04144947341 0.958001630643
1.82 -1.03664792964 0.962623405267
1.825 -1.0318231638 0.967290560055
1.83 -1.02697494756 0.972003665531
1.835 -1.02210304973 0.976763299791
1.84 -1.0172072362 0.981570048599
1.845 -1.01228726991 0.98642450547
1.85 -1.00734291082 0.991327271761
1.855 -1.00237391586 0.996278956757
1.86 -0.99738003888 1.00128017776
1.865 -0.992361030637 1.00633156017
1.87 -0.987316638729 1.0114337376
1.875 -0.982246607581 1.01658735168
1.88 -0.977150678446 1.0217930513
1.885 -0.972028589267 1.02705149446
1.89 -0.966880074665 1.03236334773
1.895 -0.961704865905 1.03772928619
1.9 -0.956502690855 1.04314999352
1.905 -0.951273273939 1.04862616209
1.91 -0.946016336095 1.05415849298
1.915 -0.940731594729 1.05974769615
1.92 -0.935418763672 1.06539449043
1.925 -0.930077553131 1.07109960362
1.93 -0.924707669647 1.0768637726
1.935 -0.919308816046 1.08268774334
1.94 -0.913880691407 1.08857227081
1.945 -0.90842299114 1.09451811752
1.95 -0.902935406745 1.10052605593
1.955 -0.897417625815 1.10659686795
1.96 -0.891869332012 1.1127313447
1.965 -0.886290205014 1.11893028656
1.97 -0.880679920474 1.12519450317
1.975 -0.87503814997 1.13152481348
1.98 -0.869364560959 1.13792204577
1.985 -0.863658816726 1.14438703766
1.99 -0.857920576341 1.15092063614
1.995 -0.852149494623 1.15752369743
2.0 -0.84634522218 1.16419708638
2.005 -0.84050740521 1.17094167755
2.01 -0.8346356855 1.17775835487
2.015 -0.82872970039 1.18464801154
2.02 -0.822789082727 1.19161155001
2.025 -0.816813460814 1.19864988192
2.03 -0.810802458364 1.2057639281
2.035 -0.804755694453 1.21295461849
2.04 -0.798672783471 1.22022289212
2.045 -0.792553335071 1.22756969708
2.05 -0.786396954192 1.23499598962
2.055 -0.780203241199 1.24250273205
2.06 -0.773971791447 1.25009089694
2.065 -0.767702195377 1.25776146544
2.07 -0.761394038502 1.26551542689
2.075 -0.755046901353 1.27335377865
2.08 -0.748660359446 1.28127752591
2.085 -0.742233983235 1.28928768159
2.09 -0.735767338069 1.29738526606
2.095 -0.729259984155 1.30557130698
2.1 -0.722711476513 1.31384683909
2.105 -0.716121365048 1.32221290308
2.11 -0.709489194717 1.33067054366
2.115 -0.702814505033 1.33922081301
2.12 -0.696096830217 1.34786476896
2.125 -0.68933569919 1.35660347447
2.13 -0.682530635547 1.36543799721
2.135 -0.675681157533 1.37436940919
2.14 -0.668786778017 1.38339878629
2.145 -0.661847004476 1.39252720778
2.15 -0.654861338994 1.40175575564
2.155 -0.647829278307 1.41108551328
2.16 -0.640750313671 1.42051756634
2.165 -0.633623930899 1.43005300164
2.17 -0.626449610351 1.43969290647
2.175 -0.61922682693 1.44943836792
2.18 -0.611955050081 1.45929047221
2.185 -0.604633743787 1.46925030399
2.19 -0.597262366568 1.47931894555
2.195 -0.589840371576 1.48949747539
2.2 -0.58236720702 1.49978696407
2.205 -0.574842315511 1.5101884786
2.21 -0.567265134268 1.52070307998
2.215 -0.559635095212 1.53133182172
2.22 -0.551951625001 1.54207574871
2.225 -0.544214145065 1.55293589607
2.23 -0.536422071655 1.56391328801
2.235 -0.528574815888 1.57500893653
2.24 -0.520671783861 1.58622383977
2.245 -0.512712377167 1.59755897757
2.25 -0.504695992326 1.60901531433
2.255 -0.496622020981 1.62059379663
2.26 -0.488489850077 1.63229535112
2.265 -0.480298861954 1.64412088273
2.27 -0.472048434453 1.65607127298
2.275 -0.463737941027 1.66814737816
2.28 -0.455366750859 1.68035002736
2.285 -0.446934229034 1.69268002027
2.29 -0.438439737317 1.70513812078
2.295 -0.429882633517 1.71772506006
2.3 -0.421262271703 1.73044153394
2.305 -0.412578002536 1.74328819944
2.31 -0.403829173458 1.75626567224
2.315 -0.395015128897 1.7693745241
2.32 -0.386135210472 1.78261528012
2.325 -0.377188757221 1.79598841596
2.33 -0.368175105866 1.80949435474
2.335 -0.359093591951 1.82313345983
2.34 -0.349943549181 1.83690603605
2.345 -0.340724309588 1.85081232695
2.35 -0.331435204126 1.86485251001
2.355 -0.322075562997 1.87902669301
2.36 -0.312644715996 1.89333491032
2.365 -0.303141992866 1.90777711902
2.37 -0.293566723679 1.92235319494
2.375 -0.28391823924 1.93706292846
2.38 -0.274195872425 1.95190601775
2.385 -0.264398957842 1.96688206643
2.39 -0.254526831921 1.98199058001
2.395 -0.244578833791 1.99723096009
2.4 -0.234554305806 2.01260249935
2.405 -0.22445259408 2.02810437653
2.41 -0.214273049051 2.04373565113
2.415 -0.20401502607 2.05949525804
2.42 -0.193677886009 2.07538200189
2.425 -0.18326099679 2.09139455276
2.43 -0.17276373354 2.10753143947
2.435 -0.1621854786 2.12379104236
2.44 -0.15152562277 2.14017158787
2.445 -0.140783566082 2.15667114215
2.45 -0.129958718604 2.1732876045
2.455 -0.119050501275 2.19001870057
2.46 -0.10805834677 2.20686197542
2.465 -0.0969817003966 2.22381478642
2.47 -0.0858200214326 2.24087430151
2.475 -0.0745727841112 2.25803749198
2.48 -0.0632394780811 2.27530111745
2.485 -0.0518196097758 2.29266172258
2.49 -0.040312703524 2.31011562963
2.495 -0.0287183026996 2.32765893083
2.5 -0.0170359709136 2.34528748058
2.505 -0.00526529284428 2.36299689011
2.51 0.00659412470452 2.38078252078
2.515 0.018542650701 2.3986394711
2.52 0.0305806289532 2.41656257111
2.525 0.0427083767577 2.43454637433
2.53 0.0549261835019 2.45258514957
2.535 0.0672343092263 2.4706728727
2.54 0.0796329831176 2.4888032257
2.545 0.092122401953 2.5069695977
2.55 0.104702728608 2.52516505634
2.555 0.117374090413 2.54338234869
2.56 0.130136577501 2.561613894
2.565 0.142990241109 2.57985177614
2.57 0.15593509247 2.59808774558
2.575 0.168971101269 2.61631321533
2.58 0.182098192789 2.63451923791
2.585 0.195316246614 2.65269650647
2.59 0.208625094799 2.6708353483
2.595 0.222024519985 2.68892571837
2.6 0.235514254048 2.70695721439
2.605 0.249093976174 2.72491907129
2.61 0.262763310436 2.74280013926
2.615 0.276521824118 2.76058889072
2.62 0.290369025865 2.77827341811
2.625 0.304304364291 2.79584143126
2.63 0.31832722536 2.81328025719
2.635 0.332436930552 2.83057683897
2.64 0.346632734919 2.84771773529
2.645 0.36091382587 2.86468914162
2.65 0.375279321071 2.8814768891
2.655 0.389728265899 2.89806643209
2.66 0.404259631813 2.9144428614
2.665 0.418872314749 2.93059091317
2.67 0.433565134793 2.94649499111
2.675 0.448336832503 2.96213915668
2.68 0.463186067574 2.97750714319
2.685 0.478111417217 2.99258236775
2.69 0.493111375888 3.00734795964
2.695 0.50818435331 3.02178677007
2.7 0.523328671981 3.03588137712
2.705 0.538542566232 3.04961410888
2.71 0.553824181372 3.06296706605
2.715 0.569171574608 3.07592215839
2.72 0.584582711147 3.08846110709
2.725 0.600055463879 3.10056547413
2.73 0.615587612593 3.1122166891
2.735 0.631176845394 3.12339608741
2.74 0.646820757281 3.13408493582
2.745 0.662516848395 3.14426445768
2.75 0.678262524437 3.15391586952
2.755 0.694055097171 3.16302041674
2.76 0.709891786983 3.17155941364
2.765 0.725769719771 3.17951427673
2.77 0.741685928291 3.18686656599
2.775 0.757637352898 3.19359802637
2.78 0.773620844806 3.19969062352
2.785 0.789633166047 3.20512659097
2.79 0.805670989554 3.20988847905
2.795 0.821730901397 3.21395919953
2.8 0.837809403144 3.21732206723
2.805 0.853902915912 3.21996082845
2.81 0.870007779719 3.22185973765
2.815 0.886120256802 3.2230035993
2.82 0.902236534442 3.22337781709
2.825 0.91835272948 3.22296840782
2.83 0.93446489073 3.22176207056
2.835 0.95056900182 3.21974625178
2.84 0.966660985361 3.21690918529
2.845 0.982736707057 3.21323992936
2.85 0.998791980444 3.20872837264
2.855 1.0148225708 3.20336532494
2.86 1.03082420006 3.19714254646
2.865 1.046792551 3.19005278312
2.87 1.06272327245 3.18208980734
2.875 1.07861198499 3.17324846017
2.88 1.09445428617 3.1635246815
2.885 1.11024575564 3.15291550495
2.89 1.12598196145 3.14141912341
2.895 1.14165846599 3.12903491056
2.9 1.15727083111 3.11576342856
2.905 1.17281462375 3.10160644004
2.91 1.18828542353 3.08656694301
2.915 1.2036788285 3.07064917548
2.92 1.2189904599 3.05385860076
2.925 1.23421596973 3.03620192871
2.93 1.24935104738 3.0176871181
2.935 1.26439142504 2.99832336379
2.94 1.27933288257 2.97812107698
2.945 1.29417125602 2.95709188961
2.95 1.30890244327 2.93524863247
2.955 1.32352240803 2.91260530635
2.96 1.33802718684 2.88917706029
2.965 1.35241289574 2.86498016526
2.97 1.36667573508 2.84003197946
2.975 1.38081199259 2.81435091248
2.98 1.394818052 2.78795638302
2.985 1.40869039753 2.76086877444
2.99 1.42242561795 2.73310939037
2.995 1.4360204076 2.70470041732
3.0 1.44947157555 2.67566485338
3.005 1.46277604865 2.64602645503
3.01 1.47593087453 2.61580968618
3.015 1.48893322249 2.58503968559
3.02 1.5017803903 2.55374216655
3.025 1.51446980639 2.52194336074
3.03 1.52699903181 2.48966996177
3.035 1.53936576053 2.45694909474
3.04 1.55156782344 2.42380821267
3.045 1.56360318933 2.39027504019
3.05 1.5754699665 2.35637751876
3.055 1.58716640347 2.32214373304
3.06 1.59869088966 2.28760184156
3.065 1.61004195519 2.25278003324
3.07 1.62121827069 2.21770646956
3.075 1.63221864745 2.18240920023
3.08 1.64304203661 2.14691611604
3.085 1.65368752862 2.11125490788
3.09 1.66415435149 2.07545298926
3.095 1.67444186941 2.03953744741
3.1 1.68454958143 2.00353501174
3.105 1.69447711907 1.96747199079
3.11 1.70422424398 1.93137422306
3.115 1.713790846 1.89526704616
3.12 1.72317694061 1.85917525722
3.125 1.7323826653 1.82312306496
3.13 1.74140827707 1.78713406133
3.135 1.75025414995 1.75123119855
3.14 1.75892077053 1.71543674949
3.145 1.76740873472 1.67977228509
3.15 1.77571874522 1.6442586573
3.155 1.78385160693 1.60891597561
3.16 1.7918082229 1.57376359019
3.165 1.79958959143 1.53882007927
3.17 1.80719680206 1.50410323835
3.175 1.81463103075 1.46963007195
3.18 1.82189353643 1.43541678733
3.185 1.82898565786 1.40147878895
3.19 1.83590880821 1.36783068178
3.195 1.84266447145 1.33448627179
3.2 1.84925419957 1.30145856173
3.205 1.85567960711 1.26875976609
3.21 1.86194236707 1.23640131988
3.215 1.86804420707 1.20439388735
3.22 1.87398690816 1.17274735235
3.225 1.87977229841 1.14147085162
3.23 1.88540224903 1.1105727907
3.235 1.89087867099 1.08006085713
3.24 1.89620351324 1.04994201398
3.245 1.90137875758 1.02022253846
3.25 1.90640641492 0.990908044257
3.255 1.91128852218 0.962003498477
3.26 1.91602714033 0.93351322155
3.265 1.92062435052 0.905440919487
3.27 1.92508225087 0.877789709165
3.275 1.92940295357 0.850562136054
3.28 1.93358858196 0.823760196465
3.285 1.93764126794 0.797385362019
3.29 1.94156314937 0.771438600126
3.295 1.94535636818 0.745920383214
3.3 1.94902306737 0.720830725031
3.305 1.9525653889 0.696169200121
3.31 1.95598547147 0.671934959948
3.315 1.95928544855 0.64812675758
3.32 1.96246744641 0.624742971051
3.325 1.96553358232 0.60178162051
3.33 1.96848596278 0.579240386272
3.335 1.97132668193 0.557116634905
3.34 1.97405782001 0.535407436563
3.345 1.9766814418 0.514109579947
3.35 1.97919959547 0.493219595722
3.355 1.98161431126 0.472733774177
3.36 1.98392760019 0.452648179864
3.365 1.9861414531 0.432958670136
3.37 1.98825783969 0.413660912821
3.375 1.99027870753 0.394750400534
3.38 1.99220598113 0.376222465143
3.385 1.99404156144 0.358072295016
3.39 1.99578732513 0.340294948599
3.395 1.99744512369 0.322885366066
3.4 1.9990167829 0.305838382644
3.405 2.00050410272 0.289148742636
3.41 2.00190885672 0.272811110538
3.415 2.00323279133 0.256820082024
3.42 2.00447762585 0.241170194849
3.425 2.0056450523 0.225855939057
3.43 2.00673673513 0.210871766571
3.435 2.00775431067 0.196212100926
3.44 2.0086993874 0.181871345221
3.445 2.00957354595 0.167843890142
3.45 2.01037833891 0.154124121887
3.455 2.0111152905 0.140706430724
3.46 2.01178589708 0.127585215875
3.465 2.01239162717 0.114754892026
3.47 2.01293392139 0.102209895945
3.475 2.01341419233 0.089944693272
3.48 2.01383382523 0.0779537811862
3.485 2.01419417794 0.0662316936565
3.49 2.01449658104 0.0547730071427
3.495 2.01474233794 0.0435723450086
3.5 2.01493272543 0.032624379093
3.505 2.0150689939 0.0219238337091
3.51 2.01515236732 0.0114654908856
3.515 2.01518404366 0.00124419193764
3.52 2.01516519541 -0.00874516123825
3.525 2.01509696978 -0.0185076033588
3.53 2.01498048905 -0.0280481035755
3.535 2.0148168506 -0.0373715609737
3.54 2.01460712752 -0.0464828055574
3.545 2.0143523689 -0.0553865962837
3.55 2.0140536001 -0.0640876191946
3.555 2.01371182327 -0.0725904872495
3.56 2.01332801808 -0.08089974163
3.565 2.01290314141 -0.0890198470975
3.57 2.01243812795 -0.0969551925483
3.575 2.01193389054 -0.104710090427
3.58 2.01139132081 -0.112288778132
3.585 2.01081128952 -0.119695417535
3.59 2.01019464666 -0.126934093268
3.595 2.00954222198 -0.134008813506
3.6 2.00885482531 -0.140923510094
3.605 2.00813324716 -0.147682039929
3.61 2.00737825891 -0.154288184266
3.615 2.00659061319 -0.160745649046
3.62 2.00577104426 -0.167058065534
3.625 2.00492026839 -0.173228991017
3.63 2.00403898435 -0.179261910053
3.635 2.00312787362 -0.185160234273
3.64 2.00218760078 -0.190927303335
3.645 2.00121881391 -0.196566385699
3.65 2.00022214491 -0.202080679724
3.655 1.99919820988 -0.207473314632
3.66 1.99814760946 -0.212747350936
3.665 1.9970709291 -0.217905781522
3.67 1.99596873948 -0.222951532575
3.675 1.99484159682 -0.227887465065
3.68 1.99369004321 -0.232716375388
3.685 1.9925146069 -0.237440996207
3.69 1.99131580264 -0.242063997583
3.695 1.99009413196 -0.24658798808
3.7 1.98885008354 -0.251015516311
3.705 1.98758413347 -0.255349071297
3.71 1.9862967455 -0.259591083657
3.715 1.98498837137 -0.263743926694
3.72 1.9836594511 -0.26780991741
3.725 1.98231041323 -0.271791317669
3.73 1.98094167519 -0.275690336099
3.735 1.97955364349 -0.27950912811
3.74 1.97814671397 -0.2832497972
3.745 1.97672127212 -0.286914396152
3.75 1.97527769328 -0.290504928138
3.755 1.97381634292 -0.294023347699
3.76 1.97233757675 -0.297471560886
3.765 1.97084174114 -0.300851427428
3.77 1.96932917325 -0.304164761579
3.775 1.96780020131 -0.307413333052
3.78 1.96625514483 -0.310598868085
3.785 1.96469431482 -0.313723050344
3.79 1.96311801386 -0.316787520807
3.795 1.96152653646 -0.319793880048
3.8 1.95992016928 -0.322743688993
3.805 1.95829919123 -0.325638469728
3.81 1.95666387375 -0.328479706454
3.815 1.95501448097 -0.331268846345
3.82 1.95335126979 -0.334007299687
3.825 1.95167449017 -0.336696441604
3.83 1.94998438531 -0.339337612812
3.835 1.94828119179 -0.341932120352
3.84 1.94656513973 -0.34448123842
3.845 1.94483645297 -0.346986209159
3.85 1.94309534922 -0.349448243167
3.855 1.94134204017 -0.351868520571
3.86 1.93957673172 -0.354248191763
3.865 1.9377996241 -0.356588378092
3.87 1.93601091197 -0.358890172589
3.875 1.9342107846 -0.361154640679
3.88 1.93239942604 -0.363382820829
3.885 1.93057701518 -0.36557572528
3.89 1.92874372592 -0.367734340713
3.895 1.92689972729 -0.369859628899
3.9 1.92504518359 -0.371952527341
3.905 1.92318025446 -0.374013949901
3.91 1.92130509506 -0.37604478725
3.915 1.91941985612 -0.378045907626
3.92 1.9175246841 -0.380018157405
3.925 1.91561972129 -0.381962361649
3.93 1.91370510589 -0.383879324659
3.935 1.91178097215 -0.385769830517
3.94 1.90984745041 -0.387634643569
3.945 1.90790466729 -0.389474508983
3.95 1.90595274569 -0.391290153263
3.955 1.90399180494 -0.393082284729
3.96 1.90202196088 -0.394851594
3.965 1.90004332592 -0.39659875446
3.97 1.89805600915 -0.398324422629
3.975 1.89606011643 -0.40002923871
3.98 1.89405575045 -0.401713827032
3.985 1.89204301082 -0.403378796454
3.99 1.89002199415 -0.405024740792
3.995 1.88799279411 -0.406652239221
4.0 1.88595550152 -0.408261856689
4.005 1.88391020441 -0.409854144227
4.01 1.88185698807 -0.411429639036
4.015 1.87979593513 -0.412988865355
4.02 1.87772712567 -0.41453233466
4.025 1.8756506372 -0.416060545992
4.03 1.8735665448 -0.417573986299
4.035 1.87147492114 -0.419073130776
4.04 1.86937583654 -0.420558443191
4.045 1.86726935902 -0.422030376031
4.05 1.86515555435 -0.423489370741
4.055 1.86303448616 -0.424935858393
4.06 1.8609062159 -0.426370259798
4.065 1.85877080299 -0.427792985789
4.07 1.8566283048 -0.429204437499
4.075 1.85447877672 -0.430605006632
4.08 1.85232227222 -0.431995075725
4.085 1.85015884285 -0.433375018239
4.09 1.84798853831 -0.434745198947
4.095 1.84581140652 -0.436105974231
4.1 1.84362749364 -0.437457692263
4.105 1.84143684409 -0.438800693227
4.11 1.83923950063 -0.44013530955
4.115 1.83703550438 -0.441461866116
4.12 1.83482489485 -0.442780680468
4.125 1.83260770996 -0.444092062922
4.13 1.8303839861 -0.445396316895
4.135 1.82815375816 -0.446693739078
4.14 1.82591705958 -0.447984619609
4.145 1.82367392236 -0.44926924226
4.15 1.82142437709 -0.450547884619
4.155 1.81916845299 -0.451820818268
4.16 1.81690617797 -0.45308830892
4.165 1.81463757854 -0.454350616542
4.17 1.81236268 -0.455607995632
4.175 1.81008150636 -0.456860695329
4.18 1.80779408041 -0.458108959568
4.185 1.80550042372 -0.459353027228
4.19 1.8032005567 -0.460593132286
4.195 1.8008944986 -0.461829503952
4.2 1.79858226751 -0.463062366745
4.205 1.79626388041 -0.464291940659
4.21 1.79393935321 -0.465518441358
4.215 1.79160870074 -0.466742080267
4.22 1.7892719368 -0.467963064694
4.225 1.78692907415 -0.469181597957
4.23 1.78458012454 -0.470397879501
4.235 1.78222509877 -0.471612105014
4.24 1.7798640066 -0.472824466451
4.245 1.77749685689 -0.474035152245
4.25 1.77512365755 -0.475244347412
4.255 1.77274441558 -0.476452233637
4.26 1.77035913707 -0.477658989375
4.265 1.76796782725 -0.478864789952
4.27 1.76557049046 -0.480069807665
4.275 1.76316713019 -0.481274211845
4.28 1.76075774907 -0.482478168865
4.285 1.75834234892 -0.483681842409
4.29 1.75592093076 -0.484885393499
4.295 1.7534934948 -0.486088980567
4.3 1.75106004048 -0.487292759546
4.305 1.74862056644 -0.488496883954
4.31 1.7461750706 -0.489701504975
4.315 1.74372355012 -0.490906771539
4.32 1.74126600142 -0.492112830409
4.325 1.7388024202 -0.493319826203
4.33 1.73633280136 -0.494527901149
4.335 1.73385713915 -0.495737195667
4.34 1.73137542711 -0.496947848318
4.345 1.72888765812 -0.498159995817
4.35 1.72639382436 -0.499373773096
4.355 1.72389391736 -0.500589313376
4.36 1.72138792797 -0.501806748228
4.365 1.7188758464 -0.503026207638
4.37 1.71635766223 -0.504247820072
4.375 1.71383336439 -0.505471712522
4.38 1.71130294112 -0.506698010305
4.385 1.70876638009 -0.507926837445
4.39 1.70622366833 -0.509158316724
4.395 1.70367479228 -0.510392569658
4.4 1.70111973777 -0.511629716558
4.405 1.69855849002 -0.512869876577
4.41 1.6959910337 -0.514113167767
4.415 1.69341735285 -0.515359707126
4.42 1.69083743095 -0.516609610654
4.425 1.68825125091 -0.517862993399
4.43 1.68565879504 -0.519119969296
4.435 1.68306004506 -0.520380651402
4.44 1.68045498216 -0.52164515203
4.445 1.67784358697 -0.522913582699
4.45 1.67522583955 -0.524186054182
4.455 1.67260171944 -0.525462676543
4.46 1.66997120561 -0.526743559184
4.465 1.6673342765 -0.528028810885
4.47 1.66469090998 -0.529318539847
4.475 1.66204108342 -0.530612853732
4.48 1.65938477363 -0.531911859585
4.485 1.65672195685 -0.533215663903
4.49 1.65405260883 -0.534524372839
4.495 1.65137670477 -0.53583809214
4.5 1.64869421937 -0.537156927182
4.505 1.64600512678 -0.538480983007
4.51 1.64330940064 -0.539810364354
4.515 1.64060701405 -0.541145175701
4.52 1.63789793962 -0.542485521294
4.525 1.63518214943 -0.543831505185
4.53 1.63245961501 -0.545183231211
4.535 1.62973030738 -0.546540802986
4.54 1.62699419707 -0.54790432409
4.545 1.62425125404 -0.549273898027
4.55 1.6215014478 -0.550649628254
4.555 1.61874474729 -0.55203161821
4.56 1.61598112097 -0.553419971349
4.565 1.61321053675 -0.55481479117
4.57 1.61043296206 -0.556216181245
4.575 1.60764836378 -0.557624245255
4.58 1.6048567083 -0.559039086985
4.585 1.60205796145 -0.56046081028
4.59 1.59925208856 -0.561889519233
4.595 1.59643905444 -0.563325318155
4.6 1.59361882338 -0.56476831159
4.605 1.59079135914 -0.566218604349
4.61 1.58795662497 -0.567676301533
4.615 1.58511458358 -0.569141508564
4.62 1.58226519716 -0.570614331207
4.625 1.57940842738 -0.572094875604
4.63 1.57654423536 -0.573583248287
4.635 1.57367258168 -0.575079556143
4.64 1.57079342639 -0.576583906542
4.645 1.56790672902 -0.578096407334
4.65 1.56501244855 -0.579617166868
4.655 1.56211054339 -0.581146294019
4.66 1.55920097146 -0.582683898209
4.665 1.55628369007 -0.584230089437
4.67 1.55335865604 -0.585784978304
4.675 1.55042582559 -0.587348676039
4.68 1.5474851544 -0.588921294519
4.685 1.54453659759 -0.590502946235
4.69 1.54158010969 -0.592093744401
4.695 1.53861564468 -0.593693802971
4.7 1.53564315599 -0.595303236651
4.705 1.53266259643 -0.596922160921
4.71 1.52967391829 -0.598550692065
4.715 1.52667707321 -0.600188947192
4.72 1.52367201231 -0.601837044264
4.725 1.52065868607 -0.603495102125
4.73 1.51763704439 -0.605163240521
4.735 1.51460703659 -0.606841580132
4.74 1.51156861136 -0.608530242581
4.745 1.50852171676 -0.610229350354
4.75 1.50546630025 -0.611939026997
4.755 1.50240230866 -0.613659397103
4.76 1.49932968823 -0.615390586317
4.765 1.49624838454 -0.617132721362
4.77 1.49315834254 -0.618885930063
4.775 1.49005950653 -0.620650341379
4.78 1.4869518202 -0.622426085422
4.785 1.48383522654 -0.624213293488
4.79 1.4807096679 -0.626012098085
4.795 1.47757508599 -0.627822632959
4.8 1.4744314218 -0.629645033108
4.805 1.47127861566 -0.631479434772
4.81 1.46811660722 -0.633325975538
4.815 1.46494533544 -0.635184794342
4.82 1.46176473856 -0.637056031492
4.825 1.45857475416 -0.638939828691
4.83 1.45537531906 -0.640836329072
4.835 1.4521663694 -0.642745677224
4.84 1.44894784058 -0.644668019217
4.845 1.44571966725 -0.646603502637
4.85 1.44248178335 -0.648552276612
4.855 1.43923412205 -0.650514491844
4.86 1.43597661576 -0.65249030062
4.865 1.43270919613 -0.654479856824
4.87 1.42943179402 -0.656483316025
4.875 1.42614433952 -0.658500835487
4.88 1.42284676194 -0.660532574194
4.885 1.41953898978 -0.66257869288
4.89 1.41622095074 -0.664639354063
4.895 1.41289257168 -0.666714722075
4.9 1.40955377868 -0.668804963097
4.905 1.40620449694 -0.670910245187
4.91 1.40284465083 -0.673030738318
4.915 1.39947416389 -0.675166614406
4.92 1.39609295876 -0.677318047341
4.925 1.3927009572 -0.679485213011
4.93 1.38929808011 -0.681668289364
4.935 1.38588424748 -0.683867456428
4.94 1.3824593784 -0.686082896349
4.945 1.37902339106 -0.688314793423
4.95 1.37557620269 -0.690563334134
4.955 1.37211772962 -0.692828707189
4.96 1.36864788721 -0.695111103558
4.965 1.36516658985 -0.697410716506
4.97 1.36167375099 -0.699727741638
4.975 1.35816928306 -0.70206237693
4.98 1.35465309753 -0.704414822771
4.985 1.35112510481 -0.706785281997
4.99 1.34758521433 -0.709173959942
4.995 1.34403333448 -0.711581064469
5.0 1.3404693726 -0.714006806014
5.005 1.33689323496 -0.716451397627
5.01 1.3333048268 -0.718915055012
5.015 1.32970405222 -0.721397996573
5.02 1.32609081427 -0.723900443454
5.025 1.32246501485 -0.726422619581
5.03 1.31882655477 -0.72896475171
5.035 1.31517533367 -0.731527069468
5.04 1.31151125004 -0.734109805398
5.045 1.30783420119 -0.736713195006
5.05 1.30414408326 -0.739337476808
5.055 1.30044079118 -0.741982892376
5.06 1.29672421867 -0.744649686387
5.065 1.29299425824 -0.747338106666
5.07 1.28925080111 -0.750048404244
5.075 1.28549373726 -0.752780833396
5.08 1.28172295541 -0.755535651701
5.085 1.27793834295 -0.758313120087
5.09 1.27413978598 -0.761113502884
5.095 1.27032716927 -0.763937067874
5.1 1.26650037621 -0.766784086347
5.105 1.26265928885 -0.76965483315
5.11 1.25880378785 -0.772549586746
5.115 1.25493375248 -0.775468629266
5.12 1.25104906057 -0.778412246565
5.125 1.24714958854 -0.781380728277
5.13 1.24323521132 -0.784374367874
5.135 1.23930580239 -0.787393462724
5.14 1.23536123371 -0.790438314144
5.145 1.23140137576 -0.793509227467
5.15 1.22742609745 -0.796606512096
5.155 1.22343526615 -0.799730481565
5.16 1.21942874763 -0.802881453576
5.165 1.21540640606 -0.806059750097
5.17 1.21136810401 -0.809265697418
5.175 1.2073137024 -0.812499626212
5.18 1.20324306049 -0.815761871593
5.185 1.19915603584 -0.819052773187
5.19 1.19505248433 -0.822372675197
5.195 1.19093226007 -0.825721926468
5.2 1.18679521545 -0.829100880553
5.205 1.18264120105 -0.832509895788
5.21 1.17847006568 -0.835949335353
5.215 1.1742816563 -0.839419567349
5.22 1.17007581802 -0.842920964863
5.225 1.16585239407 -0.846453905948
5.23 1.16161122575 -0.850018773799
5.235 1.15735215247 -0.853615956849
5.24 1.15307501166 -0.857245848801
5.245 1.14877963878 -0.860908848704
5.25 1.14446586729 -0.864605361026
5.255 1.1401335286 -0.868335795733
5.26 1.13578245207 -0.872100568366
5.265 1.13141246494 -0.875900100113
5.27 1.12702339238 -0.879734817896
5.275 1.12261505736 -0.883605154443
5.28 1.1181872807 -0.887511548372
5.285 1.11373988102 -0.891454444271
5.29 1.10927267468 -0.895434292596
5.295 1.10478547576 -0.899451549871
5.3 1.10027809607 -0.903506678945
5.305 1.09575034509 -0.90760014895
5.31 1.09120202991 -0.911732435376
5.315 1.08663295526 -0.915904020159
5.32 1.08204292342 -0.920115391762
5.325 1.07743173422 -0.924367045263
5.33 1.07279918501 -0.928659482441
5.335 1.0681450706 -0.93299321186
5.34 1.06346918323 -0.937368748958
5.345 1.05877131257 -0.941786616133
5.35 1.05405124565 -0.946247342836
5.355 1.04930876683 -0.950751465384
5.36 1.04454365779 -0.955299526961
5.365 1.03975569747 -0.959892078394
5.37 1.03494466201 -0.964529677876
5.375 1.03011032477 -0.969212891045
5.38 1.02525245625 -0.97394229107
5.385 1.02037082407 -0.97871845874
5.39 1.01546519292 -0.98354198255
5.395 1.01053532451 -0.988413458789
5.4 1.00558097759 -0.993333491629
5.405 1.00060190783 -0.998302693216
5.41 0.99559786783 -1.00332168375
5.415 0.990568607066 -1.0083910916
5.42 0.98551387187 -1.01351155301
5.425 0.980433405421 -1.01868371158
5.43 0.975326947614 -1.02390821998
5.435 0.970194235052 -1.02918573937
5.44 0.96503500101 -1.03451693937
5.445 0.959848975392 -1.03990249818
5.45 0.954635884685 -1.04534310262
5.455 0.94939545192 -1.05083944825
5.46 0.944127396624 -1.05639223939
5.465 0.938831434773 -1.06200218925
5.47 0.933507278753 -1.06767001998
5.475 0.928154637309 -1.07339646273
5.48 0.922773215501 -1.07918225778
5.485 0.917362714674 -1.08502815427
5.49 0.911922832527 -1.09093490894
5.495 0.906453262879 -1.0969032885
5.5 0.900953695669 -1.10293406905
5.505 0.895423816937 -1.10902803587
5.51 0.889863308769 -1.1151859835
5.515 0.884271849252 -1.12140871573
5.52 0.878649112431 -1.12769704565
5.525 0.872994768257 -1.13405179567
5.53 0.867308482539 -1.14047379756
5.535 0.8615899169 -1.14696389245
5.54 0.855838728741 -1.15352293071
5.545 0.850054571281 -1.16015177134
5.55 0.844237093361 -1.16685128308
5.555 0.838385939437 -1.17362234406
5.56 0.832500749548 -1.1804658417
5.565 0.82658115927 -1.18738267271
5.57 0.820626799661 -1.19437374301
5.575 0.814637297222 -1.20143996777
5.58 0.808612273842 -1.20858227131
5.585 0.802551346752 -1.21580158711
5.59 0.796454128478 -1.22309885773
5.595 0.790320226844 -1.23047503413
5.6 0.784149245136 -1.2379310733
5.605 0.777940781661 -1.24546794251
5.61 0.77169442984 -1.25308661776
5.615 0.765409778183 -1.26078808336
5.62 0.759086410251 -1.26857333171
5.625 0.752723904608 -1.27644336324
5.63 0.746321834783 -1.28439918618
5.635 0.739879769226 -1.29244181638
5.64 0.733397271264 -1.30057227714
5.645 0.726873899062 -1.30879159899
5.65 0.720309205658 -1.31710081886
5.655 0.713702739188 -1.32550097766
5.66 0.707054042375 -1.33399312393
5.665 0.700362652653 -1.34257831214
5.67 0.693628102177 -1.35125760215
5.675 0.686849917786 -1.36003205881
5.68 0.680027620984 -1.36890275156
5.685 0.673160727915 -1.377870754
5.69 0.666248749338 -1.38693714346
5.695 0.659291190622 -1.39610300037
5.7 0.652287551798 -1.40536940693
5.705 0.645237327431 -1.41473744785
5.71 0.638140006642 -1.42420820946
5.715 0.630995073101 -1.43378277899
5.72 0.623802005023 -1.44346224389
5.725 0.61656027516 -1.45324769125
5.73 0.6092693508 -1.46314020701
5.735 0.601928693763 -1.47314087532
5.74 0.594537760448 -1.48325077738
5.745 0.587096002293 -1.49347098705
5.75 0.5796028652 -1.50380257468
5.755 0.572057789619 -1.51424660556
5.76 0.564460210679 -1.52480413816
5.765 0.556809558219 -1.53547622306
5.77 0.549105256825 -1.5462639018
5.775 0.541346725866 -1.5571682058
5.78 0.533533379547 -1.56819015508
5.785 0.525664626969 -1.57933075689
5.79 0.517739872656 -1.59059100134
5.795 0.509758516117 -1.60197186325
5.8 0.501719951876 -1.61347430104
5.805 0.493623569698 -1.62509925416
5.81 0.485468754677 -1.63684764151
5.815 0.47725488734 -1.64872035967
5.82 0.468981343748 -1.66071828117
5.825 0.46064749561 -1.67284225261
5.83 0.452252710413 -1.68509309272
5.835 0.443796352126 -1.6974715864
5.84 0.435277780879 -1.70997848584
5.845 0.42669635285 -1.72261451001
5.85 0.418051420694 -1.73538034059
5.855 0.409342333724 -1.74827661956
5.86 0.400568438103 -1.76130394662
5.865 0.391729077046 -1.77446287659
5.87 0.382823591038 -1.78775391659
5.875 0.373851318055 -1.8011775233
5.88 0.364811594504 -1.81473409657
5.885 0.355703755175 -1.82842397784
5.89 0.346527132823 -1.84224745024
5.895 0.337281058921 -1.85620473301
5.9 0.327964863982 -1.87029597796
5.905 0.318577877885 -1.88452126587
5.91 0.30911943023 -1.89888060267
5.915 0.299588850692 -1.91337391555
5.92 0.289985469413 -1.92800104894
5.925 0.280308617995 -1.9427617586
5.93 0.270557630024 -1.95765570699
5.935 0.260731840386 -1.97268246202
5.94 0.25083058635 -1.9878414907
5.945 0.240853208074 -2.00313215421
5.95 0.230799049131 -2.01855370298
5.955 0.220667457057 -2.03410527147
5.96 0.210457783923 -2.04978587292
5.965 0.200169386923 -2.06559439382
5.97 0.189801629491 -2.08152958893
5.975 0.179353882422 -2.0975900761
5.98 0.168825523079 -2.11377432836
5.985 0.158215936785 -2.13008066865
5.99 0.147524517604 -2.14650726358
5.995 0.136750669128 -2.16305211697
6.0 0.125893805291 -2.17971306315
6.005 0.114953351213 -2.19648776016
6.01 0.103928744073 -2.21337368271
6.015 0.092819434218 -2.23036811746
6.02 0.0816248865927 -2.24746816191
6.025 0.0703445808738 -2.26467070608
6.03 0.0589780128207 -2.28197242912
6.035 0.0475246953981 -2.29936979237
6.04 0.0359841599014 -2.31685903172
6.045 0.0243559571233 -2.33443615002
6.05 0.0126396584171 -2.35209691011
6.055 0.000834856267082 -2.36983683138
6.06 -0.011058833467 -2.3876511754
6.065 -0.0230417705173 -2.40553493964
6.07 -0.0351142889521 -2.42348284994
6.075 -0.0472766958035 -2.44148935237
6.08 -0.0595292696537 -2.45954860501
6.085 -0.0718722591733 -2.47765447148
6.09 -0.0843058815532 -2.49580052992
6.095 -0.0968303210448 -2.51398004514
6.1 -0.109445727364 -2.53218596351
6.105 -0.122152214052 -2.55041090802
6.11 -0.134949856802 -2.56864717068
6.115 -0.147838691909 -2.58688670746
6.12 -0.160818715566 -2.6051211471
6.125 -0.173889880773 -2.62334176331
6.13 -0.187052095819 -2.64153947211
6.135 -0.200305222596 -2.65970482741
6.14 -0.213649074741 -2.67782801435
6.145 -0.227083415883 -2.69589884833
6.15 -0.240607958474 -2.71390679734
6.155 -0.254222361047 -2.7318409467
6.16 -0.267926226478 -2.74969000306
6.165 -0.281719100109 -2.76744229451
6.17 -0.295600468217 -2.78508576743
6.175 -0.309569756006 -2.80260798504
6.18 -0.32362632527 -2.81999612723
6.185 -0.337769472596 -2.83723698922
6.19 -0.351998427555 -2.85431698641
6.195 -0.366312351673 -2.87122218165
6.2 -0.380710335367 -2.887938258
6.205 -0.395191396241 -2.90445052951
6.21 -0.409754477217 -2.92074394845
6.215 -0.424398445895 -2.93680312385
6.22 -0.439122092507 -2.95261232724
6.225 -0.453924127084 -2.96815549151
6.23 -0.468803178225 -2.9834162262
6.235 -0.483757791695 -2.99837783258
6.24 -0.498786430448 -3.01302333572
6.245 -0.513887471075 -3.02733547669
6.25 -0.529059202745 -3.04129673401
6.255 -0.544299825885 -3.05488934281
6.26 -0.559607452717 -3.06809532803
6.265 -0.574980105697 -3.08089652313
6.27 -0.590415714937 -3.09327458241
6.275 -0.605912117981 -3.10521101144
6.28 -0.621467059416 -3.11668719581
6.285 -0.637078192642 -3.12768444164
6.29 -0.652743076308 -3.13818399112
6.295 -0.668459174591 -3.14816705785
6.3 -0.684223857088 -3.15761486146
6.305 -0.700034400987 -3.16650866632
6.31 -0.715887990683 -3.17482981787
6.315 -0.731781716359 -3.18255977888
6.32 -0.747712575369 -3.18968017128
6.325 -0.763677473449 -3.19617281652
6.33 -0.779673228279 -3.20201977136
6.335 -0.795696567381 -3.20720338159
6.34 -0.811744130244 -3.2117063258
6.345 -0.827812470073 -3.21551166226
6.35 -0.843898057577 -3.21860285821
6.355 -0.859997282557 -3.2209638431
6.36 -0.876106454785 -3.22257907166
6.365 -0.892221807333 -3.22343356699
6.37 -0.908339499714 -3.22351296305
6.375 -0.924455622583 -3.22280351689
6.38 -0.940566199029 -3.22129220589
6.385 -0.956667188647 -3.21896676653
6.39 -0.97275449146 -3.21581574211
6.395 -0.988823952438 -3.21182849546
6.4 -1.00487136582 -3.20699525561
6.405 -1.02089247937 -3.20130718644
6.41 -1.03688299927 -3.19475641581
6.415 -1.0528385941 -3.18733607129
6.42 -1.06875490089 -3.1790403247
6.425 -1.08462753031 -3.16986443061
6.43 -1.10045207194 -3.15980474075
6.435 -1.11622409976 -3.14885871919
6.44 -1.13193917841 -3.13702500448
6.445 -1.14759286907 -3.12430342134
6.45 -1.16318073396 -3.11069498068
6.455 -1.1786983436 -3.09620191285
6.46 -1.19414128335 -3.08082768543
6.465 -1.20950515895 -3.06457700368
6.47 -1.22478560168 -3.04745579952
6.475 -1.23997827653 -3.02947125881
6.48 -1.25507888808 -3.0106318129
6.485 -1.27008318509 -2.99094711852
6.49 -1.28498696744 -2.97042805316
6.495 -1.29978609343 -2.94908670751
6.5 -1.31447648504 -2.92693636223
6.505 -1.32905413192 -2.90399145711
6.51 -1.34351509971 -2.88026757338
6.515 -1.35785553553 -2.85578140097
6.52 -1.37207167167 -2.83055070427
6.525 -1.38615983099 -2.80459428372
6.53 -1.40011643437 -2.77793193256
6.535 -1.41393800508 -2.75058439096
6.54 -1.4276211708 -2.72257330776
6.545 -1.44116266828 -2.69392118835
6.55 -1.4545593505 -2.66465132889
6.555 -1.46780818966 -2.63478776201
6.56 -1.48090627863 -2.6043552207
6.565 -1.49385083461 -2.57337907493
6.57 -1.50663920438 -2.54188524591
6.575 -1.51926886633 -2.50990014904
6.58 -1.53173743105 -2.47745066158
6.585 -1.54404264374 -2.44456405153
6.59 -1.55618238772 -2.41126788088
6.595 -1.56815468519 -2.37758994902
6.6 -1.57995769747 -2.34355825745
6.605 -1.59158972573 -2.30920094743
6.61 -1.60304921203 -2.27454621103
6.615 -1.61433473945 -2.23962223937
6.62 -1.6254450324 -2.20445716037
6.625 -1.63637895552 -2.16907897325
6.63 -1.64713551314 -2.13351549305
6.635 -1.6577138479 -2.09779432172
6.64 -1.66811323962 -2.06194276364
6.645 -1.67833310364 -2.02598777866
6.65 -1.68837298963 -1.98995594563
6.655 -1.69823257899 -1.9538734053
6.66 -1.70791168233 -1.91776581314
6.665 -1.71741023757 -1.88165830931
6.67 -1.72672830703 -1.84557547656
6.675 -1.73586607403 -1.80954129711
6.68 -1.74482384041 -1.77357912603
6.685 -1.7536020236 -1.73771166453
6.69 -1.7622011523 -1.70196092503
6.695 -1.77062186337 -1.66634821024
6.7 -1.77886489914 -1.63089409563
6.705 -1.78693110239 -1.59561840662
6.71 -1.79482141293 -1.56054020424
6.715 -1.80253686486 -1.52567777286
6.72 -1.81007858123 -1.49104861027
6.725 -1.81744776992 -1.45666942079
6.73 -1.82464572 -1.42255611016
6.735 -1.83167380012 -1.38872377874
6.74 -1.83853345142 -1.35518672812
6.745 -1.84522618387 -1.32195846346
6.75 -1.85175357294 -1.28905169493
6.755 -1.85811725723 -1.25647833367
6.76 -1.86431893195 -1.22424951671
6.765 -1.87036034553 -1.19237561436
6.77 -1.87624329647 -1.16086623531
6.775 -1.88196963073 -1.12973022942
6.78 -1.88754123573 -1.09897572343
6.785 -1.89296003732 -1.06861013207
6.79 -1.89822799697 -1.03864016432
6.795 -1.90334710877 -1.00907183559
6.8 -1.90831939451 -0.979910507093
6.805 -1.91314690083 -0.951160900006
6.81 -1.91783169684 -0.922827101323
6.815 -1.92237587091 -0.894912586457
6.82 -1.92678152688 -0.867420255836
6.825 -1.93105078145 -0.840352451824
6.83 -1.93518576204 -0.813710964366
6.835 -1.93918860384 -0.787497061175
6.84 -1.94306144685 -0.761711519245
6.845 -1.94680643365 -0.736354643208
6.85 -1.95042570744 -0.711426271641
6.855 -1.95392140951 -0.68692581086
6.86 -1.95729567708 -0.662852261001
6.865 -1.96055064131 -0.639204234482
6.87 -1.96368842557 -0.615979963765
6.875 -1.96671114352 -0.593177334914
6.88 -1.96962089742 -0.570793908868
6.885 -1.97241977657 -0.548826938991
6.89 -1.97510985567 -0.527273380611
6.895 -1.97769319361 -0.506129921357
6.9 -1.98017183215 -0.485392998641
6.905 -1.98254779463 -0.465058815655
6.91 -1.98482308465 -0.445123352454
6.915 -1.98699968533 -0.42558239127
6.92 -1.98907955836 -0.406431531181
6.925 -1.99106464297 -0.387666202289
6.93 -1.99295685485 -0.36928167763
6.935 -1.99475808594 -0.351273092856
6.94 -1.99647020364 -0.333635458812
6.945 -1.99809505005 -0.316363673924
6.95 -1.99963444124 -0.299452535921
6.955 -2.00109016728 -0.282896756265
6.96 -2.00246399175 -0.266690971015
6.965 -2.00375765101 -0.250829751643
6.97 -2.00497285395 -0.235307615514
6.975 -2.00611128223 -0.220119036141
6.98 -2.00717459 -0.20525845241
6.985 -2.00816440356 -0.190720277672
6.99 -2.00908232051 -0.176498909177
6.995 -2.00992991077 -0.162588734496
7.0 -2.01070871638 -0.14898413913
7.005 -2.01142025154 -0.13567951339
7.01 -2.01206600188 -0.122669261813
7.015 -2.0126474251 -0.109947807351
7.02 -2.01316595135 -0.0975095958028
7.025 -2.01362298325 -0.0853491016104
7.03 -2.01401989576 -0.0734608342858
7.035 -2.01435803602 -0.0618393452618
7.04 -2.01463872437 -0.0504792272155
7.045 -2.01486325437 -0.0393751193637
7.05 -2.01503289303 -0.0285217111734
7.055 -2.01514888041 -0.0179137500692
7.06 -2.01521243065 -0.0075460396184
7.065 -2.01522473218 0.0025865577561
7.07 -2.01518694806 0.0124891181035
7.075 -2.01510021589 0.0221666507012
7.08 -2.01496564821 0.0316240964691
7.085 -2.01478433327 0.0408663297774
7.09 -2.01455733521 0.0498981556726
7.095 -2.01428569432 0.0587243078706
7.1 -2.01397042708 0.0673494439087
7.105 -2.01361252705 0.075778149763
7.11 -2.01321296513 0.0840149376988
7.115 -2.01277268993 0.0920642457352
7.12 -2.0122926278 0.09993043366
7.125 -2.01177368354 0.107617785452
7.13 -2.01121674078 0.115130510049
7.135 -2.01062266234 0.122472740478
7.14 -2.00999229063 0.129648533947
7.145 -2.00932644786 0.136661870315
7.15 -2.00862593652 0.143516653184
7.155 -2.00789153978 0.150216710533
7.16 -2.00712402175 0.156765794306
7.165 -2.00632412785 0.163167580493
7.17 -2.00549258564 0.169425673695
7.175 -2.00463010488 0.175543605362
7.18 -2.00373737771 0.181524832219
7.185 -2.00281507912 0.187372738135
7.19 -2.00186386725 0.193090634604
7.195 -2.00088438407 0.198681764179
7.2 -1.99987725556 0.204149300157
7.205 -1.99884309193 0.209496345614
7.21 -1.99778248797 0.214725935267
7.215 -1.99669602346 0.219841036285
7.22 -1.99558426358 0.224844550375
7.225 -1.99444775919 0.229739314451
7.23 -1.9932870471 0.234528100642
7.235 -1.99210265037 0.239213617791
7.24 -1.99089507867 0.243798512431
7.245 -1.98966482863 0.24828537035
7.25 -1.98841238413 0.252676717609
7.255 -1.98713821651 0.256975021004
7.26 -1.98584278496 0.261182689403
7.265 -1.98452653674 0.265302074772
7.27 -1.98318990751 0.26933547351
7.275 -1.98183332159 0.27328512755
7.28 -1.98045719219 0.277153225029
7.285 -1.97906192175 0.280941901497
7.29 -1.97764790211 0.28465324093
7.295 -1.97621551485 0.288289277048
7.3 -1.97476513153 0.29185199448
7.305 -1.97329711389 0.295343329297
7.31 -1.97181181408 0.298765170233
7.315 -1.97030957495 0.302119359671
7.32 -1.96879073024 0.305407694856
7.325 -1.96725560484 0.308631929001
7.33 -1.96570451497 0.311793771791
7.335 -1.96413776838 0.31489489054
7.34 -1.96255566463 0.317936911119
7.345 -1.96095849519 0.320921418871
7.35 -1.95934654374 0.32384995957
7.355 -1.95772008633 0.326724040957
7.36 -1.95607939158 0.329545132919
7.365 -1.95442472083 0.332314668485
7.37 -1.95275632836 0.335034044829
7.375 -1.95107446156 0.337704624157
7.38 -1.94937936111 0.340327734606
7.385 -1.94767126111 0.342904670542
7.39 -1.94595038921 0.345436693378
7.395 -1.9442169669 0.347925033137
7.4 -1.94247120958 0.350370888884
7.405 -1.94071332675 0.352775429532
7.41 -1.93894352214 0.355139794646
7.415 -1.93716199388 0.357465095071
7.42 -1.93536893452 0.359752412711
7.425 -1.93356453131 0.362002802532
7.43 -1.93174896632 0.364217292979
7.435 -1.92992241652 0.366396886562
7.44 -1.92808505395 0.368542560553
7.445 -1.92623704584 0.370655267662
7.45 -1.92437855469 0.372735936187
7.455 -1.9225097384 0.374785470835
7.46 -1.92063075041 0.376804753724
7.465 -1.91874173984 0.378794644745
7.47 -1.91684285153 0.380755982141
7.475 -1.91493422623 0.382689583087
7.48 -1.91301600061 0.384596244192
7.485 -1.91108830742 0.38647674185
7.49 -1.90915127557 0.388331833054
7.495 -1.90720503024 0.390162255821
7.5 -1.90524969297 0.391968729675
7.505 -1.90328538173 0.393751956135
7.51 -1.90131221104 0.395512619188
7.515 -1.89933029204 0.39725138575
7.52 -1.89733973259 0.398968906121
7.525 -1.89534063733 0.400665814436
7.53 -1.89333310775 0.40234272909
7.535 -1.89131724233 0.404000253169
7.54 -1.88929313654 0.405638974859
7.545 -1.88726088295 0.40725946782
7.55 -1.88522057131 0.408862291504
7.555 -1.88317228858 0.410447991664
7.56 -1.88111611905 0.412017100679
7.565 -1.87905214437 0.413570137913
7.57 -1.87698044362 0.415107610062
7.575 -1.87490109339 0.416630011501
7.58 -1.87281416782 0.418137824599
7.585 -1.87071973868 0.419631520058
7.59 -1.86861787539 0.421111557236
7.595 -1.86650864512 0.422578384452
7.6 -1.86439211283 0.424032439287
7.605 -1.8622683413 0.425474148879
7.61 -1.86013739122 0.426903930184
7.615 -1.8579993212 0.42832219024
7.62 -1.85585418785 0.429729326503
7.625 -1.85370204582 0.431125727089
7.63 -1.85154294782 0.432511771024
7.635 -1.84937694473 0.433887828505
7.64 -1.84720408556 0.435254261141
7.645 -1.84502441755 0.436611422201
7.65 -1.8428379862 0.437959656848
7.655 -1.84064483529 0.439299302315
7.66 -1.83844500694 0.440630687912
7.665 -1.83623854165 0.441954135622
7.67 -1.8340254783 0.4432699602
7.675 -1.83180585424 0.444578469344
7.68 -1.8295797053 0.445879963903
7.685 -1.8273470658 0.447174738071
7.69 -1.82510796864 0.44846307958
7.695 -1.82286244526 0.449745269888
7.7 -1.82061052574 0.451021584346
7.705 -1.81835223878 0.452292292059
7.71 -1.81608761174 0.453557656442
7.715 -1.81381667068 0.454817935378
7.72 -1.81153944041 0.456073381296
7.725 -1.80925594446 0.457324241332
7.73 -1.80696620517 0.458570757484
7.735 -1.80467024366 0.459813166767
7.74 -1.8023680799 0.461051701359
7.745 -1.8000597327 0.462286588751
7.75 -1.79774521973 0.46351805164
7.755 -1.79542455753 0.464746308225
7.76 -1.79309776161 0.465971572519
7.765 -1.7907648464 0.467194054349
7.77 -1.78842582529 0.468413959473
7.775 -1.78608071066 0.469631489711
7.78 -1.7837295139 0.470846843061
7.785 -1.78137224543 0.472060213821
7.79 -1.77900891469 0.473271792703
7.795 -1.77663953017 0.474481766826
7.8 -1.7742640994 0.475690319732
7.805 -1.77188262904 0.476897631836
7.81 -1.76949512483 0.478103880362
7.815 -1.76710159167 0.479309239445
7.82 -1.76470203356 0.480513880223
7.825 -1.7622964537 0.481717970937
7.83 -1.75988485442 0.482921677024
7.835 -1.75746723724 0.484125161211
7.84 -1.7550436029 0.485328583555
7.845 -1.75261395126 0.486532101354
7.85 -1.75017828147 0.48773586955
7.855 -1.74773659188 0.48894004071
7.86 -1.7452888801 0.49014476508
7.865 -1.742835143 0.491350190671
7.87 -1.74037537671 0.492556463328
7.875 -1.73790957664 0.493763726811
7.88 -1.7354377375 0.494972122867
7.885 -1.73295985328 0.496181791291
7.89 -1.73047591725 0.497392869813
7.895 -1.72798592201 0.498605494394
7.9 -1.72548985949 0.499819799279
7.905 -1.72298772097 0.501035917018
7.91 -1.72047949704 0.502253978525
7.915 -1.71796517768 0.503474113142
7.92 -1.71544475219 0.504696448704
7.925 -1.71291820926 0.505921111591
7.93 -1.71038553696 0.507148226794
7.935 -1.70784672271 0.508377917846
7.94 -1.7053017533 0.50961030696
7.945 -1.70275061494 0.510845515168
7.95 -1.70019329323 0.512083662312
7.955 -1.69762977319 0.51332486709
7.96 -1.69506003923 0.514569247111
7.965 -1.69248407519 0.515816918941
7.97 -1.68990186432 0.517067998157
7.975 -1.68731338932 0.51832259939
7.98 -1.68471863227 0.519580836304
7.985 -1.6821175747 0.520842821602
7.99 -1.67951019758 0.522108667266
7.995 -1.67689648133 0.523378484508
8.0 -1.67427640582 0.524652383804
8.005 -1.67164995037 0.525930474945
8.01 -1.66901709374 0.527212867074
8.015 -1.66637781417 0.528499668731
8.02 -1.66373208935 0.529790987894
8.025 -1.66107989643 0.531086932024
8.03 -1.65842121205 0.532387608099
8.035 -1.65575601227 0.533693122492
8.04 -1.6530842726 0.535003580984
8.045 -1.65040596805 0.536319089153
8.05 -1.64772107311 0.537639752221
8.055 -1.64502956174 0.538965675086
8.06 -1.64233140739 0.54029696236
8.065 -1.63962658296 0.541633718399
8.07 -1.63691506086 0.542976047344
8.075 -1.63419681297 0.544324053149
8.08 -1.63147181066 0.545677839618
8.085 -1.62874002476 0.54703751044
8.09 -1.6260014256 0.548403169112
8.095 -1.62325598295 0.54977491899
8.1 -1.6205036661 0.551152863494
8.105 -1.61774444382 0.55253710604
8.11 -1.61497828435 0.553927750064
8.115 -1.61220515543 0.55532489906
8.12 -1.60942502428 0.556728656604
8.125 -1.60663785761 0.558139126387
8.13 -1.60384362159 0.559556412244
8.135 -1.60104228189 0.560980618185
8.14 -1.59823380367 0.562411848424
8.145 -1.59541815153 0.563850207294
8.15 -1.59259528956 0.565295799328
8.155 -1.58976518131 0.566748729419
8.16 -1.58692778984 0.56820910276
8.165 -1.58408307767 0.56967702487
8.17 -1.5812310068 0.571152601625
8.175 -1.57837153867 0.572635939282
8.18 -1.57550463424 0.574127144506
8.185 -1.57263025388 0.575626324399
8.19 -1.56974835748 0.577133586524
8.195 -1.56685890435 0.578649038936
8.2 -1.56396185327 0.580172790122
8.205 -1.56105716245 0.581704949086
8.21 -1.55814478959 0.583245625439
8.215 -1.55522469182 0.584794929375
8.22 -1.55229682573 0.586352971698
8.225 -1.54936114734 0.587919863846
8.23 -1.54641761213 0.589495717918
8.235 -1.54346617502 0.591080646696
8.24 -1.54050679033 0.592674763677
8.245 -1.53753941186 0.594278183093
8.25 -1.5345639928 0.595891019939
8.255 -1.53158048577 0.597513389945
8.26 -1.52858884282 0.599145409647
8.265 -1.52558901539 0.60078719644
8.27 -1.52258095436 0.602438868579
8.275 -1.51956461001 0.604100545203
8.28 -1.516539932 0.605772346362
8.285 -1.51350686942 0.607454393039
8.29 -1.51046537074 0.60914680718
8.295 -1.50741538382 0.610849711718
8.3 -1.5043568559 0.6125632306
8.305 -1.5012897336 0.614287488812
8.31 -1.4982139629 0.616022612353
8.315 -1.49512948916 0.617768728311
8.32 -1.49203625708 0.61952596491
8.325 -1.48893421075 0.621294451513
8.33 -1.48582329359 0.623074318648
8.335 -1.48270344836 0.624865698034
8.34 -1.47957461718 0.626668722608
8.345 -1.47643674148 0.628483526553
8.35 -1.47328976203 0.630310245324
8.355 -1.47013361892 0.632149015676
8.36 -1.46696825155 0.63399997569
8.365 -1.46379359862 0.635863264776
8.37 -1.46060959812 0.63773902373
8.375 -1.45741618735 0.639627394765
8.38 -1.4542133029 0.641528521528
8.385 -1.45100088062 0.643442549133
8.39 -1.44777885564 0.645369624189
8.395 -1.44454716236 0.647309894824
8.4 -1.44130573442 0.64926351072
8.405 -1.43805450473 0.651230623141
8.41 -1.43479340542 0.65321138496
8.415 -1.43152236786 0.655205950693
8.42 -1.42824132264 0.657214476499
8.425 -1.42495019955 0.659237120247
8.43 -1.4216489276 0.661274041546
8.435 -1.418337435 0.663325401769
8.44 -1.41501564916 0.665391364083
8.445 -1.41168349664 0.667472093482
8.45 -1.40834090321 0.669567756819
8.455 -1.40498779376 0.67167852284
8.46 -1.40162409237 0.673804562213
8.465 -1.39824972223 0.67594604757
8.47 -1.3948646057 0.67810315353
8.475 -1.39146866424 0.680276056743
8.48 -1.38806181843 0.68246493592
8.485 -1.38464398793 0.68466997185
8.49 -1.38121509147 0.686891347411
8.495 -1.3777750469 0.689129247683
8.5 -1.37432377112 0.691383859949
8.505 -1.37086118009 0.693655373727
8.51 -1.36738718883 0.695943980814
8.515 -1.3639017114 0.698249875313
8.52 -1.36040466085 0.700573253683
8.525 -1.35689594929 0.702914314765
8.53 -1.35337548779 0.705273259832
8.535 -1.34984318644 0.707650292621
8.54 -1.34629895428 0.710045619375
8.545 -1.34274269934 0.712459448885
8.55 -1.33917432857 0.71489199253
8.555 -1.33559374786 0.717343464311
8.56 -1.33200086202 0.7198140809
8.565 -1.32839557476 0.722304061687
8.57 -1.32477778872 0.724813628817
8.575 -1.32114740539 0.727343007233
8.58 -1.31750432516 0.729892424725
8.585 -1.31384844726 0.73246211197
8.59 -1.31017966976 0.735052302579
8.595 -1.30649788954 0.737663233143
8.6 -1.30280300233 0.74029514328
8.605 -1.29909490261 0.742948275682
8.61 -1.29537348368 0.745622876159
8.615 -1.29163863758 0.748319193696
8.62 -1.2878902551 0.75103748049
8.625 -1.28412822573 0.753777992005
8.63 -1.28035243769 0.756540987024
8.635 -1.27656277791 0.7593267277
8.64 -1.27275913201 0.762135479608
8.645 -1.26894138425 0.764967511795
8.65 -1.26510941755 0.767823096834
8.655 -1.26126311346 0.770702510877
8.66 -1.25740235214 0.77360603371
8.665 -1.25352701234 0.776533948808
8.67 -1.24963697139 0.77948654339
8.675 -1.24573210517 0.782464108475
8.68 -1.24181228811 0.785466938943
8.685 -1.23787739313 0.788495333586
8.69 -1.23392729165 0.791549595161
8.695 -1.22996185355 0.794630030451
8.7 -1.22598094718 0.797736950343
8.705 -1.22198443934 0.800870669876
8.71 -1.21797219523 0.804031508307
8.715 -1.21394407846 0.807219789167
8.72 -1.20989995098 0.810435840331
8.725 -1.20583967312 0.813679994076
8.73 -1.20176310353 0.816952587149
8.735 -1.19767009917 0.820253960833
8.74 -1.19356051527 0.82358446101
8.745 -1.18943420533 0.826944438232
8.75 -1.1852910211 0.830334247787
8.755 -1.18113081251 0.833754249757
8.76 -1.17695342767 0.837204809013
8.765 -1.17275871286 0.840686295409
8.77 -1.16854651253 0.844199083826
8.775 -1.16431666919 0.847743554224
8.78 -1.1600690235 0.851320091719
8.785 -1.15580341412 0.85492908665
8.79 -1.15151967781 0.858570934658
8.795 -1.14721764927 0.86224603676
8.8 -1.14289716125 0.865954799423
8.805 -1.1385580444 0.869697634642
8.81 -1.13420012734 0.873474960016
8.815 -1.12982323655 0.877287198828
8.82 -1.12542719641 0.881134780126
8.825 -1.12101182911 0.885018138674
8.83 -1.11657695467 0.888937715008
8.835 -1.11212239087 0.892893955813
8.84 -1.10764795326 0.896887313842
8.845 -1.10315345511 0.900918247997
8.85 -1.09863870739 0.904987223407
8.855 -1.0941035187 0.909094711515
8.86 -1.0895476953 0.913241190158
8.865 -1.08497104101 0.917427143656
8.87 -1.08037335726 0.921653062892
8.875 -1.07575444295 0.925919445403
8.88 -1.07111409452 0.930226795463
8.885 -1.06645210587 0.934575624174
8.89 -1.06176826829 0.938966449521
8.895 -1.05706237052 0.943399795947
8.9 -1.05233419862 0.947876195132
8.905 -1.04758353598 0.952396186054
8.91 -1.04281016328 0.956960314914
8.915 -1.03801385846 0.961569135225
8.92 -1.03319439665 0.966223207891
8.925 -1.02835155017 0.970923101306
8.93 -1.02348508848 0.975669391433
8.935 -1.01859477813 0.980462661898
8.94 -1.01368038275 0.985303504076
8.945 -1.00874166298 0.990192517185
8.95 -1.00377837642 0.995130308369
8.955 -0.998790277663 1.0001174928
8.96 -0.993777118178 1.00515469334
8.965 -0.988738646371 1.0102425401
8.97 -0.98367460742 1.0153816722
8.975 -0.978584743287 1.02057273707
8.98 -0.973468792672 1.02581639053
8.985 -0.968326490973 1.03111329683
8.99 -0.963157570244 1.03646412874
8.995 -0.95796175915 1.04186956764
9.0 -0.952738782926 1.04733030359
9.005 -0.947488363328 1.0528470354
9.01 -0.942210218593 1.05842047073
9.015 -0.936904063391 1.06405132617
9.02 -0.93156960878 1.06974032729
9.025 -0.926206562162 1.07548820872
9.03 -0.920814627346 1.08129571274
9.035 -0.9153935044 1.0871635907
9.04 -0.909942889558 1.09309260375
9.045 -0.904462475224 1.09908352213
9.05 -0.898951949929 1.10513712526
9.055 -0.89341099828 1.11125420178
9.06 -0.887839300916 1.11743554958
9.065 -0.882236534463 1.12368197583
9.07 -0.876602371478 1.129994297
9.075 -0.870936480412 1.1363733389
9.08 -0.865238525553 1.14281993674
9.085 -0.859508167057 1.14933493455
9.09 -0.85374506085 1.15591918564
9.095 -0.847948858516 1.1625735529
9.1 -0.842119207302 1.16929890861
9.105 -0.836255750062 1.17609613432
9.11 -0.830358125217 1.18296612093
9.115 -0.824425966699 1.18990976859
9.12 -0.818458903909 1.19692798675
9.125 -0.812456561665 1.20402169409
9.13 -0.806418560157 1.21119181849
9.135 -0.800344514892 1.21843929702
9.14 -0.794234036815 1.22576507392
9.145 -0.788086732225 1.23317010097
9.15 -0.781902202479 1.24065534033
9.155 -0.775680044095 1.24822176269
9.16 -0.76941984871 1.25587034714
9.165 -0.763121203032 1.26360208101
9.17 -0.756783688801 1.27141795974
9.175 -0.750406882744 1.27931898674
9.18 -0.743990356529 1.28730617317
9.185 -0.737533676724 1.29538053783
9.19 -0.731036404756 1.30354310692
9.195 -0.724498097034 1.3117949125
9.2 -0.717918305 1.32013699156
9.205 -0.711296574687 1.328570389
9.21 -0.704632446888 1.33709615566
9.215 -0.697925457127 1.34571534802
9.22 -0.691175135638 1.35442902781
9.225 -0.684381007328 1.36323826161
9.23 -0.677542591761 1.37214412046
9.235 -0.67065940313 1.38114767943
9.24 -0.663730950258 1.3902500169
9.245 -0.656756736614 1.39945221346
9.25 -0.649736260215 1.40875535268
9.255 -0.642669013637 1.41816052008
9.26 -0.635554484012 1.42766880248
9.265 -0.628392153014 1.43728128741
9.27 -0.621181496853 1.44699906245
9.275 -0.613921986269 1.4568232146
9.28 -0.606613086524 1.46675482954
9.285 -0.599254257483 1.47679499032
9.29 -0.591844954059 1.48694477315
9.295 -0.584384625537 1.49720525181
9.3 -0.576872715769 1.50757749549
9.305 -0.569308663263 1.51806256718
9.31 -0.561691901211 1.52866152269
9.315 -0.554021857524 1.5393754096
9.32 -0.546297954869 1.55020526608
9.325 -0.538519610703 1.56115211977
9.33 -0.530686237359 1.57221698635
9.335 -0.522797242559 1.58340086506
9.34 -0.51485202892 1.59470474115
9.345 -0.506849994037 1.60612958431
9.35 -0.498790530689 1.61767634634
9.355 -0.490673026919 1.62934595957
9.36 -0.482496866131 1.64113933515
9.365 -0.474261427187 1.65305736139
9.37 -0.465966084517 1.66510090191
9.375 -0.457610208237 1.67727079378
9.38 -0.449193164856 1.68956784155
9.385 -0.440714316949 1.70199281838
9.39 -0.432173023025 1.71454646579
9.395 -0.423568637949 1.72722948958
9.4 -0.414900513121 1.74004255744
9.405 -0.406167996658 1.75298629647
9.41 -0.397370433591 1.76606129061
9.415 -0.388507166065 1.77926807799
9.42 -0.379577533563 1.79260714814
9.425 -0.37058087374 1.80607893611
9.43 -0.361516522614 1.81968381977
9.435 -0.352383813909 1.83342212122
9.44 -0.343182079865 1.84729410084
9.445 -0.333910651552 1.86129995391
9.45 -0.324568859184 1.87543980703
9.455 -0.315156032458 1.88971371442
9.46 -0.305671500905 1.90412165413
9.465 -0.296114594259 1.91866352407
9.47 -0.286484643282 1.93333913661
9.475 -0.276780980677 1.9481482128
9.48 -0.267002940085 1.96309038236
9.485 -0.257149857183 1.97816517716
9.49 -0.247221070209 1.9933720264
9.495 -0.23721592047 2.0087102517
9.5 -0.227133752872 2.02417906207
9.505 -0.216973916475 2.03977754866
9.51 -0.20673576507 2.05550467947
9.515 -0.196418658057 2.07135929397
9.52 -0.186021962026 2.08734009839
9.525 -0.175545049707 2.10344565819
9.53 -0.164987301238 2.11967439259
9.535 -0.154348105009 2.13602456845
9.54 -0.143626858428 2.15249429398
9.545 -0.132822968711 2.16908151209
9.55 -0.121935853711 2.18578399373
9.555 -0.110964942765 2.20259933096
9.56 -0.0999096776588 2.21952493068
9.565 -0.0887695142356 2.23655801537
9.57 -0.077543922543 2.25369560631
9.575 -0.0662323879603 2.2709345176
9.58 -0.0548344123816 2.28827135017
9.585 -0.0433495153174 2.30570248433
9.59 -0.0317772350356 2.32322407208
9.595 -0.0201171297204 2.34083202953
9.6 -0.00836877797413 2.35852203396
9.605 0.0034682193191 2.37628951166
9.61 0.0153942375564 2.39412962881
9.615 0.027409627327 2.41203728502
9.62 0.0395147130654 2.43000710518
9.625 0.0517097916641 2.44803343125
9.63 0.0639951310458 2.46611031399
9.635 0.0763709686199 2.48423151791
9.64 0.0888375097893 2.50239050945
9.645 0.101394926458 2.52058043689
9.65 0.114043355391 2.53879412987
9.655 0.126782896565 2.5570240916
9.66 0.139613611484 2.57526249125
9.665 0.152535522281 2.59350116977
9.67 0.165548609744 2.61173162903
9.675 0.178652810774 2.6299450121
9.68 0.191848017032 2.64813210385
9.685 0.205134073103 2.66628332427
9.69 0.218510774626 2.68438872188
9.695 0.231977866948 2.70243798898
9.7 0.245535043234 2.7204204573
9.705 0.259181942012 2.7383250739
9.71 0.272918145514 2.75614040888
9.715 0.286743177813 2.77385465283
9.72 0.300656503406 2.79145561245
9.725 0.314657524657 2.80893071185
9.73 0.328745579927 2.82626699086
9.735 0.342919941636 2.84345110397
9.74 0.357179814964 2.86046934015
9.745 0.371524335934 2.87730762614
9.75 0.385952568709 2.8939515091
9.755 0.400463504 2.910386171
9.76 0.415056057368 2.92659643638
9.765 0.429729068984 2.94256679492
9.77 0.444481300018 2.9582813924
9.775 0.459311431154 2.97372404295
9.78 0.474218060993 2.98887824106
9.785 0.489199705529 3.00372718708
9.79 0.504254796699 3.01825380284
9.795 0.51938167945 3.03244073106
9.8 0.534578610895 3.04627035958
9.805 0.54984375922 3.059724842
9.81 0.565175204817 3.07278613561
9.815 0.58057093653 3.0854360044
9.82 0.596028850991 3.09765604565
9.825 0.611546751894 3.10942771706
9.83 0.627122350891 3.12073237235
9.835 0.642753267303 3.13155129202
9.84 0.658437025412 3.14186570341
9.845 0.674171055091 3.15165681826
9.85 0.689952691925 3.16090586744
9.855 0.705779180104 3.1695941414
9.86 0.721647669556 3.17770302321
9.865 0.737555216719 3.18521402861
9.87 0.753498785389 3.19210884757
9.875 0.769475249261 3.19836938177
9.88 0.785481393445 3.20397778686
9.885 0.801513913229 3.20891652432
9.89 0.8175694166 3.21316840502
9.895 0.833644426176 3.2167166341
9.9 0.84973538363 3.21954483551
9.905 0.865838649264 3.22163712529
9.91 0.881950504721 3.22297815845
9.915 0.898067155915 3.22355317704
9.92 0.914184736989 3.22334803583
9.925 0.93029931388 3.22234924303
9.93 0.946406886145 3.22054404732
9.935 0.962503391317 3.21792047198
9.94 0.97858470886 3.21446736059
9.945 0.994646664932 3.21017437677
9.95 1.01068503634 3.20503208617
9.955 1.02669555525 3.19903199755
9.96 1.04267391372 3.19216659699
9.965 1.05861576814 3.18442938556
9.97 1.07451674539 3.17581492351
9.975 1.09037244792 3.16631886554
9.98 1.10617845891 3.15593795787
9.985 1.12193034826 3.14467008878
9.99 1.13762367871 3.1325143246
9.995 1.15325401134 3.11947092128
