0.0 -2.0 0.0
0.005 -1.9999754917 0.0097058643378
0.01 -1.9999038823 0.0188463382889
0.015 -1.99978791576 0.0274542728724
0.02 -1.99963017584 0.0355606899976
0.025 -1.99943309608 0.0431948835842
0.03 -1.99919896812 0.0503845046862
0.035 -1.99892994954 0.0571556428656
0.04 -1.99862806883 0.063532878827
0.045 -1.99829523706 0.0695394097589
0.05 -1.99793325459 0.0751971202187
0.055 -1.99754381243 0.0805266022015
0.06 -1.99712850291 0.085547268827
0.065 -1.99668882375 0.090277402694
0.07 -1.99622618412 0.0947342233651
0.075 -1.99574190973 0.0989339458279
0.08 -1.99523724746 0.102891833675
0.085 -1.99471337024 0.106622255719
0.09 -1.99417138092 0.110138731562
0.095 -1.99361231747 0.113453990793
0.1 -1.99303715626 0.116580013105
0.105 -1.99244681487 0.119528061761
0.11 -1.99184215561 0.122308727338
0.115 -1.99122399043 0.124931981571
0.12 -1.99059308292 0.127407203855
0.125 -1.98995015063 0.129743210718
0.13 -1.98929586896 0.13194829985
0.135 -1.98863087281 0.134030271997
0.14 -1.98795575922 0.135996462874
0.145 -1.98727108975 0.137853771084
0.15 -1.98657739228 0.13960868166
0.155 -1.98587516345 0.141267294376
0.16 -1.98516487029 0.14283534445
0.165 -1.98444695197 0.144318223943
0.17 -1.98372182158 0.145721003575
0.175 -1.98298986754 0.14704844997
0.18 -1.98225145527 0.148305046197
0.185 -1.98150692846 0.14949500751
0.19 -1.98075661012 0.150622294811
0.195 -1.98000080401 0.151690631436
0.2 -1.9792397963 0.152703523793
0.205 -1.9784738559 0.153664265831
0.21 -1.97770323556 0.154575952936
0.215 -1.9769281733 0.155441498494
0.22 -1.97614889301 0.156263642407
0.225 -1.97536560511 0.157044958857
0.23 -1.97457850752 0.157787868209
0.235 -1.97378778669 0.158494649994
0.24 -1.97299361783 0.159167445627
0.245 -1.97219616565 0.159808267657
0.25 -1.97139558531 0.160419011334
0.255 -1.97059202275 0.16100145917
0.26 -1.96978561519 0.161557286235
0.265 -1.96897649167 0.162088068125
0.27 -1.9681647738 0.162595288911
0.275 -1.96735057583 0.163080343085
0.28 -1.9665340052 0.163544541642
0.285 -1.96571516313 0.163989119704
0.29 -1.96489414482 0.164415239001
0.295 -1.96407103976 0.164823991564
0.3 -1.96324593217 0.165216405222
0.305 -1.96241890139 0.165593448478
0.31 -1.96159002196 0.165956031309
0.315 -1.96075936391 0.166305009105
0.32 -1.95992699324 0.166641188111
0.325 -1.95909297211 0.166965328192
0.33 -1.9582573589 0.167278143246
0.335 -1.95742020848 0.167580304656
0.34 -1.95658157255 0.167872445641
0.345 -1.95574149975 0.168155162364
0.35 -1.95490003577 0.168429015274
0.355 -1.95405722353 0.168694531567
0.36 -1.95321310352 0.168952208963
0.365 -1.95236771376 0.169202515752
0.37 -1.95152108998 0.169445892337
0.375 -1.95067326572 0.169682753228
0.38 -1.94982427264 0.169913489963
0.385 -1.94897414044 0.170138470789
0.39 -1.94812289698 0.170358042214
0.395 -1.94727056849 0.170572530629
0.4 -1.94641717964 0.17078224425
0.405 -1.94556275355 0.170987472948
0.41 -1.94470731196 0.171188489561
0.415 -1.94385087526 0.171385551342
0.42 -1.94299346264 0.171578901203
0.425 -1.94213509208 0.171768767626
0.43 -1.94127578043 0.171955365752
0.435 -1.94041554354 0.172138898749
0.44 -1.93955439626 0.172319558277
0.445 -1.93869235251 0.172497524625
0.45 -1.9378294253 0.172672967496
0.455 -1.9369656268 0.172846046953
0.46 -1.93610096851 0.173016914792
0.465 -1.93523546112 0.173185713622
0.47 -1.93436911462 0.173352577781
0.475 -1.93350193836 0.173517633838
0.48 -1.93263394108 0.173681001742
0.485 -1.93176513096 0.173842794482
0.49 -1.9308955156 0.174003118467
0.495 -1.93002510208 0.174162073937
0.5 -1.92915389699 0.174319755766
0.505 -1.92828190649 0.174476253665
0.51 -1.9274091363 0.174631652052
0.515 -1.9265355917 0.174786030508
0.52 -1.92566127757 0.174939464176
0.525 -1.9247861985 0.17509202438
0.53 -1.92391035868 0.175243778255
0.535 -1.92303376196 0.175394789137
0.54 -1.92215641192 0.175545116789
0.545 -1.92127831184 0.175694817904
0.55 -1.9203994647 0.175843945987
0.555 -1.91951987326 0.17599255151
0.56 -1.91863954 0.176140682216
0.565 -1.91775846716 0.176288382926
0.57 -1.9168766568 0.176435696694
0.575 -1.91599411077 0.176582663803
0.58 -1.91511083069 0.176729322338
0.585 -1.91422681801 0.176875708364
0.59 -1.91334207401 0.177021856212
0.595 -1.91245659981 0.177167798195
0.6 -1.91157039636 0.177313564828
0.605 -1.91068346445 0.177459184922
0.61 -1.90979580472 0.177604685796
0.615 -1.90890741772 0.177750093584
0.62 -1.90801830386 0.177895432913
0.625 -1.90712846342 0.178040727161
0.63 -1.90623789658 0.178185998558
0.635 -1.90534660341 0.178331268113
0.64 -1.90445458384 0.178476555475
0.645 -1.90356183774 0.178621879532
0.65 -1.90266836489 0.178767258294
0.655 -1.90177416499 0.17891270897
0.66 -1.90087923764 0.17905824776
0.665 -1.89998358234 0.179203889678
0.67 -1.89908719854 0.179349649308
0.675 -1.89819008561 0.179495540574
0.68 -1.89729224288 0.179641576797
0.685 -1.89639366959 0.179787770537
0.69 -1.8954943649 0.179934133531
0.695 -1.89459432794 0.180080677173
0.7 -1.89369355779 0.180227412374
0.705 -1.89279205347 0.180374349605
0.71 -1.89188981394 0.180521498727
0.715 -1.89098683812 0.180668868986
0.72 -1.89008312486 0.180816469389
0.725 -1.88917867301 0.180964308575
0.73 -1.88827348135 0.181112394856
0.735 -1.88736754863 0.181260736011
0.74 -1.88646087354 0.181409339387
0.745 -1.88555345475 0.181558212209
0.75 -1.88464529089 0.181707361442
0.755 -1.88373638058 0.181856793831
0.76 -1.8828267224 0.182006515923
0.765 -1.88191631491 0.18215653401
0.77 -1.88100515658 0.182306853601
0.775 -1.88009324588 0.182457480258
0.78 -1.87918058126 0.182608419435
0.785 -1.87826716115 0.182759676416
0.79 -1.87735298395 0.182911256334
0.795 -1.87643804805 0.183063164192
0.8 -1.8755223518 0.183215404658
0.805 -1.87460589349 0.183367982107
0.81 -1.87368867143 0.183520900954
0.815 -1.87277068392 0.183674165493
0.82 -1.8718519292 0.183827779912
0.825 -1.87093240553 0.18398174831
0.83 -1.87001211114 0.184136074673
0.835 -1.86909104421 0.184290762663
0.84 -1.86816920291 0.184445815946
0.845 -1.86724658543 0.184601238146
0.85 -1.8663231899 0.184757032811
0.855 -1.86539901446 0.18491320343
0.86 -1.86447405723 0.185069753439
0.865 -1.8635483163 0.185226686103
0.87 -1.86262178974 0.185384004521
0.875 -1.86169447562 0.18554171184
0.88 -1.86076637198 0.185699811154
0.885 -1.85983747685 0.185858305507
0.89 -1.85890778826 0.186017197904
0.895 -1.85797730424 0.186176491627
0.9 -1.8570460227 0.186336188651
0.905 -1.85611394167 0.186496292417
0.91 -1.85518105909 0.186656805672
0.915 -1.85424737292 0.186817731154
0.92 -1.85331288109 0.186979071589
0.925 -1.85237758151 0.187140829692
0.93 -1.85144147209 0.187303008103
0.935 -1.85050455072 0.187465609392
0.94 -1.84956681528 0.187628636182
0.945 -1.84862826363 0.187792091077
0.95 -1.84768889362 0.187955976661
0.955 -1.84674870311 0.188120295506
0.96 -1.84580768992 0.18828505016
0.965 -1.84486585187 0.18845024316
0.97 -1.84392318676 0.188615877012
0.975 -1.84297969238 0.188781954187
0.98 -1.84203536651 0.18894847715
0.985 -1.8410902069 0.189115448349
0.99 -1.84014421132 0.189282870215
0.995 -1.83919737749 0.189450745159
1.0 -1.83824970315 0.189619075572
1.005 -1.83730118601 0.189787863827
1.01 -1.83635182376 0.189957112294
1.015 -1.83540161412 0.19012682354
1.02 -1.83445055475 0.190297000043
1.025 -1.83349864334 0.190467644219
1.03 -1.83254587752 0.190638758475
1.035 -1.83159225496 0.190810345214
1.04 -1.83063777327 0.190982406829
1.045 -1.82968243008 0.191154945707
1.05 -1.82872622299 0.191327964228
1.055 -1.82776914959 0.191501464883
1.06 -1.82681120749 0.191675450185
1.065 -1.82585239424 0.191849922576
1.07 -1.8248927074 0.192024884496
1.075 -1.82393214453 0.192200338386
1.08 -1.82297070315 0.192376286691
1.085 -1.82200838079 0.192552731853
1.09 -1.82104517496 0.192729676318
1.095 -1.8200810848 0.192907121832
1.1 -1.81911610379 0.193085072725
1.105 -1.81815023203 0.193263530319
1.11 -1.8171834669 0.193442497144
1.115 -1.81621580578 0.193621975729
1.12 -1.81524724607 0.193801968605
1.125 -1.81427778513 0.1939824783
1.13 -1.81330742037 0.194163507344
1.135 -1.81233614915 0.194345058298
1.14 -1.81136396874 0.194527133903
1.145 -1.81039087648 0.194709736766
1.15 -1.80941686973 0.194892869462
1.155 -1.80844194584 0.195076534568
1.16 -1.80746610219 0.195260734658
1.165 -1.80648933612 0.195445472307
1.17 -1.805511645 0.195630750092
1.175 -1.8045330262 0.195816570587
1.18 -1.80355347706 0.196002936368
1.185 -1.80257299495 0.196189850009
1.19 -1.80159157715 0.196377314174
1.195 -1.80060922047 0.196565332084
1.2 -1.79962592204 0.196753906565
1.205 -1.79864167911 0.196943040333
1.21 -1.7976564889 0.197132736105
1.215 -1.79667034866 0.197322996597
1.22 -1.79568325562 0.197513824526
1.225 -1.79469520703 0.197705222607
1.23 -1.79370620011 0.197897193558
1.235 -1.79271623211 0.198089740094
1.24 -1.79172530026 0.198282864933
1.245 -1.79073340172 0.198476570892
1.25 -1.78974053302 0.198670861538
1.255 -1.78874669112 0.198865739929
1.26 -1.78775187309 0.199061208967
1.265 -1.78675607602 0.199257271555
1.27 -1.785759297 0.199453930596
1.275 -1.7847615331 0.199651188991
1.28 -1.78376278142 0.199849049644
1.285 -1.78276303902 0.200047515457
1.29 -1.78176230301 0.200246589332
1.295 -1.78076057046 0.200446274171
1.3 -1.77975783836 0.200646572981
1.305 -1.77875410307 0.200847489606
1.31 -1.77774936133 0.201049027347
1.315 -1.77674361008 0.201251189312
1.32 -1.77573684622 0.201453978614
1.325 -1.77472906667 0.201657398362
1.33 -1.77372026836 0.201861451667
1.335 -1.7727104482 0.20206614164
1.34 -1.7716996031 0.202271471392
1.345 -1.77068772999 0.202477444032
1.35 -1.76967482579 0.202684062673
1.355 -1.76866088732 0.202891330528
1.36 -1.76764591071 0.20309925177
1.365 -1.76662989253 0.203307829976
1.37 -1.76561282952 0.203517068493
1.375 -1.76459471841 0.203726970668
1.38 -1.76357555594 0.203937539848
1.385 -1.76255533886 0.204148779381
1.39 -1.7615340639 0.204360692612
1.395 -1.76051172781 0.204573282889
1.4 -1.75948832732 0.204786553559
1.405 -1.75846385917 0.205000507969
1.41 -1.75743832003 0.20521514957
1.415 -1.75641170579 0.20543048289
1.42 -1.75538401278 0.20564651182
1.425 -1.75435523757 0.205863239973
1.43 -1.75332537669 0.206080670961
1.435 -1.7522944267 0.206298808397
1.44 -1.75126238415 0.206517655894
1.445 -1.75022924558 0.206737217064
1.45 -1.74919500753 0.206957495521
1.455 -1.74815966657 0.207178494876
1.46 -1.74712321923 0.207400218743
1.465 -1.74608565184 0.207622685295
1.47 -1.74504698365 0.207845865817
1.475 -1.74400719642 0.208069784964
1.48 -1.74296628668 0.208294446398
1.485 -1.74192425092 0.208519853808
1.49 -1.74088108561 0.208746010909
1.495 -1.73983678721 0.208972921444
1.5 -1.73879135215 0.209200589182
1.505 -1.73774477686 0.209429017919
1.51 -1.73669705773 0.209658211477
1.515 -1.73564819116 0.209888173706
1.52 -1.73459817345 0.210118908543
1.525 -1.73354700035 0.210350420806
1.53 -1.73249466781 0.210582714956
1.535 -1.73144117195 0.21081579526
1.54 -1.73038650883 0.211049666033
1.545 -1.72933067448 0.21128433164
1.55 -1.72827366489 0.211519796493
1.555 -1.72721547603 0.211756065054
1.56 -1.72615610384 0.211993141832
1.565 -1.72509554422 0.212231031385
1.57 -1.72403379302 0.21246973832
1.575 -1.72297084608 0.212709267293
1.58 -1.72190669921 0.212949623006
1.585 -1.72084134831 0.213190810007
1.59 -1.71977478946 0.213432832677
1.595 -1.71870701846 0.213675695722
1.6 -1.7176380311 0.213919403891
1.605 -1.71656782312 0.214163961971
1.61 -1.71549639026 0.214409374789
1.615 -1.71442372822 0.21465564721
1.62 -1.71334983268 0.214902784138
1.625 -1.7122746993 0.215150790513
1.63 -1.71119832369 0.215399671317
1.635 -1.71012070147 0.215649431567
1.64 -1.7090418282 0.215900076322
1.645 -1.70796169944 0.216151610662
1.65 -1.70688031076 0.216404039561
1.655 -1.70579765767 0.216657368112
1.66 -1.70471373566 0.216911601472
1.665 -1.70362854019 0.217166744835
1.67 -1.7025420667 0.21742280343
1.675 -1.70145431059 0.217679782521
1.68 -1.70036526727 0.217937687404
1.685 -1.69927493208 0.218196523414
1.69 -1.69818330038 0.218456295918
1.695 -1.69709036746 0.21871701032
1.7 -1.69599612863 0.218978672055
1.705 -1.69490057914 0.219241286598
1.71 -1.69380371418 0.219504859673
1.715 -1.6927055289 0.219769397188
1.72 -1.69160601846 0.220034904847
1.725 -1.690505178 0.220301388399
1.73 -1.68940300262 0.220568853635
1.735 -1.6882994874 0.220837306392
1.74 -1.68719462741 0.22110675255
1.745 -1.68608841767 0.221377198032
1.75 -1.68498085319 0.221648648807
1.755 -1.68387192895 0.221921110887
1.76 -1.68276163988 0.222194590327
1.765 -1.68164998093 0.222469093228
1.77 -1.68053694696 0.222744625758
1.775 -1.67942253272 0.223021194294
1.78 -1.67830673298 0.223298805157
1.785 -1.67718954253 0.223577464685
1.79 -1.6760709561 0.223857179261
1.795 -1.67495096842 0.224137955321
1.8 -1.67382957416 0.224419799347
1.805 -1.67270676799 0.224702717867
1.81 -1.67158254452 0.224986717462
1.815 -1.67045689837 0.225271804757
1.82 -1.66932982408 0.225557986428
1.825 -1.66820131621 0.225845269198
1.83 -1.66707136926 0.226133659837
1.835 -1.66593997761 0.226423165304
1.84 -1.66480713558 0.22671379265
1.845 -1.66367283756 0.227005548861
1.85 -1.66253707787 0.227298440975
1.855 -1.66139985083 0.227592476082
1.86 -1.66026115071 0.227887661328
1.865 -1.65912097174 0.228184003909
1.87 -1.65797930814 0.228481511076
1.875 -1.65683615408 0.228780190133
1.88 -1.6556915037 0.229080048437
1.885 -1.65454535112 0.229381093398
1.89 -1.6533976904 0.229683332478
1.895 -1.65224851557 0.229986773232
1.9 -1.6510978205 0.230291423627
1.905 -1.64994559907 0.230597291484
1.91 -1.64879184518 0.230904384609
1.915 -1.6476365527 0.231212710869
1.92 -1.64647971543 0.231522278191
1.925 -1.64532132716 0.231833094566
1.93 -1.64416138165 0.232145168047
1.935 -1.6429998726 0.232458506747
1.94 -1.64183679369 0.232773118844
1.945 -1.64067213855 0.233089012576
1.95 -1.63950590079 0.233406196243
1.955 -1.63833807398 0.233724678209
1.96 -1.63716865157 0.234044467055
1.965 -1.63599762687 0.234365571657
1.97 -1.63482499327 0.234688000694
1.975 -1.63365074413 0.235011762908
1.98 -1.63247487277 0.235336867108
1.985 -1.63129737246 0.23566332218
1.99 -1.63011823645 0.235991137076
1.995 -1.62893745792 0.236320320819
2.0 -1.62775503003 0.236650882507
2.005 -1.6265709459 0.236982831303
2.01 -1.62538519861 0.237316176445
2.015 -1.62419778118 0.23765092724
2.02 -1.6230086866 0.237987093078
2.025 -1.62181790764 0.238324683798
2.03 -1.62062543706 0.238663709209
2.035 -1.61943126768 0.239004179045
2.04 -1.61823539225 0.239346103121
2.045 -1.61703780348 0.239689491332
2.05 -1.61583849403 0.240034353655
2.055 -1.61463745653 0.240380700147
2.06 -1.61343468356 0.240728540947
2.065 -1.61223016763 0.241077886272
2.07 -1.61102390124 0.241428746422
2.075 -1.60981587683 0.241781131778
2.08 -1.60860608678 0.242135052802
2.085 -1.60739452339 0.242490520167
2.09 -1.60618117871 0.242847545082
2.095 -1.60496604491 0.243206138472
2.1 -1.6037491141 0.243566311306
2.105 -1.60253037838 0.243928074647
2.11 -1.60130982977 0.244291439652
2.115 -1.60008746026 0.244656417571
2.12 -1.59886326177 0.245023019747
2.125 -1.59763722617 0.245391257616
2.13 -1.59640934531 0.245761142709
2.135 -1.59517961094 0.246132686648
2.14 -1.59394801481 0.246505901151
2.145 -1.59271454857 0.246880798029
2.15 -1.59147920368 0.247257389618
2.155 -1.59024197146 0.247635688449
2.16 -1.58900284335 0.248015706819
2.165 -1.58776181072 0.248397457132
2.17 -1.5865188649 0.248780951901
2.175 -1.58527399715 0.249166203745
2.18 -1.58402719867 0.249553225393
2.185 -1.5827784606 0.249942029682
2.19 -1.58152777403 0.250332629555
2.195 -1.58027513001 0.250725038065
2.2 -1.57902051949 0.251119268372
2.205 -1.57776393341 0.251515333745
2.21 -1.57650536258 0.251913247646
2.215 -1.57524479748 0.252313024338
2.22 -1.57398222869 0.252714677792
2.225 -1.57271764679 0.25311822196
2.23 -1.57145104231 0.253523670917
2.235 -1.5701824057 0.253931038866
2.24 -1.56891172734 0.254340340134
2.245 -1.56763899757 0.254751589172
2.25 -1.56636420664 0.25516480056
2.255 -1.56508734474 0.255579989
2.26 -1.56380840201 0.25599716932
2.265 -1.56252736851 0.256416356473
2.27 -1.56124423426 0.256837565539
2.275 -1.55995898901 0.257260812128
2.28 -1.55867162227 0.257686112476
2.285 -1.55738212372 0.258113482343
2.29 -1.55609048298 0.25854293762
2.295 -1.5547966896 0.258974494345
2.3 -1.55350073304 0.2594081687
2.305 -1.55220260271 0.259843977014
2.31 -1.55090228792 0.260281935763
2.315 -1.54959977793 0.260722061569
2.32 -1.54829506192 0.261164371198
2.325 -1.54698812899 0.261608881566
2.33 -1.54567896818 0.26205560973
2.335 -1.54436756843 0.262504572936
2.34 -1.54305391822 0.262955789534
2.345 -1.5417380061 0.263409277717
2.35 -1.54041982067 0.263865055487
2.355 -1.53909935043 0.264323141018
2.36 -1.53777658382 0.264783552655
2.365 -1.53645150918 0.265246308912
2.37 -1.53512411479 0.265711428477
2.375 -1.53379438883 0.266178930208
2.38 -1.53246231939 0.266648833133
2.385 -1.53112789449 0.267121156453
2.39 -1.52979110207 0.267595919538
2.395 -1.52845192998 0.26807314193
2.4 -1.52711036587 0.268552843635
2.405 -1.52576639697 0.26903504574
2.41 -1.5244200107 0.269519768808
2.415 -1.52307119439 0.270007033526
2.42 -1.5217199353 0.270496860788
2.425 -1.52036622057 0.270989271699
2.43 -1.51901003727 0.27148428757
2.435 -1.51765137233 0.27198192992
2.44 -1.51629021263 0.272482220476
2.445 -1.51492654493 0.272985181173
2.45 -1.51356035588 0.273490834186
2.455 -1.51219163176 0.273999202563
2.46 -1.51082035885 0.274510309352
2.465 -1.50944652339 0.275024177616
2.47 -1.50807011153 0.275540830651
2.475 -1.50669110932 0.276060291983
2.48 -1.50530950268 0.276582585373
2.485 -1.50392527744 0.277107734814
2.49 -1.50253841932 0.277635764529
2.495 -1.50114891393 0.278166698976
2.5 -1.49975674678 0.278700562844
2.505 -1.49836190305 0.279237381641
2.51 -1.49696436765 0.279777181638
2.515 -1.4955641256 0.280319988668
2.52 -1.49416116182 0.280865828829
2.525 -1.49275546108 0.281414728488
2.53 -1.49134700807 0.28196671428
2.535 -1.48993578733 0.282521813113
2.54 -1.48852178329 0.283080052161
2.545 -1.48710498025 0.283641458872
2.55 -1.48568536241 0.284206060961
2.555 -1.48426291375 0.284773886629
2.56 -1.48283761775 0.285344965503
2.565 -1.48140945799 0.285919326753
2.57 -1.47997841801 0.286496999697
2.575 -1.47854448118 0.287078013966
2.58 -1.47710763076 0.2876623995
2.585 -1.47566784987 0.288250186555
2.59 -1.47422512148 0.288841405696
2.595 -1.47277942845 0.289436087801
2.6 -1.47133075349 0.29003426406
2.605 -1.46987907917 0.290635965995
2.61 -1.46842438748 0.291241226663
2.615 -1.46696666034 0.291850079326
2.62 -1.4655058797 0.292462557016
2.625 -1.46404202737 0.293078693129
2.63 -1.46257508501 0.293698521417
2.635 -1.46110503412 0.294322076
2.64 -1.45963185605 0.294949391353
2.645 -1.458155532 0.295580502318
2.65 -1.45667604302 0.296215444095
2.655 -1.45519336999 0.296854252247
2.66 -1.45370749343 0.297496963389
2.665 -1.45221839327 0.298143615709
2.67 -1.4507260497 0.298794246603
2.675 -1.44923044275 0.299448893834
2.68 -1.44773155226 0.300107595589
2.685 -1.44622935792 0.300770390474
2.69 -1.44472383924 0.301437317517
2.695 -1.44321497556 0.302108416166
2.7 -1.44170274602 0.302783726293
2.705 -1.44018712964 0.303463288188
2.71 -1.43866810515 0.304147142739
2.715 -1.43714565061 0.304835332953
2.72 -1.43561974409 0.30552790155
2.725 -1.43409036361 0.306224891415
2.73 -1.43255748696 0.306926345939
2.735 -1.43102109174 0.307632309023
2.74 -1.42948115535 0.308342825078
2.745 -1.42793765499 0.309057939022
2.75 -1.42639056765 0.309777696283
2.755 -1.4248398699 0.31050214349
2.76 -1.42328553793 0.311231328245
2.765 -1.42172754794 0.31196529807
2.77 -1.4201658759 0.31270410105
2.775 -1.41860049759 0.313447785838
2.78 -1.41703138853 0.314196401653
2.785 -1.41545852403 0.314949998278
2.79 -1.4138818792 0.315708626063
2.795 -1.41230142882 0.316472336207
2.8 -1.41071714697 0.317241182095
2.805 -1.40912900775 0.318015216809
2.81 -1.40753698512 0.318794493853
2.815 -1.40594105275 0.319579067385
2.82 -1.4043411841 0.320368992212
2.825 -1.40273735237 0.321164323793
2.83 -1.4011295305 0.32196511824
2.835 -1.3995176912 0.322771432318
2.84 -1.39790180649 0.323583324891
2.845 -1.39628184803 0.324400855772
2.85 -1.3946577875 0.325224084635
2.855 -1.39302959628 0.3260530719
2.86 -1.39139724551 0.326887878738
2.865 -1.389760706 0.327728567063
2.87 -1.38811994834 0.328575199539
2.875 -1.38647494281 0.329427839576
2.88 -1.38482565924 0.330286551886
2.885 -1.38317206662 0.331151403923
2.89 -1.381514134 0.332022462591
2.895 -1.37985183022 0.332899795475
2.9 -1.3781851238 0.333783471016
2.905 -1.37651398293 0.334673558515
2.91 -1.37483837551 0.335570128134
2.915 -1.37315826912 0.336473250892
2.92 -1.37147363102 0.33738299872
2.925 -1.36978442748 0.338299446715
2.93 -1.36809062452 0.339222670654
2.935 -1.36639218807 0.340152746339
2.94 -1.36468908374 0.341089750566
2.945 -1.36298127679 0.342033761123
2.95 -1.36126873209 0.34298485679
2.955 -1.35955141422 0.34394311734
2.96 -1.35782928737 0.344908623536
2.965 -1.35610231512 0.345881458051
2.97 -1.35437046011 0.346861706718
2.975 -1.35263368503 0.34784945494
2.98 -1.35089195216 0.348844789194
2.985 -1.34914522343 0.349847797143
2.99 -1.34739346033 0.35085856763
2.995 -1.34563662396 0.351877190679
3.0 -1.34387467482 0.352903758195
3.005 -1.34210757259 0.353938364676
3.01 -1.34033527684 0.35498110482
3.015 -1.33855774671 0.356032074586
3.02 -1.33677494089 0.357091371244
3.025 -1.33498681765 0.358159093378
3.03 -1.33319333479 0.359235340883
3.035 -1.33139444941 0.360320216054
3.04 -1.32959011765 0.361413824356
3.045 -1.32778029558 0.362516271199
3.05 -1.32596493878 0.363627663435
3.055 -1.32414400238 0.364748109412
3.06 -1.32231744097 0.365877718976
3.065 -1.32048520868 0.367016603468
3.07 -1.31864725879 0.36816487707
3.075 -1.31680354356 0.369322657393
3.08 -1.31495401517 0.370490062031
3.085 -1.31309862526 0.371667210239
3.09 -1.31123732494 0.37285422298
3.095 -1.30937006474 0.374051222918
3.1 -1.30749679469 0.375258334421
3.105 -1.30561746442 0.376475682872
3.11 -1.30373202022 0.377703406019
3.115 -1.30184041114 0.378941630785
3.12 -1.2999425843 0.380190490973
3.125 -1.29803848626 0.38145012219
3.13 -1.29612806301 0.382720661881
3.135 -1.29421125994 0.384002249363
3.14 -1.29228802137 0.385295027647
3.145 -1.29035829054 0.386599143582
3.15 -1.28842201043 0.387914744636
3.155 -1.28647912327 0.389241980713
3.16 -1.28452957052 0.390581004226
3.165 -1.28257329291 0.391931970168
3.17 -1.28061023035 0.393295036178
3.175 -1.27864032194 0.394670362603
3.18 -1.27666350601 0.396058112505
3.185 -1.27467972006 0.397458451791
3.19 -1.2726889007 0.398871549296
3.195 -1.27069098369 0.400297576821
3.2 -1.26868590388 0.401736709203
3.205 -1.26667359524 0.403189124383
3.21 -1.26465399081 0.404655003467
3.215 -1.26262702273 0.406134530662
3.22 -1.26059262244 0.407627892653
3.225 -1.25855072032 0.409135279794
3.23 -1.25650124576 0.410656885864
3.235 -1.25444412718 0.412192908026
3.24 -1.25237929202 0.413743546884
3.245 -1.25030666671 0.415309006537
3.25 -1.24822617669 0.416889494643
3.255 -1.24613774627 0.41848522292
3.26 -1.24404129859 0.420096407569
3.265 -1.2419367558 0.421723268028
3.27 -1.23982403898 0.423366027645
3.275 -1.2377030681 0.425024913764
3.28 -1.23557376198 0.426700157792
3.285 -1.23343603831 0.428391995275
3.29 -1.23128981362 0.430100665966
3.295 -1.22913500303 0.431826415009
3.3 -1.22697152038 0.433569492167
3.305 -1.2247992784 0.435330151237
3.31 -1.22261818856 0.437108650685
3.315 -1.22042816103 0.438905253722
3.32 -1.21822910469 0.440720228393
3.325 -1.21602092707 0.442553847656
3.33 -1.21380353435 0.444406389635
3.335 -1.21157683099 0.446278139271
3.34 -1.20934072015 0.448169386212
3.345 -1.20709510361 0.450080425256
3.35 -1.20483988168 0.452011556766
3.355 -1.2025749532 0.453963086773
3.36 -1.20030021547 0.455935327077
3.365 -1.19801556425 0.457928595342
3.37 -1.19572089363 0.459943215885
3.375 -1.19341609572 0.461979521028
3.38 -1.19110106124 0.464037848249
3.385 -1.18877567923 0.46611854148
3.39 -1.18643983702 0.468221951326
3.395 -1.18409342021 0.470348435192
3.4 -1.18173631263 0.472498357403
3.405 -1.17936839631 0.474672089325
3.41 -1.17698955113 0.476870011292
3.415 -1.17459965489 0.479092512082
3.42 -1.17219858372 0.481339986897
3.425 -1.16978621175 0.483612838834
3.43 -1.16736241114 0.485911479037
3.435 -1.164927052 0.488236326842
3.44 -1.16248000237 0.490587809929
3.445 -1.16002112817 0.492966364643
3.45 -1.15755029256 0.495372439256
3.455 -1.15506735661 0.497806490417
3.46 -1.15257217931 0.500268983289
3.465 -1.15006461729 0.502760392591
3.47 -1.14754452486 0.505281202787
3.475 -1.1450117539 0.507831908263
3.48 -1.14246615389 0.510413013515
3.485 -1.13990757166 0.513025034279
3.49 -1.13733585076 0.515668500936
3.495 -1.13475083254 0.518343952713
3.5 -1.13215235571 0.521051939855
3.505 -1.12954025627 0.523793024243
3.51 -1.12691436743 0.526567779618
3.515 -1.12427451955 0.529376791805
3.52 -1.12162054015 0.532220658939
3.525 -1.1189522534 0.535099993945
3.53 -1.11626947997 0.538015425679
3.535 -1.11357203776 0.540967594559
3.54 -1.11085974144 0.543957155086
3.545 -1.10813240243 0.546984776186
3.55 -1.1053898288 0.550051141511
3.555 -1.1026318251 0.553156950325
3.56 -1.09985819209 0.556302919166
3.565 -1.09706872714 0.559489779546
3.57 -1.09426322396 0.562718279226
3.575 -1.09144147257 0.56598918267
3.58 -1.08860325917 0.569303271385
3.585 -1.08574836603 0.572661344833
3.59 -1.08287657077 0.576064224619
3.595 -1.07998764715 0.579512749551
3.6 -1.07708136485 0.583007777112
3.605 -1.07415748926 0.586550184464
3.61 -1.07121578143 0.590140868876
3.615 -1.06825599792 0.593780748323
3.62 -1.06527789006 0.597470766131
3.625 -1.06228120451 0.601211887237
3.63 -1.05926568335 0.605005098074
3.635 -1.0562310637 0.608851408269
3.64 -1.05317707767 0.612751851149
3.645 -1.05010345227 0.616707484258
3.65 -1.04700990861 0.620719394109
3.655 -1.0438961621 0.624788694836
3.66 -1.04076192298 0.628916525051
3.665 -1.0376068958 0.633104050802
3.67 -1.03443077929 0.637352466183
3.675 -1.03123326631 0.641662993955
3.68 -1.02801404315 0.646036889429
3.685 -1.02477278909 0.650475443458
3.69 -1.02150917753 0.654979974958
3.695 -1.01822287532 0.659551835324
3.7 -1.01491354258 0.664192409268
3.705 -1.01158083259 0.668903115561
3.71 -1.00822439135 0.673685409543
3.715 -1.00484385657 0.678540789644
3.72 -1.0014388589 0.683470789366
3.725 -0.998009021351 0.688476980924
3.73 -0.994553959038 0.693560976678
3.735 -0.99107327892 0.698724430764
3.74 -0.98756657915 0.703969043129
3.745 -0.984033449555 0.709296556348
3.75 -0.980473471292 0.714708757754
3.755 -0.976886216605 0.720207480833
3.76 -0.973271248498 0.725794607279
3.765 -0.969628119595 0.731472074427
3.77 -0.965956373119 0.737241868557
3.775 -0.962255542463 0.743106027623
3.78 -0.958525150845 0.74906664339
3.785 -0.954764710976 0.75512586347
3.79 -0.950973723777 0.761285899588
3.795 -0.947151679335 0.767549021217
3.8 -0.94329805653 0.77391755785
3.805 -0.939412322611 0.780393901678
3.81 -0.935493932852 0.786980509721
3.815 -0.931542329038 0.793679913787
3.82 -0.92755694044 0.800494713769
3.825 -0.923537183553 0.807427579264
3.83 -0.919482461536 0.814481253102
3.835 -0.915392163859 0.821658553602
3.84 -0.911265664539 0.828962386222
3.845 -0.907102323079 0.836395737063
3.85 -0.90290148438 0.843961673316
3.855 -0.898662478021 0.851663347889
3.86 -0.894384617875 0.859504001846
3.865 -0.890067200111 0.867486977705
3.87 -0.885709503992 0.875615713869
3.875 -0.881310792057 0.883893743201
3.88 -0.876870309194 0.892324699086
3.885 -0.872387282222 0.900912318099
3.89 -0.867860917979 0.909660452761
3.895 -0.863290403401 0.918573070791
3.9 -0.858674905942 0.927654252095
3.905 -0.854013572526 0.936908195641
3.91 -0.849305528527 0.94633922611
3.915 -0.844549877019 0.955951798753
3.92 -0.839745699023 0.965750497626
3.925 -0.834892052603 0.975740041463
3.93 -0.82998797172 0.985925291241
3.935 -0.825032464565 0.996311261287
3.94 -0.82002451475 1.00690311099
3.945 -0.814963080034 1.01770615322
3.95 -0.809847091293 1.02872586106
3.955 -0.804675450313 1.03996788215
3.96 -0.799447030993 1.0514380308
3.965 -0.794160678155 1.06314229571
3.97 -0.788815206499 1.07508684672
3.975 -0.783409397947 1.08727805202
3.98 -0.777942002641 1.09972247167
3.985 -0.77241173804 1.11242686349
3.99 -0.766817287573 1.12539819165
3.995 -0.761157298487 1.13864364033
4.0 -0.755430380803 1.15217062039
4.005 -0.749635108271 1.16598676365
4.01 -0.743770016351 1.18009993567
4.015 -0.737833599564 1.19451825184
4.02 -0.731824310561 1.20925008345
4.025 -0.725740560457 1.22430405621
4.03 -0.719580716761 1.23968906297
4.035 -0.713343102 1.25541427234
4.04 -0.707025991511 1.27148914047
4.045 -0.700627612635 1.28792341774
4.05 -0.694146143174 1.30472715827
4.055 -0.687579709623 1.32191073049
4.06 -0.680926385821 1.33948482444
4.065 -0.674184192376 1.35746045228
4.07 -0.667351093416 1.37584897175
4.075 -0.660424995302 1.39466209248
4.08 -0.653403744913 1.41391188578
4.085 -0.64628512791 1.43361079132
4.09 -0.639066866901 1.45377162619
4.095 -0.631746619387 1.47440760119
4.1 -0.624321975872 1.49553232877
4.105 -0.616790457842 1.51715983362
4.11 -0.609149515415 1.53930455624
4.115 -0.601396525429 1.56198136847
4.12 -0.593528789327 1.58520558564
4.125 -0.585543530868 1.60899297543
4.13 -0.577437893853 1.63335976563
4.135 -0.569208939793 1.65832264015
4.14 -0.560853645542 1.68389876559
4.145 -0.552368900873 1.7101057967
4.15 -0.543751506005 1.7369618843
4.155 -0.534998169287 1.76448567039
4.16 -0.526105504827 1.79269628346
4.165 -0.517070029484 1.82161337589
4.17 -0.507888160459 1.85125711953
4.175 -0.498556212849 1.88164819924
4.18 -0.489070397451 1.9128077793
4.185 -0.479426817812 1.94475755081
4.19 -0.469621467789 1.97751971561
4.195 -0.459650228939 2.01111695315
4.2 -0.449508868065 2.04557244974
4.205 -0.439193034718 2.08090988637
4.21 -0.428698259321 2.11715336844
4.215 -0.418019950387 2.15432744816
4.22 -0.407153392493 2.19245710126
4.225 -0.396093744922 2.23156767472
4.23 -0.384836038519 2.27168489696
4.235 -0.373375175401 2.31283478216
4.24 -0.361705926775 2.35504360912
4.245 -0.349822931022 2.3983378955
4.25 -0.337720695292 2.44274425709
4.255 -0.325393591794 2.48828942931
4.26 -0.312835859552 2.53500013113
4.265 -0.300041605337 2.5829029528
4.27 -0.28700480068 2.63202435225
4.275 -0.273719287955 2.68239041504
4.28 -0.260178779709 2.73402678625
4.285 -0.246376861977 2.78695851387
4.29 -0.232306996323 2.84120991456
4.295 -0.217962525629 2.89680435619
4.3 -0.203336678715 2.95376406794
4.305 -0.188422576052 3.01210993522
4.31 -0.173213238674 3.07186122299
4.315 -0.157701594036 3.13303536538
4.32 -0.141880490244 3.19564758824
4.325 -0.125742702001 3.25971069881
4.33 -0.109280950956 3.32523460227
4.335 -0.0924879124229 3.3922260735
4.34 -0.0753562418995 3.46068817691
4.345 -0.0578785839942 3.53061999488
4.35 -0.0400476048356 3.60201596679
4.355 -0.0218560050546 3.67486554433
4.36 -0.00329655739006 3.74915247191
4.365 0.0156378738916 3.82485433742
4.37 0.0349542913021 3.90194182023
4.375 0.0546595354646 3.98037810958
4.38 0.0747602407934 4.0601181469
4.385 0.0952627941162 4.14110789149
4.39 0.116173291347 4.22328359745
4.395 0.137497477321 4.30657090242
4.4 0.159240705855 4.39088415348
4.405 0.181407862651 4.47612540571
4.41 0.204003319941 4.56218368038
4.415 0.22703085731 4.64893410325
4.42 0.250493588034 4.73623692585
4.425 0.274393890267 4.82393684189
4.43 0.298733331334 4.91186226879
4.435 0.323512575283 4.99982449031
4.44 0.348731295523 5.08761697451
4.445 0.374388089265 5.17501493792
4.45 0.400480382973 5.26177484512
4.455 0.427004338464 5.34763416332
4.46 0.453954755941 5.43231117742
4.465 0.481324980835 5.5155051873
4.47 0.509106806006 5.59689671778
4.475 0.537290383861 5.67614824025
4.48 0.565864132898 5.75290492359
4.485 0.594814659887 5.82679599245
4.49 0.624126677966 5.89743615614
4.495 0.653782945972 5.96442768956
4.5 0.683764199098 6.02736255968
4.505 0.714049118712 6.08582534938
4.51 0.744614298347 6.13939644612
4.515 0.775434228935 6.18765549387
4.52 0.806481303965 6.23018516963
4.525 0.837725847933 6.26657566324
4.53 0.869136164822 6.29642935319
4.535 0.900678610447 6.3193655357
4.54 0.932317690736 6.33502546722
4.545 0.964016183124 6.34307759593
4.55 0.995735285967 6.34322277244
4.555 1.0274347929 6.33519925944
4.56 1.0590732945 6.31878767365
4.565 1.09060839797 6.29381550871
4.57 1.12199697532 6.26016129512
4.575 1.15319542467 6.21775811172
4.58 1.18415995429 6.16659648794
4.585 1.21484687096 6.10672651194
4.59 1.24521288514 6.03825906034
4.595 1.27521541174 5.96136618996
4.6 1.3048128843 5.87628028072
4.605 1.33396504309 5.7832926835
4.61 1.36263322083 5.68275111394
4.615 1.39078062745 5.57505601787
4.62 1.4183726022 5.46065610222
4.625 1.44537683376 5.34004351699
4.63 1.47176356559 5.21374783554
4.635 1.49750577397 5.08232983203
4.64 1.52257930193 4.946374715
4.645 1.54696296503 4.80648534206
4.65 1.57063862199 4.66327513257
4.655 1.59359121163 4.51736121775
4.66 1.61580875352 4.36935772485
4.665 1.6372823165 4.21986947472
4.67 1.65800595871 4.06948605904
4.675 1.67797663595 3.91877656642
4.68 1.69719408909 3.76828481607
4.685 1.71566070654 3.61852536641
4.69 1.73338136881 3.46998016381
4.695 1.75036327869 3.32309593931
4.7 1.76661578109 3.17828225667
4.705 1.78215017278 3.03591026417
4.71 1.7969795088 2.89631209695
4.715 1.81111840708 2.75978079362
4.72 1.82458285405 2.6265708144
4.725 1.83739001379 2.49689895479
4.73 1.84955804281 2.3709456853
4.735 1.86110591278 2.24885680303
4.74 1.87205324124 2.13074533953
4.745 1.88242013336 2.01669367288
4.75 1.89222703416 1.90675576782
4.755 1.90149459376 1.80095949996
4.76 1.91024353896 1.69930904046
4.765 1.91849456522 1.6017871762
4.77 1.92626823145 1.50835769655
4.775 1.93358487449 1.41896756575
4.78 1.94046452691 1.33354917426
4.785 1.94692685228 1.25202229818
4.79 1.95299108467 1.1742961154
4.795 1.95867598197 1.1002709218
4.8 1.96399978442 1.02983985622
4.805 1.96898018342 0.962890364841
4.81 1.97363429626 0.899305618932
4.815 1.97797864795 0.838965730225
4.82 1.98202915886 0.781748875756
4.825 1.98580113736 0.727532276216
4.83 1.98930927756 0.676193072647
4.835 1.99256766052 0.627609056375
4.84 1.99558975882 0.581659271144
4.845 1.99838844515 0.538224697694
4.85 2.00097600304 0.497188659954
4.855 2.00336413865 0.458437146659
4.86 2.00556399632 0.421859153554
4.865 2.00758617277 0.387346999903
4.87 2.00944073526 0.354796457595
4.875 2.01113723862 0.324106905908
4.88 2.01268474394 0.29518143223
4.885 2.01409183733 0.267926887818
4.89 2.01536664842 0.24225391837
4.895 2.01651686956 0.218076952045
4.9 2.01754977459 0.195314179857
4.905 2.01847223784 0.173887492978
4.91 2.01929075196 0.153722432256
4.915 2.02001144644 0.13474809182
4.92 2.0206401048 0.116897040522
4.925 2.02118218199 0.100105208828
4.93 2.02164282072 0.0843117901772
4.935 2.02202686762 0.069459120871
4.94 2.02233888862 0.0554925676442
4.945 2.0225831838 0.0423604068396
4.95 2.02276380165 0.0300137048271
4.955 2.02288455271 0.0184061994068
4.96 2.02294902265 0.00749417966341
4.965 2.02296058467 -0.00276362767506
4.97 2.02292241155 -0.0124061839015
4.975 2.02283748641 -0.0214702357569
4.98 2.02270861459 -0.0299904351819
4.985 2.02253843307 -0.0379994436784
4.99 2.02232941956 -0.0455280273625
4.995 2.02208390402 -0.0526051728748
5.0 2.02180407366 -0.0592581577773
5.005 2.02149198541 -0.0655126709509
5.01 2.02114956985 -0.0713928711302
5.015 2.02077864153 -0.0769214942825
5.02 2.02038090437 -0.0821199198666
5.025 2.01995795821 -0.0870082475467
5.03 2.01951130651 -0.0916053822039
5.035 2.01904235975 -0.0959290806013
5.04 2.01855244333 -0.0999960399602
5.045 2.0180428017 -0.103821948037
5.05 2.01751460252 -0.107421536692
5.055 2.01696894144 -0.110808639528
5.06 2.01640684892 -0.113996265588
5.065 2.01582929122 -0.11699662295
5.07 2.01523717575 -0.119821178159
5.075 2.01463135451 -0.122480699277
5.08 2.01401262701 -0.124985294034
5.085 2.01338174402 -0.127344454115
5.09 2.01273941012 -0.129567088314
5.095 2.01208628678 -0.131661560221
5.1 2.01142299505 -0.133635721881
5.105 2.01075011782 -0.135496942477
5.11 2.01006820236 -0.137252140084
5.115 2.00937776237 -0.138907807113
5.12 2.00867928012 -0.140470037794
5.125 2.00797320847 -0.141944553333
5.13 2.0072599723 -0.143336720392
5.135 2.00653997038 -0.144651574767
5.14 2.00581357761 -0.145893848706
5.145 2.00508114567 -0.147067980356
5.15 2.00434300457 -0.148178133302
5.155 2.00359946449 -0.149228219195
5.16 2.00285081653 -0.150221908238
5.165 2.00209733383 -0.15116264283
5.17 2.00133927304 -0.152053656261
5.175 2.00057687519 -0.152897984363
5.18 1.99981036643 -0.153698474206
5.185 1.99903995912 -0.154457798464
5.19 1.9982658529 -0.155178468765
5.195 1.99748823505 -0.155862840581
5.2 1.99670728137 -0.156513124396
5.205 1.99592315717 -0.157131397954
5.21 1.99513601759 -0.157719610512
5.215 1.99434600821 -0.158279590958
5.22 1.99355326589 -0.158813058339
5.225 1.99275791918 -0.159321626502
5.23 1.99196008868 -0.159806809552
5.235 1.99115988773 -0.160270030227
5.24 1.99035742285 -0.16071262535
5.245 1.98955279396 -0.161135848775
5.25 1.98874609481 -0.161540877137
5.255 1.98793741368 -0.161928818268
5.26 1.98712683343 -0.162300711879
5.265 1.98631443176 -0.16265753352
5.27 1.9855002817 -0.16300019973
5.275 1.98468445192 -0.163329573032
5.28 1.98386700684 -0.16364646246
5.285 1.98304800689 -0.163951627422
5.29 1.98222750893 -0.164245782669
5.295 1.98140556633 -0.164529599818
5.3 1.98058222918 -0.164803709126
5.305 1.97975754446 -0.165068702617
5.31 1.97893155641 -0.165325137992
5.315 1.9781043065 -0.165573538692
5.32 1.97727583363 -0.165814396232
5.325 1.97644617434 -0.166048173029
5.33 1.97561536299 -0.166275304168
5.335 1.97478343174 -0.166496198066
5.34 1.97395041079 -0.166711238404
5.345 1.97311632851 -0.166920786722
5.35 1.97228121152 -0.167125182704
5.355 1.97144508477 -0.167324745415
5.36 1.97060797164 -0.167519775025
5.365 1.96976989413 -0.167710554439
5.37 1.96893087283 -0.167897349137
5.375 1.96809092697 -0.168080408453
5.38 1.96725007462 -0.16825996683
5.385 1.96640833277 -0.168436246095
5.39 1.96556571729 -0.16860945427
5.395 1.96472224305 -0.168779786815
5.4 1.96387792391 -0.168947427471
5.405 1.96303277295 -0.169112549923
5.41 1.96218680234 -0.169275317331
5.415 1.96134002347 -0.169435882998
5.42 1.96049244696 -0.169594391002
5.425 1.95964408276 -0.169750977555
5.43 1.95879494018 -0.169905770823
5.435 1.95794502787 -0.170058891206
5.44 1.95709435389 -0.170210451883
5.445 1.95624292577 -0.170360559777
5.45 1.95539075054 -0.170509315745
5.455 1.95453783471 -0.170656814533
5.46 1.95368418435 -0.170803145283
5.465 1.95282980506 -0.170948392072
5.47 1.9519747021 -0.171092634343
5.475 1.95111888028 -0.17123594674
5.48 1.95026234408 -0.171378399512
5.485 1.94940509761 -0.171520058876
5.49 1.94854714471 -0.17166098755
5.495 1.94768848886 -0.171801244475
5.5 1.9468291333 -0.171940885154
5.505 1.94596908095 -0.172079961893
5.51 1.94510833453 -0.17221852425
5.515 1.94424689649 -0.172356618875
5.52 1.94338476906 -0.172494289717
5.525 1.94252195424 -0.172631578199
5.53 1.94165845385 -0.172768523567
5.535 1.94079426951 -0.17290516283
5.54 1.93992940268 -0.173041530863
5.545 1.93906385461 -0.173177660602
5.55 1.93819762642 -0.173313583061
5.555 1.93733071907 -0.173449327826
5.56 1.93646313339 -0.173584922637
5.565 1.93559487005 -0.173720393697
5.57 1.93472592962 -0.173855765869
5.575 1.93385631253 -0.173991062705
5.58 1.93298601911 -0.174126306368
5.585 1.93211504956 -0.174261517772
5.59 1.93124340399 -0.174396716644
5.595 1.93037108239 -0.174531921711
5.6 1.92949808471 -0.174667150891
5.605 1.92862441078 -0.174802421048
5.61 1.92775006036 -0.174937748188
5.615 1.92687503313 -0.175073147539
5.62 1.92599932871 -0.175208633535
5.625 1.9251229466 -0.175344219557
5.63 1.92424588628 -0.175479918493
5.635 1.92336814715 -0.175615742656
5.64 1.92248972857 -0.175751703817
5.645 1.92161062985 -0.175887813218
5.65 1.92073085018 -0.176024081103
5.655 1.91985038876 -0.17616051735
5.66 1.91896924471 -0.176297131476
5.665 1.91808741712 -0.176433932587
5.67 1.91720490506 -0.176570929415
5.675 1.9163217075 -0.176708130054
5.68 1.91543782341 -0.176845542211
5.685 1.91455325171 -0.176983173365
5.69 1.91366799128 -0.177121030695
5.695 1.912782041 -0.177259121115
5.7 1.91189539968 -0.177397451111
5.705 1.91100806609 -0.177536026758
5.71 1.91012003899 -0.177674854018
5.715 1.90923131711 -0.177813938626
5.72 1.90834189915 -0.177953286114
5.725 1.9074517838 -0.178092901741
5.73 1.90656096968 -0.178232790374
5.735 1.90566945542 -0.178372956844
5.74 1.90477723961 -0.178513405832
5.745 1.90388432084 -0.178654141876
5.75 1.90299069767 -0.178795169394
5.755 1.90209636865 -0.178936492661
5.76 1.90120133226 -0.179078115483
5.765 1.900305587 -0.179220041668
5.77 1.89940913134 -0.179362274966
5.775 1.89851196373 -0.179504819024
5.78 1.89761408262 -0.179647677397
5.785 1.89671548644 -0.17979085356
5.79 1.89581617358 -0.179934350758
5.795 1.89491614241 -0.180078172114
5.8 1.89401539132 -0.180222320751
5.805 1.89311391866 -0.180366799718
5.81 1.89221172277 -0.180511612007
5.815 1.89130880198 -0.180656760553
5.82 1.89040515461 -0.180802248193
5.825 1.88950077894 -0.180948077592
5.83 1.88859567326 -0.181094251443
5.835 1.88768983585 -0.181240772399
5.84 1.88678326495 -0.181387643071
5.845 1.88587595882 -0.181534866034
5.85 1.8849679157 -0.181682443822
5.855 1.8840591338 -0.181830378818
5.86 1.88314961132 -0.181978673413
5.865 1.88223934647 -0.18212732998
5.87 1.88132833742 -0.182276350868
5.875 1.88041658235 -0.182425738396
5.88 1.87950407944 -0.1825754951
5.885 1.8785908268 -0.182725622603
5.89 1.87767682259 -0.182876123553
5.895 1.87676206493 -0.183027000116
5.9 1.87584655195 -0.183178254456
5.905 1.87493028175 -0.183329888732
5.91 1.87401325243 -0.183481905099
5.915 1.87309546206 -0.183634305678
5.92 1.87217690873 -0.183787092534
5.925 1.87125759048 -0.18394026777
5.93 1.87033750538 -0.184093833482
5.935 1.86941665147 -0.184247791758
5.94 1.86849502679 -0.184402144678
5.945 1.86757262935 -0.184556894314
5.95 1.86664945717 -0.184712042728
5.955 1.86572550825 -0.184867591974
5.96 1.86480078059 -0.185023544082
5.965 1.86387527216 -0.185179901079
5.97 1.86294898092 -0.185336664987
5.975 1.86202190485 -0.185493837817
5.98 1.86109404189 -0.185651421572
5.985 1.86016538997 -0.185809418247
5.99 1.85923594703 -0.185967829826
5.995 1.85830571099 -0.186126658284
6.0 1.85737467976 -0.186285905656
6.005 1.85644285123 -0.18644557407
6.01 1.85551022331 -0.186605665553
6.015 1.85457679386 -0.186766182128
6.02 1.85364256077 -0.186927125814
6.025 1.85270752188 -0.187088498633
6.03 1.85177167504 -0.187250302601
6.035 1.85083501811 -0.187412539736
6.04 1.8498975489 -0.187575212062
6.045 1.84895926523 -0.187738321704
6.05 1.84802016491 -0.187901870754
6.055 1.84708024575 -0.188065861277
6.06 1.84613950552 -0.188230295347
6.065 1.84519794201 -0.188395175037
6.07 1.84425555298 -0.188560502429
6.075 1.8433123362 -0.188726279605
6.08 1.8423682894 -0.188892508652
6.085 1.84142341178 -0.189059190743
6.09 1.84047769753 -0.18922633034
6.095 1.83953114666 -0.189393928064
6.1 1.83858375682 -0.18956198609
6.105 1.83763552565 -0.189730506593
6.11 1.83668645078 -0.189899491751
6.115 1.83573652986 -0.190068943739
6.12 1.83478576052 -0.190238864732
6.125 1.8338341404 -0.190409256922
6.13 1.83288166704 -0.190580122642
6.135 1.83192833804 -0.190751464133
6.14 1.83097415102 -0.190923283609
6.145 1.83001910359 -0.191095583281
6.15 1.82906319338 -0.19126836536
6.155 1.828106418 -0.191441632058
6.16 1.82714877508 -0.191615385587
6.165 1.82619026222 -0.191789628159
6.17 1.82523087705 -0.191964361985
6.175 1.82427061719 -0.192139589278
6.18 1.82330948003 -0.192315312494
6.185 1.82234746281 -0.192491534317
6.19 1.82138456302 -0.192668257081
6.195 1.8204207782 -0.192845483114
6.2 1.81945610584 -0.193023214747
6.205 1.81849054349 -0.193201454308
6.21 1.81752408864 -0.193380204128
6.215 1.81655673882 -0.193559466534
6.22 1.81558849154 -0.193739243857
6.225 1.81461934432 -0.193919538426
6.23 1.81364929465 -0.194100352615
6.235 1.81267833951 -0.194281689397
6.24 1.81170647615 -0.194463551423
6.245 1.81073370196 -0.194645941178
6.25 1.80976001434 -0.194828861144
6.255 1.80878541067 -0.195012313803
6.26 1.80780988835 -0.195196301638
6.265 1.80683344476 -0.195380827131
6.27 1.8058560773 -0.195565892766
6.275 1.80487778337 -0.195751501024
6.28 1.80389856034 -0.195937654389
6.285 1.80291840538 -0.196124355635
6.29 1.8019373153 -0.196311607942
6.295 1.80095528736 -0.196499413976
6.3 1.7999723188 -0.196687776387
6.305 1.79898840688 -0.196876697822
6.31 1.79800354886 -0.197066180931
6.315 1.797017742 -0.197256228362
6.32 1.79603098354 -0.197446842763
6.325 1.79504327075 -0.197638026784
6.33 1.79405460088 -0.197829783072
6.335 1.79306497116 -0.198022114312
6.34 1.79207437827 -0.198215023889
6.345 1.79108281913 -0.198408514891
6.35 1.79009029085 -0.198602590152
6.355 1.78909679053 -0.198797252507
6.36 1.7881023153 -0.19899250479
6.365 1.78710686226 -0.199188349834
6.37 1.78611042852 -0.199384790475
6.375 1.7851130112 -0.199581829546
6.38 1.7841146074 -0.19977946988
6.385 1.78311521425 -0.199977714314
6.39 1.78211482861 -0.20017656598
6.395 1.78111344695 -0.200376028611
6.4 1.78011106617 -0.200576105287
6.405 1.77910768325 -0.20077679905
6.41 1.77810329513 -0.200978112939
6.415 1.77709789877 -0.201180049996
6.42 1.77609149113 -0.201382613261
6.425 1.77508406916 -0.201585805774
6.43 1.77407562984 -0.201789630577
6.435 1.7730661701 -0.201994090711
6.44 1.77205567937 -0.202199199503
6.445 1.77104417154 -0.202404936877
6.45 1.77003163241 -0.202611321108
6.455 1.76901805892 -0.202818355274
6.46 1.76800344796 -0.203026042472
6.465 1.76698779645 -0.203234385824
6.47 1.76597110126 -0.203443388471
6.475 1.76495335927 -0.203653053575
6.48 1.76393456732 -0.203863384321
6.485 1.76291472225 -0.204074383916
6.49 1.76189382088 -0.204286055588
6.495 1.76087185989 -0.20449840277
6.5 1.75984883555 -0.20471142946
6.505 1.75882474444 -0.204925139223
6.51 1.75779958316 -0.205139535617
6.515 1.75677334826 -0.205354622236
6.52 1.75574603628 -0.205570402716
6.525 1.75471764371 -0.205786880731
6.53 1.75368816703 -0.206004059992
6.535 1.75265760268 -0.20622194425
6.54 1.7516259471 -0.206440537296
6.545 1.75059319666 -0.206659842958
6.55 1.74955934774 -0.206879865103
6.555 1.74852439676 -0.207100607525
6.56 1.7474883403 -0.207322073823
6.565 1.74645117475 -0.207544267858
6.57 1.74541289644 -0.207767193534
6.575 1.74437350171 -0.207990854788
6.58 1.74333298686 -0.208215255583
6.585 1.74229134817 -0.208440399916
6.59 1.7412485819 -0.208666291812
6.595 1.7402046843 -0.20889293533
6.6 1.73915965159 -0.209120334555
6.605 1.73811347996 -0.209348493606
6.61 1.73706616559 -0.20957741663
6.615 1.73601770465 -0.20980710775
6.62 1.73496809332 -0.210037571042
6.625 1.73391732773 -0.210268810699
6.63 1.73286540397 -0.210500830944
6.635 1.73181231814 -0.210733636025
6.64 1.7307580663 -0.210967230219
6.645 1.7297026445 -0.211201617832
6.65 1.72864604876 -0.211436803192
6.655 1.72758827508 -0.211672790659
6.66 1.72652931946 -0.211909584617
6.665 1.72546917785 -0.212147189479
6.67 1.7244078462 -0.212385609685
6.675 1.72334532041 -0.212624849842
6.68 1.72228159632 -0.212864914706
6.685 1.72121666979 -0.213105808891
6.69 1.72015053669 -0.213347537044
6.695 1.71908319281 -0.213590103847
6.7 1.71801463397 -0.213833514013
6.705 1.71694485594 -0.214077772292
6.71 1.71587385447 -0.214322883467
6.715 1.71480162531 -0.214568852356
6.72 1.71372816417 -0.214815683809
6.725 1.71265346673 -0.215063382711
6.73 1.71157752866 -0.215311953981
6.735 1.71050034557 -0.215561402643
6.74 1.709421913 -0.215811733783
6.745 1.70834222653 -0.216062952459
6.75 1.7072612817 -0.216315063767
6.755 1.70617907406 -0.216568072841
6.76 1.70509559909 -0.21682198485
6.765 1.70401085229 -0.217076805
6.77 1.7029248291 -0.217332538536
6.775 1.70183752496 -0.217589190737
6.78 1.70074893529 -0.217846766921
6.785 1.69965905545 -0.218105272442
6.79 1.69856788083 -0.21836471269
6.795 1.69747540667 -0.218625093186
6.8 1.69638162823 -0.218886419497
6.805 1.69528654074 -0.219148697167
6.81 1.69419013945 -0.21941193178
6.815 1.69309241955 -0.219676128961
6.82 1.69199337623 -0.219941294375
6.825 1.69089300464 -0.220207433725
6.83 1.6897912999 -0.220474552756
6.835 1.68868825711 -0.220742657253
6.84 1.68758387134 -0.221011753041
6.845 1.68647813765 -0.221281845983
6.85 1.68537105104 -0.221552941985
6.855 1.68426260645 -0.221825047163
6.86 1.68315279876 -0.222098167709
6.865 1.68204162288 -0.222372309732
6.87 1.68092907368 -0.222647479388
6.875 1.67981514602 -0.222923682877
6.88 1.67869983471 -0.223200926446
6.885 1.67758313456 -0.223479216391
6.89 1.67646504032 -0.223758559049
6.895 1.67534554673 -0.224038960808
6.9 1.6742246485 -0.2243204281
6.905 1.67310234029 -0.224602967403
6.91 1.67197861678 -0.224886585242
6.915 1.67085347248 -0.225171288341
6.92 1.6697269019 -0.225457083519
6.925 1.66859889956 -0.225743977519
6.93 1.66746945995 -0.226031977137
6.935 1.66633857752 -0.226321089218
6.94 1.66520624671 -0.226611320662
6.945 1.66407246191 -0.226902678419
6.95 1.66293721749 -0.227195169492
6.955 1.66180050777 -0.227488800936
6.96 1.66066232706 -0.227783579858
6.965 1.65952266964 -0.228079513418
6.97 1.65838152972 -0.228376608826
6.975 1.65723890145 -0.228674873504
6.98 1.65609477886 -0.228974315003
6.985 1.65494915607 -0.229274940779
6.99 1.65380202712 -0.229576758345
6.995 1.65265338605 -0.229879775274
7.0 1.65150322685 -0.230183999197
7.005 1.65035154348 -0.230489437804
7.01 1.64919832985 -0.230796098844
7.015 1.64804357986 -0.231103990123
7.02 1.64688728734 -0.231413119506
7.025 1.64572944613 -0.231723494919
7.03 1.64457005 -0.232035124343
7.035 1.64340909262 -0.232348016007
7.04 1.64224656755 -0.232662178315
7.045 1.64108246842 -0.232977619536
7.05 1.63991678881 -0.233294348006
7.055 1.63874952228 -0.233612372127
7.06 1.63758066234 -0.233931700369
7.065 1.63641020245 -0.234252341268
7.07 1.63523813604 -0.234574303426
7.075 1.63406445652 -0.234897595513
7.08 1.63288915723 -0.235222226265
7.085 1.63171223148 -0.235548204485
7.09 1.63053367256 -0.235875539043
7.095 1.62935347361 -0.236204239093
7.1 1.62817162763 -0.236534314019
7.105 1.62698812773 -0.236865773017
7.11 1.62580296697 -0.237198625358
7.115 1.62461613837 -0.237532880386
7.12 1.6234276349 -0.23786854752
7.125 1.62223744949 -0.238205636255
7.13 1.62104557502 -0.238544156161
7.135 1.61985200435 -0.238884116885
7.14 1.61865673028 -0.239225528146
7.145 1.61745974556 -0.239568399741
7.15 1.61626104292 -0.23991274154
7.155 1.61506061502 -0.24025856349
7.16 1.61385845443 -0.24060587577
7.165 1.61265455346 -0.240954689113
7.17 1.61144890455 -0.241305013919
7.175 1.61024150012 -0.241656860627
7.18 1.60903233253 -0.242010239763
7.185 1.60782139412 -0.242365161943
7.19 1.60660867715 -0.242721637868
7.195 1.60539417385 -0.24307967833
7.2 1.60417787639 -0.243439294206
7.205 1.60295977691 -0.243800496462
7.21 1.60173986748 -0.244163296151
7.215 1.60051814014 -0.244527704415
7.22 1.59929458686 -0.244893732481
7.225 1.59806919956 -0.245261391726
7.23 1.59684196983 -0.245630694244
7.235 1.59561288933 -0.246001651882
7.24 1.59438194977 -0.246374276432
7.245 1.59314914279 -0.246748579791
7.25 1.59191445998 -0.247124573956
7.255 1.59067789287 -0.247502271028
7.26 1.58943943292 -0.247881683208
7.265 1.58819907158 -0.248262822798
7.27 1.5869568002 -0.248645702204
7.275 1.5857126101 -0.249030333934
7.28 1.58446649255 -0.249416730596
7.285 1.58321843873 -0.249804904901
7.29 1.58196843981 -0.250194869667
7.295 1.58071648659 -0.250586638459
7.3 1.57946256987 -0.250980224897
7.305 1.5782066805 -0.251375642353
7.31 1.57694880932 -0.251772904317
7.315 1.57568894708 -0.252172024397
7.32 1.57442708446 -0.252573016321
7.325 1.5731632121 -0.252975893936
7.33 1.57189732056 -0.253380671208
7.335 1.57062940036 -0.253787362221
7.34 1.56935944193 -0.254195981178
7.345 1.56808743567 -0.254606542402
7.35 1.56681337188 -0.255019060334
7.355 1.56553724083 -0.255433549533
7.36 1.56425903253 -0.255850025144
7.365 1.5629787367 -0.256268502947
7.37 1.56169634329 -0.256688998179
7.375 1.56041184218 -0.257111526198
7.38 1.55912522318 -0.257536102505
7.385 1.55783647601 -0.257962742741
7.39 1.55654559036 -0.258391462683
7.395 1.55525255581 -0.25882227825
7.4 1.5539573619 -0.259255205503
7.405 1.55265999807 -0.259690260638
7.41 1.55136045372 -0.260127459994
7.415 1.55005871816 -0.260566820049
7.42 1.54875478063 -0.26100835742
7.425 1.54744863022 -0.261452089081
7.43 1.54614025561 -0.261898033025
7.435 1.54482964564 -0.262346206761
7.44 1.54351678913 -0.262796627864
7.445 1.5422016748 -0.263249314079
7.45 1.54088429128 -0.263704283322
7.455 1.53956462715 -0.264161553682
7.46 1.53824267087 -0.264621143415
7.465 1.53691841085 -0.265083070949
7.47 1.53559183538 -0.265547354883
7.475 1.53426293271 -0.266014013985
7.48 1.53293169089 -0.266483067407
7.485 1.53159809768 -0.266954534952
7.49 1.53026214094 -0.26742843617
7.495 1.52892380847 -0.267904790771
7.5 1.52758308796 -0.268383618653
7.505 1.52623996701 -0.268864939906
7.51 1.52489443315 -0.269348774809
7.515 1.52354647378 -0.269835143834
7.52 1.52219607626 -0.270324067639
7.525 1.52084322781 -0.270815567075
7.53 1.51948791559 -0.271309663184
7.535 1.51813012648 -0.271806377674
7.54 1.51676984708 -0.272305733011
7.545 1.51540706413 -0.272807751206
7.55 1.51404176425 -0.273312454474
7.555 1.51267393399 -0.273819865253
7.56 1.51130355977 -0.274330006204
7.565 1.50993062794 -0.274842900206
7.57 1.50855512471 -0.275358570364
7.575 1.50717703621 -0.27587704
7.58 1.50579634847 -0.276398332663
7.585 1.5044130474 -0.276922472118
7.59 1.50302711856 -0.277449483081
7.595 1.50163854728 -0.277979390815
7.6 1.50024731901 -0.278512220188
7.605 1.4988534191 -0.279047996323
7.61 1.49745683276 -0.2795867446
7.615 1.49605754511 -0.280128490657
7.62 1.49465554114 -0.280673260387
7.625 1.49325080573 -0.281221079942
7.63 1.49184332364 -0.281771975728
7.635 1.49043307952 -0.282325974409
7.64 1.4890200579 -0.282883102918
7.645 1.4876042428 -0.283443389505
7.65 1.48618561813 -0.284006862664
7.655 1.4847641679 -0.284573550599
7.66 1.48333987597 -0.285143481812
7.665 1.48191272608 -0.285716685103
7.67 1.48048270183 -0.286293189569
7.675 1.47904978671 -0.286873024606
7.68 1.47761396406 -0.287456219909
7.685 1.47617521709 -0.288042805467
7.69 1.4747335289 -0.288632811571
7.695 1.47328888242 -0.289226268867
7.7 1.47184125993 -0.289823209763
7.705 1.47039064376 -0.290423666546
7.71 1.46893701624 -0.291027671329
7.715 1.46748035957 -0.291635256571
7.72 1.4660206558 -0.292246455078
7.725 1.46455788683 -0.292861300006
7.73 1.46309203441 -0.293479824857
7.735 1.46162308015 -0.294102063483
7.74 1.46015100551 -0.294728050082
7.745 1.45867579179 -0.295357819201
7.75 1.4571974201 -0.295991405875
7.755 1.45571587091 -0.296628847029
7.76 1.45423112471 -0.297270179317
7.765 1.45274316196 -0.297915439465
7.77 1.45125196294 -0.298564664623
7.775 1.44975750776 -0.299217892363
7.78 1.44825977635 -0.299875160677
7.785 1.44675874847 -0.300536507981
7.79 1.44525440372 -0.301201973109
7.795 1.44374672144 -0.301871595525
7.8 1.44223568046 -0.302545416061
7.805 1.44072125965 -0.303223475401
7.81 1.43920343772 -0.303905814583
7.815 1.43768219321 -0.304592475115
7.82 1.43615750445 -0.305283498972
7.825 1.43462934959 -0.305978928601
7.83 1.43309770658 -0.306678806915
7.835 1.43156255321 -0.307383177298
7.84 1.43002386686 -0.308092084156
7.845 1.42848162439 -0.308805573551
7.85 1.42693580276 -0.309523691059
7.855 1.42538637871 -0.310246482733
7.86 1.42383332881 -0.310973995167
7.865 1.4222766294 -0.311706275498
7.87 1.42071625659 -0.312443371403
7.875 1.4191521863 -0.313185331099
7.88 1.41758439424 -0.313932203344
7.885 1.41601285558 -0.314684038418
7.89 1.41443754504 -0.315440887961
7.895 1.41285843741 -0.316202803185
7.9 1.41127550727 -0.316969835918
7.905 1.40968872893 -0.317742038611
7.91 1.40809807651 -0.318519464333
7.915 1.40650352384 -0.319302166778
7.92 1.40490504455 -0.320090200261
7.925 1.403302612 -0.320883619729
7.93 1.40169619885 -0.321682482381
7.935 1.40008577742 -0.322486846174
7.94 1.39847132008 -0.323296768891
7.945 1.39685279892 -0.324112309034
7.95 1.39523018576 -0.324933525818
7.955 1.39360345218 -0.325760479177
7.96 1.39197256945 -0.326593229758
7.965 1.3903375086 -0.327431838925
7.97 1.38869824034 -0.328276368881
7.975 1.38705473446 -0.329126884822
7.98 1.38540696063 -0.329983452029
7.985 1.38375488845 -0.330846135921
7.99 1.38209848721 -0.331715002748
7.995 1.38043772592 -0.332590119587
8.0 1.37877257326 -0.333471554342
8.005 1.37710299762 -0.334359375749
8.01 1.37542896709 -0.335253653369
8.015 1.37375044938 -0.33615445792
8.02 1.37206741118 -0.337061863323
8.025 1.37037981917 -0.337975943327
8.03 1.36868763981 -0.338896772295
8.035 1.36699083921 -0.339824425581
8.04 1.36528938312 -0.340758979526
8.045 1.36358323695 -0.341700511465
8.05 1.36187236574 -0.342649099765
8.055 1.36015673374 -0.34360482527
8.06 1.35843630492 -0.344567769687
8.065 1.35671104298 -0.345538015292
8.07 1.35498091126 -0.346515645462
8.075 1.35324587273 -0.347500744671
8.08 1.35150588997 -0.348493398496
8.085 1.34976092518 -0.349493693611
8.09 1.34801093977 -0.350501719242
8.095 1.34625589449 -0.351517566732
8.1 1.34449575002 -0.35254132742
8.105 1.34273046662 -0.353573093899
8.11 1.34096000412 -0.35461296002
8.115 1.33918432191 -0.355661020887
8.12 1.337403379 -0.356717372862
8.125 1.33561713368 -0.35778211443
8.13 1.33382554325 -0.358855347537
8.135 1.33202856498 -0.359937173925
8.14 1.33022615567 -0.361027696649
8.145 1.3284182717 -0.362127020194
8.15 1.32660486893 -0.363235250479
8.155 1.32478590278 -0.364352494855
8.16 1.32296132898 -0.365478859121
8.165 1.32113109872 -0.366614465583
8.17 1.31929516707 -0.367759421866
8.175 1.31745348694 -0.368913843339
8.18 1.31560601072 -0.370077846874
8.185 1.31375269031 -0.371251550875
8.19 1.31189347711 -0.372435075302
8.195 1.31002832199 -0.373628541783
8.2 1.30815717457 -0.374832076233
8.205 1.30627998397 -0.376045806183
8.21 1.30439669893 -0.377269860257
8.215 1.30250726751 -0.378504369155
8.22 1.30061163715 -0.379749465713
8.225 1.29870975459 -0.381005284951
8.23 1.2968015659 -0.382271964132
8.235 1.29488701644 -0.383549642816
8.24 1.29296605089 -0.384838462848
8.245 1.2910386132 -0.386138568482
8.25 1.28910464658 -0.387450106447
8.255 1.28716409346 -0.388773225979
8.26 1.28521689551 -0.390108078877
8.265 1.28326299362 -0.391454819554
8.27 1.28130232788 -0.392813605097
8.275 1.27933483758 -0.39418459529
8.28 1.27736046138 -0.39556795203
8.285 1.27537913709 -0.396963840063
8.29 1.27339080166 -0.398372427162
8.295 1.27139539115 -0.399793883946
8.3 1.2693928408 -0.401228383931
8.305 1.26738308497 -0.402676103574
8.31 1.26536605716 -0.404137222323
8.315 1.26334168997 -0.405611922692
8.32 1.26130991492 -0.407100391193
8.325 1.25927066263 -0.408602817436
8.33 1.25722386283 -0.410119394026
8.335 1.25516944431 -0.411650316925
8.34 1.25310733485 -0.413195785508
8.345 1.25103746127 -0.414756002617
8.35 1.24895974937 -0.416331174617
8.355 1.24687412394 -0.4179215115
8.36 1.24478050847 -0.419527228081
8.365 1.24267882543 -0.421148542816
8.37 1.24056899626 -0.422785677679
8.375 1.23845094133 -0.424438858616
8.38 1.23632457986 -0.426108315613
8.385 1.23418982993 -0.427794282767
8.39 1.23204660849 -0.429496998352
8.395 1.22989483127 -0.431216704941
8.4 1.22773441253 -0.432953650924
8.405 1.22556526533 -0.434708088986
8.41 1.22338730157 -0.436480275978
8.415 1.22120043187 -0.438270473476
8.42 1.21900456556 -0.440078947864
8.425 1.21679961062 -0.441905970419
8.43 1.21458547373 -0.443751817392
8.435 1.21236206018 -0.445616770163
8.44 1.21012927349 -0.447501117152
8.445 1.20788701585 -0.449405151879
8.45 1.20563518806 -0.451329172817
8.455 1.20337368946 -0.453273484089
8.46 1.20110241788 -0.455238395569
8.465 1.19882126959 -0.457224222984
8.47 1.19653013933 -0.459231288017
8.475 1.19422892024 -0.461259918499
8.48 1.19191750339 -0.463310450795
8.485 1.18959577824 -0.465383227358
8.49 1.18726363272 -0.467478596566
8.495 1.184920953 -0.469596913586
8.5 1.1825676235 -0.471738540496
8.505 1.18020352684 -0.473903846409
8.51 1.17782854383 -0.4760932076
8.515 1.1754425534 -0.47830700775
8.52 1.17304543205 -0.480545640965
8.525 1.17063705442 -0.482809508642
8.53 1.16821729332 -0.4850990193
8.535 1.16578601953 -0.487414589652
8.54 1.16334310176 -0.48975664476
8.545 1.16088840663 -0.492125618187
8.55 1.15842179861 -0.494521952151
8.555 1.15594313999 -0.496946097808
8.56 1.15345229028 -0.499398518454
8.565 1.15094910674 -0.501879686558
8.57 1.14843344442 -0.504390083534
8.575 1.14590515598 -0.506930200838
8.58 1.14336409159 -0.509500540174
8.585 1.14081009896 -0.512101613701
8.59 1.13824302315 -0.514733944669
8.595 1.13566270629 -0.517398069071
8.6 1.13306898804 -0.520094533302
8.605 1.13046170533 -0.522823895211
8.61 1.12784069231 -0.525586724483
8.615 1.12520578033 -0.528383602869
8.62 1.12255679784 -0.531215124424
8.625 1.11989357002 -0.534081897873
8.63 1.11721591874 -0.536984546707
8.635 1.11452366303 -0.539923706276
8.64 1.11181661877 -0.542900025795
8.645 1.1090945986 -0.545914168632
8.65 1.10635741187 -0.548966812597
8.655 1.10360486456 -0.552058650449
8.66 1.10083675856 -0.555190393816
8.665 1.09805289235 -0.558362769384
8.67 1.09525306095 -0.561576519185
8.675 1.09243705567 -0.564832401855
8.68 1.08960466405 -0.568131192978
8.685 1.08675566979 -0.571473685434
8.69 1.08388985248 -0.574860691104
8.695 1.08100698692 -0.578293044582
8.7 1.0781068442 -0.581771596961
8.705 1.07518919119 -0.585297218591
8.71 1.07225379045 -0.588870799789
8.715 1.06930040012 -0.592493251264
8.72 1.06632877384 -0.596165504536
8.725 1.06333865999 -0.599888516574
8.73 1.06032980183 -0.603663268828
8.735 1.05730193816 -0.607490763078
8.74 1.05425480282 -0.611372024718
8.745 1.05118812452 -0.615308103267
8.75 1.0481016268 -0.619300072883
8.755 1.04499502783 -0.623349033352
8.76 1.04186803938 -0.627456116483
8.765 1.03872036775 -0.631622480332
8.77 1.03555171355 -0.635849310095
8.775 1.03236177149 -0.640137819937
8.78 1.02915023018 -0.644489253671
8.785 1.02591677175 -0.64890488724
8.79 1.0226610717 -0.653386029506
8.795 1.01938279917 -0.657934020459
8.8 1.01608161663 -0.662550233259
8.805 1.0127571797 -0.667236074998
8.81 1.00940913687 -0.671992988646
8.815 1.00603712855 -0.676822458857
8.82 1.00264078809 -0.681726005403
8.825 0.99921974132 -0.686705186071
8.83 0.995773606285 -0.691761598099
8.835 0.992301993085 -0.696896879212
8.84 0.988804502847 -0.70211271406
8.845 0.985280728171 -0.707410831256
8.85 0.981730253287 -0.71279300227
8.855 0.978152653577 -0.718261044403
8.86 0.974547495381 -0.723816821884
8.865 0.970914335355 -0.729462249987
8.87 0.96725271965 -0.735199300252
8.875 0.963562185121 -0.741029992451
8.88 0.959842258543 -0.746956399553
8.885 0.956092456367 -0.752980649221
8.89 0.952312284376 -0.759104925941
8.895 0.948501236115 -0.765331481235
8.9 0.944658794173 -0.771662625071
8.905 0.940784429816 -0.778100728124
8.91 0.936877602479 -0.784648224961
8.915 0.932937759518 -0.791307615601
8.92 0.928964334829 -0.798081474514
8.925 0.924956748674 -0.804972451669
8.93 0.920914408757 -0.811983265141
8.935 0.916836709201 -0.819116707808
8.94 0.912723030243 -0.826375649223
8.945 0.908572737574 -0.833763039865
8.95 0.90438518056 -0.841281922993
8.955 0.9001596938 -0.848935423942
8.96 0.895895596255 -0.856726755785
8.965 0.89159219073 -0.864659222672
8.97 0.88724876282 -0.872736226695
8.975 0.882864580934 -0.880961267556
8.98 0.878438896096 -0.889337943767
8.985 0.873970941343 -0.897869956495
8.99 0.869459930659 -0.906561116656
8.995 0.864905057814 -0.915415352652
9.0 0.860305497443 -0.92443670271
9.005 0.855660403949 -0.933629322181
9.01 0.850968910812 -0.942997488031
9.015 0.84623012862 -0.952545611818
9.02 0.841443146114 -0.962278232606
9.025 0.83660702943 -0.972200021846
9.03 0.831720821342 -0.982315788297
9.035 0.826783539346 -0.992630490746
9.04 0.821794175414 -1.00314923944
9.045 0.816751696403 -1.01387729324
9.05 0.811655042834 -1.0248200676
9.055 0.806503127623 -1.03598314287
9.06 0.801294833866 -1.04737227881
9.065 0.79602901651 -1.05899340343
9.07 0.790704500848 -1.07085262291
9.075 0.785320081551 -1.08295622785
9.08 0.779874519644 -1.09531071265
9.085 0.774366543619 -1.10792276852
9.09 0.768794848796 -1.12079928752
9.095 0.763158096019 -1.13394737104
9.1 0.757454909226 -1.14737434505
9.105 0.751683873924 -1.16108776972
9.11 0.745843538691 -1.17509543045
9.115 0.739932413087 -1.189405351
9.12 0.733948965933 -1.20402580411
9.125 0.727891622184 -1.2189653303
9.13 0.721758764016 -1.23423273216
9.135 0.715548730122 -1.24983707905
9.14 0.709259813751 -1.26578771907
9.145 0.702890258743 -1.28209430119
9.15 0.696438259788 -1.29876677517
9.155 0.689901962125 -1.31581539426
9.16 0.683279459178 -1.33325072903
9.165 0.676568790925 -1.35108367704
9.17 0.669767941254 -1.36932547444
9.175 0.662874836932 -1.38798770513
9.18 0.655887345932 -1.40708231133
9.185 0.648803275278 -1.42662160502
9.19 0.641620369181 -1.44661827816
9.195 0.634336308933 -1.46708539558
9.2 0.626948709149 -1.48803642278
9.205 0.619455115685 -1.50948523717
9.21 0.611853003895 -1.53144613586
9.215 0.604139776539 -1.55393384503
9.22 0.596312762065 -1.57696351573
9.225 0.588369211909 -1.6005507504
9.23 0.580306298293 -1.62471161133
9.235 0.572121111976 -1.6494626291
9.24 0.563810659912 -1.67482080909
9.245 0.555371862905 -1.70080362051
9.25 0.546801553087 -1.72742903022
9.255 0.538096471428 -1.75471550609
9.26 0.529253265195 -1.78268202325
9.265 0.52026848547 -1.81134806699
9.27 0.511138585355 -1.84073359882
9.275 0.501859916223 -1.87085911395
9.28 0.492428725926 -1.90174561332
9.285 0.482841155957 -1.93341461005
9.29 0.473093238994 -1.965888123
9.295 0.463180896365 -1.99918867202
9.3 0.453099935567 -2.03333926843
9.305 0.442846047823 -2.06836340493
9.31 0.432414805731 -2.10428503921
9.315 0.42180166098 -2.14112857614
9.32 0.411001942138 -2.17891884598
9.325 0.400010852645 -2.2176810749
9.33 0.388823468878 -2.25744085406
9.335 0.377434738445 -2.29822410015
9.34 0.365839478821 -2.34005700619
9.345 0.354032375365 -2.38296601133
9.35 0.342007981082 -2.42697771811
9.355 0.329760715935 -2.47211882183
9.36 0.317284866052 -2.51841604571
9.365 0.30457458426 -2.56589605243
9.37 0.291623890216 -2.61458534316
9.375 0.278426671884 -2.66451014166
9.38 0.264976687061 -2.71569627196
9.385 0.251267565193 -2.76816902666
9.39 0.237292811815 -2.82195298788
9.395 0.223045810935 -2.87707187969
9.4 0.208519830755 -2.93354836004
9.405 0.193708029649 -2.99140380493
9.41 0.178603461818 -3.0506580953
9.415 0.163199087629 -3.11132932391
9.42 0.14748778101 -3.17343354458
9.425 0.131462341602 -3.23698444512
9.43 0.11511550801 -3.30199299865
9.435 0.0984399699931 -3.36846712459
9.44 0.0814283867998 -3.4364112623
9.445 0.0640734057805 -3.50582593186
9.45 0.0463676822944 -3.57670726882
9.455 0.0283039026027 -3.64904653553
9.46 0.0098748099855 -3.72282956577
9.465 -0.0089267662821 -3.79803616858
9.47 -0.028107879993 -3.87463954082
9.475 -0.047675433022 -3.95260559016
9.48 -0.0676361371559 -4.03189223254
9.485 -0.0879964721788 -4.11244869602
9.49 -0.108762640622 -4.19421472658
9.495 -0.129940518432 -4.27711979257
9.5 -0.151535601769 -4.36108231632
9.505 -0.173552949167 -4.44600877519
9.51 -0.195997119878 -4.53179286094
9.515 -0.218872108702 -4.61831469609
9.52 -0.242181274241 -4.70543987942
9.525 -0.265927265135 -4.79301869681
9.53 -0.290111943163 -4.88088540639
9.535 -0.314736297389 -4.9688573355
9.54 -0.339800359888 -5.05673427231
9.545 -0.365303118846 -5.14429796375
9.55 -0.391242423735 -5.23131153537
9.555 -0.417614892971 -5.31751916825
9.56 -0.444415816444 -5.40264587967
9.565 -0.471639062431 -5.48639761283
9.57 -0.499276982097 -5.56846148167
9.575 -0.527320314226 -5.64850621077
9.58 -0.555758099575 -5.726182963
9.585 -0.584577590462 -5.80112639548
9.59 -0.613764176194 -5.87295613175
9.595 -0.643301308953 -5.94127856423
9.6 -0.673170443801 -6.00568903132
9.605 -0.703350992325 -6.06577441292
9.61 -0.733820283207 -6.1211161819
9.615 -0.764553547753 -6.17129369548
9.62 -0.795523915672 -6.21588815989
9.625 -0.826702435705 -6.25448664269
9.63 -0.858058116774 -6.28668664889
9.635 -0.889557991234 -6.31210099499
9.64 -0.921167202949 -6.33036253734
9.645 -0.952849123492 -6.34112967188
9.65 -0.984565488286 -6.34409117774
9.655 -1.01627656431 -6.33897155711
9.66 -1.0479413411 -6.32553599983
9.665 -1.07951774497 -6.30359497654
9.67 -1.11096287804 -6.27300864557
9.675 -1.14223327372 -6.2336904575
9.68 -1.1732851744 -6.18561048167
9.685 -1.20407481823 -6.12879761431
9.69 -1.23455873834 -6.06334124035
9.695 -1.26469406939 -5.98939188438
9.7 -1.29443884766 -5.90716084015
9.705 -1.32375231974 -5.81691900684
9.71 -1.35259522717 -5.71899453546
9.715 -1.38093009131 -5.61376972681
9.72 -1.40872147205 -5.50167688468
9.725 -1.43593620382 -5.38319352036
9.73 -1.46254361339 -5.2588366663
9.735 -1.48851569535 -5.12915688351
9.74 -1.51382726986 -4.99473154963
9.745 -1.53845609544 -4.85615809382
9.75 -1.56238295373 -4.71404704127
9.755 -1.5855916973 -4.5690149033
9.76 -1.60806926191 -4.42167766296
9.765 -1.62980564796 -4.2726441569
9.77 -1.65079387027 -4.1225099199
9.775 -1.67102987607 -3.97185184769
9.78 -1.69051244003 -3.8212231573
9.785 -1.70924303464 -3.67114912161
9.79 -1.72722568128 -3.52212351316
9.795 -1.74446678559 -3.37460571676
9.8 -1.76097495923 -3.22901855732
9.805 -1.77676083364 -3.08574681855
9.81 -1.79183686723 -2.94513640127
9.815 -1.80621714892 -2.80749408474
9.82 -1.81991720523 -2.67308783979
9.825 -1.83295380769 -2.54214757405
9.83 -1.84534478288 -2.41486640522
9.835 -1.85710883602 -2.29140211077
9.84 -1.86826537543 -2.17187904204
9.845 -1.87883435224 -2.05639012437
9.85 -1.88883610839 -1.94499904912
9.855 -1.8982912355 -1.83774263741
9.86 -1.90722044752 -1.73463311022
9.865 -1.91564446261 -1.63566053869
9.87 -1.92358389898 -1.54079513154
9.875 -1.93105918083 -1.44998952778
9.88 -1.93809045648 -1.36318101477
9.885 -1.94469752634 -1.28029357918
9.89 -1.95089978196 -1.20123992147
9.895 -1.95671615389 -1.12592326985
9.9 -1.96216506862 -1.05423910004
9.905 -1.9672644143 -0.986076701703
9.91 -1.97203151253 -0.921320600048
9.915 -1.97648309853 -0.859851852139
9.92 -1.98063530667 -0.801549197458
9.925 -1.98450366193 -0.746290088933
9.93 -1.98810307425 -0.693951594386
9.935 -1.99144784033 -0.644411189122
9.94 -1.99455164625 -0.597547442489
9.945 -1.99742757531 -0.553240599516
9.95 -2.00008811693 -0.511373079451
9.955 -2.00254517915 -0.471829886081
9.96 -2.00481010212 -0.434498947194
9.965 -2.00689367355 -0.399271386486
9.97 -2.00880614519 -0.366041733051
9.975 -2.01055725028 -0.334708084137
9.98 -2.01215622178 -0.305172211526
9.985 -2.01361181073 -0.277339640235
9.99 -2.0149323054 -0.251119675934
9.995 -2.01612554992 -0.226425420017
