0.0 -1.0 -2.0
0.005 -1.0099870979 -1.99477486464
0.01 -1.01994699427 -1.98909912871
0.015 -1.02987736158 -1.98297252976
0.02 -1.0397759689 -1.97639528565
0.025 -1.04964056458 -1.9693680248
0.03 -1.05946890152 -1.96189184465
0.035 -1.06925873812 -1.95396828718
0.04 -1.07900784273 -1.94559934181
0.045 -1.08871399413 -1.93678747941
0.05 -1.09837498484 -1.92753557932
0.055 -1.10798862303 -1.91784698881
0.06 -1.11755273409 -1.90772550519
0.065 -1.12706516447 -1.897175371
0.07 -1.13652378405 -1.8862012675
0.075 -1.1459264873 -1.87480831277
0.08 -1.15527118788 -1.86300207204
0.085 -1.16455583549 -1.85078851495
0.09 -1.17377841348 -1.83817402186
0.095 -1.18293692791 -1.8251654123
0.1 -1.19202942661 -1.81176987422
0.105 -1.20105399654 -1.7979949747
0.11 -1.21000875954 -1.78384866991
0.115 -1.21889188121 -1.76933925349
0.12 -1.2277015646 -1.75447539858
0.125 -1.23643606197 -1.73926607169
0.13 -1.24509366807 -1.72372058293
0.135 -1.25367272586 -1.70784853018
0.14 -1.26217162823 -1.69165978475
0.145 -1.27058881496 -1.67516451598
0.15 -1.27892278178 -1.65837308736
0.155 -1.28717207222 -1.64129615311
0.16 -1.2953352861 -1.6239445387
0.165 -1.30341107786 -1.60632926702
0.17 -1.31139815736 -1.58846154307
0.175 -1.31929528947 -1.57035272486
0.18 -1.32710129852 -1.55201428649
0.185 -1.334815067 -1.53345781243
0.19 -1.34243553213 -1.51469501106
0.195 -1.34996169207 -1.49573765025
0.2 -1.35739260355 -1.47659755322
0.205 -1.36472738215 -1.45728657972
0.21 -1.37196520368 -1.43781660482
0.215 -1.37910530252 -1.41819950239
0.22 -1.38614697256 -1.39844712481
0.225 -1.39308956744 -1.37857128416
0.23 -1.39993249879 -1.35858373862
0.235 -1.40667523744 -1.33849617
0.24 -1.41331731242 -1.31832016981
0.245 -1.4198583094 -1.29806722777
0.25 -1.42629787254 -1.27774870402
0.255 -1.43263570344 -1.25737581552
0.26 -1.43887155735 -1.23695964044
0.265 -1.44500524429 -1.21651109217
0.27 -1.45103662988 -1.19604089503
0.275 -1.45696563327 -1.17555957998
0.28 -1.4627922235 -1.15507749637
0.285 -1.46851642208 -1.13460476851
0.29 -1.47413830146 -1.11415128868
0.295 -1.47965798226 -1.09372672604
0.3 -1.4850756318 -1.07334052198
0.305 -1.4903914652 -1.05300185332
0.31 -1.49560574336 -1.03271963459
0.315 -1.50071876996 -1.01250253723
0.32 -1.50573089142 -0.992358964582
0.325 -1.51064249577 -0.972297042536
0.33 -1.5154540109 -0.952324626978
0.335 -1.52016590345 -0.932449291693
0.34 -1.52477867744 -0.912678323173
0.345 -1.52929287223 -0.893018735902
0.35 -1.53370906158 -0.873477257064
0.355 -1.53802785233 -0.854060322842
0.36 -1.54224988266 -0.83477409288
0.365 -1.54637582089 -0.81562443949
0.37 -1.550406364 -0.796616946328
0.375 -1.5543422362 -0.777756923153
0.38 -1.55818418749 -0.759049397367
0.385 -1.56193299233 -0.740499114761
0.39 -1.56558944828 -0.722110553028
0.395 -1.56915437458 -0.703887918012
0.4 -1.57262861072 -0.685835143808
0.405 -1.5760130154 -0.667955907417
0.41 -1.57930846498 -0.650253625929
0.415 -1.58251585215 -0.632731460935
0.42 -1.5856360848 -0.615392325298
0.425 -1.58867008496 -0.598238889544
0.43 -1.59161878733 -0.581273589028
0.435 -1.59448313815 -0.564498630934
0.44 -1.59726409417 -0.547915987904
0.445 -1.59996262146 -0.531527413855
0.45 -1.60257969431 -0.515334452554
0.455 -1.60511629421 -0.4993384402
0.46 -1.60757340885 -0.483540508172
0.465 -1.60995203103 -0.467941595832
0.47 -1.61225315779 -0.452542455305
0.475 -1.6144777895 -0.437343655532
0.48 -1.61662692893 -0.42234559063
0.485 -1.61870158038 -0.407548487261
0.49 -1.62070274887 -0.392952410218
0.495 -1.62263143937 -0.378557267449
0.5 -1.62448865602 -0.364362818976
0.505 -1.62627540135 -0.350368682828
0.51 -1.62799267583 -0.336574339682
0.515 -1.6296414767 -0.322979140415
0.52 -1.63122279784 -0.309582312609
0.525 -1.63273762895 -0.296382965804
0.53 -1.63418695498 -0.283380096028
0.535 -1.6355717556 -0.27057259506
0.54 -1.63689300469 -0.257959255544
0.545 -1.63815166975 -0.245538777048
0.55 -1.63934871187 -0.233309765304
0.555 -1.64048508503 -0.221270740635
0.56 -1.6415617352 -0.209420148901
0.565 -1.64257960005 -0.197756364361
0.57 -1.64353960864 -0.186277694328
0.575 -1.64444268279 -0.174982373771
0.58 -1.64528973504 -0.163868580373
0.585 -1.64608166827 -0.152934439086
0.59 -1.64681937586 -0.142178024443
0.595 -1.64750374189 -0.131597362116
0.6 -1.64813564001 -0.121190438176
0.605 -1.64871593337 -0.110955202418
0.61 -1.64924547515 -0.100889567371
0.615 -1.64972510854 -0.0909914111163
0.62 -1.65015566546 -0.0812585880955
0.625 -1.65053796685 -0.0716889299628
0.63 -1.6508728233 -0.0622802429485
0.635 -1.6511610343 -0.0530303156164
0.64 -1.65140338795 -0.0439369239627
0.645 -1.65160066108 -0.0349978323527
0.65 -1.6517536199 -0.0262107902694
0.655 -1.65186301906 -0.0175735425121
0.66 -1.65192960171 -0.0090838309245
0.665 -1.65195409976 -0.000739393941936
0.67 -1.65193723419 0.00746203398906
0.675 -1.65187971438 0.0155227141351
0.68 -1.65178223822 0.0234449024142
0.685 -1.65164549259 0.0312308522524
0.69 -1.65147015323 0.0388828110646
0.695 -1.65125688445 0.0464030152839
0.7 -1.65100633934 0.0537936905485
0.705 -1.65071915987 0.0610570505883
0.71 -1.65039597706 0.0681952977753
0.715 -1.65003741099 0.0752106204138
0.72 -1.64964407097 0.0821051924731
0.725 -1.64921655571 0.088881173372
0.73 -1.6487554529 0.0955407027741
0.735 -1.64826133909 0.102085897667
0.74 -1.64773478069 0.108518859537
0.745 -1.64717633373 0.114841670428
0.75 -1.64658654394 0.121056392255
0.755 -1.64596594655 0.127165063077
0.76 -1.64531506668 0.133169699408
0.765 -1.64463441952 0.139072295924
0.77 -1.64392451038 0.144874824515
0.775 -1.64318583476 0.150579233458
0.78 -1.64241887835 0.156187446201
0.785 -1.64162411737 0.161701362623
0.79 -1.64080201862 0.167122858277
0.795 -1.63995303964 0.172453784177
0.8 -1.63907762866 0.177695965672
0.805 -1.63817622486 0.182851202861
0.81 -1.63724925853 0.18792127091
0.815 -1.63629715113 0.192907919733
0.82 -1.63532031546 0.197812873806
0.825 -1.6343191557 0.202637831397
0.83 -1.63329406763 0.207384465607
0.835 -1.63224543876 0.212054424186
0.84 -1.63117364842 0.216649329591
0.845 -1.63007906786 0.221170778384
0.85 -1.62896206037 0.225620341494
0.855 -1.62782298151 0.229999565164
0.86 -1.62666217919 0.23430997074
0.865 -1.62547999378 0.238553054919
0.87 -1.62427675827 0.242730289732
0.875 -1.6230527982 0.246843121016
0.88 -1.621808432 0.250892970894
0.885 -1.62054397107 0.25488123761
0.89 -1.61925971989 0.258809295584
0.895 -1.61795597615 0.262678495713
0.9 -1.61663303081 0.266490164883
0.905 -1.61529116821 0.270245606181
0.91 -1.61393066628 0.273946100315
0.915 -1.61255179662 0.277592905375
0.92 -1.61115482457 0.281187257168
0.925 -1.60974000941 0.28473036943
0.93 -1.6083076043 0.288223433097
0.935 -1.60685785653 0.291667617875
0.94 -1.60539100763 0.295064072394
0.945 -1.60390729343 0.298413924394
0.95 -1.60240694418 0.301718281075
0.955 -1.60089018463 0.30497822898
0.96 -1.59935723414 0.308194834163
0.965 -1.59780830678 0.311369143326
0.97 -1.59624361147 0.314502183783
0.975 -1.59466335203 0.317594963802
0.98 -1.59306772728 0.320648472899
0.985 -1.59145693114 0.323663681594
0.99 -1.58983115272 0.326641542376
0.995 -1.58819057641 0.329582989987
1.0 -1.58653538197 0.332488941657
1.005 -1.58486574464 0.335360297439
1.01 -1.58318183521 0.338197940312
1.015 -1.58148382 0.341002736394
1.02 -1.57977186116 0.343775535651
1.025 -1.57804611658 0.346517172086
1.03 -1.57630674002 0.349228464025
1.035 -1.57455388118 0.351910214386
1.04 -1.5727876858 0.354563210423
1.045 -1.57100829569 0.357188224815
1.05 -1.56921584885 0.359786015911
1.055 -1.56741047953 0.3623573279
1.06 -1.5655923183 0.364902891134
1.065 -1.56376149212 0.367423422438
1.07 -1.56191812441 0.369919625425
1.075 -1.56006233514 0.37239219069
1.08 -1.55819424061 0.374841794065
1.085 -1.55631395386 0.377269099452
1.09 -1.55442158473 0.379674759113
1.095 -1.55251723988 0.382059413383
1.1 -1.55060102283 0.384423690972
1.105 -1.54867303406 0.386768209256
1.11 -1.54673337106 0.389093574571
1.115 -1.54478212839 0.391400382408
1.12 -1.54281939686 0.393689215133
1.125 -1.54084526461 0.395960645144
1.13 -1.53885981722 0.398215235486
1.135 -1.53686313756 0.400453539276
1.14 -1.53485530579 0.402676099975
1.145 -1.53283639947 0.404883451655
1.15 -1.53080649363 0.407076119271
1.155 -1.52876566074 0.40925461886
1.16 -1.52671396986 0.411419455083
1.165 -1.52465148764 0.413571124202
1.17 -1.52257827868 0.415710115124
1.175 -1.5204944052 0.41783690859
1.18 -1.51839992711 0.419951977414
1.185 -1.51629490201 0.422055786726
1.19 -1.51417938532 0.424148794213
1.195 -1.51205343024 0.426231450329
1.2 -1.50991708702 0.428304195895
1.205 -1.5077704037 0.430367464603
1.21 -1.50561342657 0.432421684507
1.215 -1.50344619986 0.434467277028
1.22 -1.50126876575 0.436504657161
1.225 -1.4990811644 0.438534233695
1.23 -1.49688343405 0.440556409423
1.235 -1.49467561064 0.442571580166
1.24 -1.49245772882 0.444580138043
1.245 -1.49022981964 0.446582463926
1.25 -1.48799191333 0.448578936791
1.255 -1.48574403829 0.45056993025
1.26 -1.48348622107 0.452555812757
1.265 -1.48121848644 0.45453694781
1.27 -1.47894085741 0.456513694147
1.275 -1.47665335532 0.458486405942
1.28 -1.47435599927 0.460455431219
1.285 -1.4720488065 0.462421112901
1.29 -1.46973179286 0.464383790769
1.295 -1.46740497258 0.466343800405
1.3 -1.46506835817 0.468301473324
1.305 -1.46272196055 0.470257137107
1.31 -1.46036578899 0.472211115526
1.315 -1.45799985119 0.474163728658
1.32 -1.45562415323 0.476115293008
1.325 -1.45323869961 0.478066121603
1.33 -1.45084349329 0.480016524093
1.335 -1.44843853566 0.48196680687
1.34 -1.44602382654 0.483917273149
1.345 -1.44359936424 0.485868223058
1.35 -1.44116514552 0.487819953714
1.355 -1.4387211656 0.489772759306
1.36 -1.43626741816 0.49172693116
1.365 -1.43380389537 0.493682757809
1.37 -1.43133058809 0.495640525947
1.375 -1.42884748653 0.497600522514
1.38 -1.4263545789 0.49956303035
1.385 -1.42385185195 0.50152832998
1.39 -1.42133929101 0.503496699896
1.395 -1.41881688003 0.505468416655
1.4 -1.41628460153 0.507443754958
1.405 -1.41374243666 0.509422987737
1.41 -1.41119036518 0.511406386234
1.415 -1.40862836551 0.513394220265
1.42 -1.406056415 0.515386759365
1.425 -1.4034744895 0.517384271163
1.43 -1.4008825635 0.519387021895
1.435 -1.39828061012 0.521395276673
1.44 -1.39566860119 0.523409299568
1.445 -1.3930465072 0.525429353692
1.45 -1.39041429732 0.527455701287
1.455 -1.38777193939 0.529488603799
1.46 -1.38511939996 0.531528321996
1.465 -1.38245664434 0.533575116593
1.47 -1.37978363656 0.535629247657
1.475 -1.37710033926 0.5376909747
1.48 -1.37440671382 0.539760556909
1.485 -1.37170272031 0.541838253234
1.49 -1.36898831751 0.543924322461
1.495 -1.36626346288 0.546019023293
1.5 -1.36352811261 0.548122614426
1.505 -1.36078222156 0.550235354627
1.51 -1.35802574338 0.552357503236
1.515 -1.35525863039 0.554489319885
1.52 -1.35248083361 0.556631064366
1.525 -1.34969230276 0.558782996907
1.53 -1.34689298623 0.560945378251
1.535 -1.34408283113 0.563118469732
1.54 -1.34126178326 0.565302533354
1.545 -1.33842978709 0.567497831863
1.55 -1.33558678578 0.569704628821
1.555 -1.33273272118 0.571923188919
1.56 -1.32986753383 0.574153778022
1.565 -1.32699116291 0.576396662868
1.57 -1.32410354628 0.578652111364
1.575 -1.32120462044 0.580920392659
1.58 -1.31829432056 0.583201777226
1.585 -1.31537258043 0.585496536931
1.59 -1.3124393325 0.587804945114
1.595 -1.30949450781 0.590127276661
1.6 -1.30653803607 0.592463808275
1.605 -1.30356984559 0.594814818754
1.61 -1.30058986329 0.597180588392
1.615 -1.29759801466 0.59956139937
1.62 -1.29459422378 0.601957535844
1.625 -1.29157841332 0.604369284028
1.63 -1.2885505045 0.60679693227
1.635 -1.28551041707 0.609240771129
1.64 -1.28245806937 0.611701093452
1.645 -1.27939337821 0.614178194451
1.65 -1.27631625896 0.616672371854
1.655 -1.2732266255 0.619183926708
1.66 -1.27012439017 0.621713162412
1.665 -1.26700946382 0.624260384952
1.67 -1.26388175573 0.626825903161
1.675 -1.26074117365 0.629410028799
1.68 -1.25758762377 0.632013076647
1.685 -1.25442101068 0.634635364583
1.69 -1.25124123738 0.637277213672
1.695 -1.24804820528 0.639938948255
1.7 -1.24484181413 0.642620896026
1.705 -1.24162196202 0.645323388576
1.71 -1.23838854538 0.648046761291
1.715 -1.23514145895 0.650791352887
1.72 -1.23188059579 0.653557505864
1.725 -1.22860584723 0.656345566601
1.73 -1.22531710285 0.659155885447
1.735 -1.2220142505 0.661988816822
1.74 -1.21869717621 0.664844719308
1.745 -1.21536576424 0.667723955751
1.75 -1.21201989701 0.670626893352
1.755 -1.20865945511 0.673553903945
1.76 -1.20528431717 0.676505364623
1.765 -1.20189435998 0.679481656761
1.77 -1.19848945842 0.682483166503
1.775 -1.19506948543 0.685510284936
1.78 -1.19163431197 0.688563408203
1.785 -1.18818380704 0.691642937611
1.79 -1.1847178376 0.694749279741
1.795 -1.18123626857 0.697882846561
1.8 -1.17773896282 0.701044055539
1.805 -1.17422578111 0.704233329776
1.81 -1.17069658197 0.707451098809
1.815 -1.1671512218 0.71069779797
1.82 -1.16358955486 0.713973868378
1.825 -1.16001143317 0.717279757322
1.83 -1.15641670651 0.720615918386
1.835 -1.15280522239 0.723982811581
1.84 -1.14917682598 0.727380903473
1.845 -1.14553136015 0.730810667311
1.85 -1.14186866535 0.734272583165
1.855 -1.13818857967 0.737767138054
1.86 -1.13449093865 0.741294826456
1.865 -1.13077557526 0.744856150653
1.87 -1.12704232006 0.748451619855
1.875 -1.12329100103 0.752081750852
1.88 -1.11952144354 0.755747068179
1.885 -1.11573347036 0.759448104264
1.89 -1.11192690156 0.763185399586
1.895 -1.10810155449 0.766959502823
1.9 -1.10425724376 0.770770971017
1.905 -1.10039378118 0.774620369724
1.91 -1.09651097572 0.778508273198
1.915 -1.09260863323 0.782435265704
1.92 -1.08868655676 0.786401939826
1.925 -1.0847445464 0.790408897413
1.93 -1.08078239922 0.794456749754
1.935 -1.0767999092 0.798546117756
1.94 -1.07279686719 0.802677632125
1.945 -1.06877306091 0.80685193355
1.95 -1.06472827482 0.811069672889
1.955 -1.06066229014 0.815331511357
1.96 -1.05657488477 0.819638120716
1.965 -1.05246583304 0.82399018419
1.97 -1.04833490581 0.828388396159
1.975 -1.04418187057 0.83283346175
1.98 -1.04000649127 0.837326097522
1.985 -1.03580852823 0.841867031678
1.99 -1.03158773815 0.846457004279
1.995 -1.02734387395 0.851096767465
2.0 -1.02307668483 0.855787085673
2.005 -1.01878591611 0.860528735864
2.01 -1.01447130922 0.865322507752
2.015 -1.01013260162 0.870169204034
2.02 -1.00576952675 0.875069640623
2.025 -1.00138181391 0.880024646999
2.03 -0.996969187938 0.88503506707
2.035 -0.992531369568 0.890101758359
2.04 -0.988068075279 0.895225592542
2.045 -0.983579017147 0.900407455826
2.05 -0.979063902781 0.905648249214
2.055 -0.974522435244 0.910948888778
2.06 -0.969954312977 0.916310305933
2.065 -0.965359229723 0.921733447718
2.07 -0.960736874447 0.92721927708
2.075 -0.956086931251 0.932768773162
2.08 -0.951409079298 0.938382931601
2.085 -0.946702992724 0.944062764824
2.09 -0.94196834062 0.949809301387
2.095 -0.937204786947 0.955623586272
2.1 -0.932411990315 0.961506683104
2.105 -0.927589603968 0.967459673368
2.11 -0.922737275693 0.973483656706
2.115 -0.917854647732 0.979579751219
2.12 -0.912941356685 0.985749093786
2.125 -0.907997033416 0.991992840374
2.13 -0.903021302955 0.998312166366
2.135 -0.898013784403 1.00470826688
2.14 -0.892974090826 1.01118235709
2.145 -0.887901829157 1.01773567259
2.15 -0.8827966001 1.02436946955
2.155 -0.877657998145 1.0310850231
2.16 -0.872485611309 1.03788363016
2.165 -0.867279021037 1.04476660963
2.17 -0.86203780213 1.05173530216
2.175 -0.856761522631 1.05879107046
2.18 -0.851449743714 1.0659352996
2.185 -0.846102019577 1.07316939735
2.19 -0.840717897319 1.08049479448
2.195 -0.835296916831 1.08791294505
2.2 -0.829838610678 1.09542532674
2.205 -0.824342503968 1.10303344065
2.21 -0.818808114243 1.11073881208
2.215 -0.813234951355 1.11854299097
2.22 -0.80762251734 1.12644755207
2.225 -0.801970306293 1.13445409516
2.23 -0.796277804238 1.1425642454
2.235 -0.790544489001 1.15077965358
2.24 -0.784769830075 1.15910199645
2.245 -0.778953288492 1.16753297701
2.25 -0.773094316682 1.17607432477
2.255 -0.767192358465 1.18472779403
2.26 -0.7612468489 1.19349516424
2.265 -0.755257213978 1.20237824317
2.27 -0.749222870582 1.21137886545
2.275 -0.743143226354 1.22049889267
2.28 -0.737017679554 1.22974021354
2.285 -0.730845618927 1.23910474396
2.29 -0.724626423562 1.24859442714
2.295 -0.718359462768 1.2582112337
2.3 -0.71204409601 1.26795716163
2.305 -0.705679672647 1.27783423646
2.31 -0.699265531826 1.28784451117
2.315 -0.692801002356 1.29799006625
2.32 -0.686285402562 1.30827300964
2.325 -0.679718040146 1.31869547672
2.33 -0.673098212043 1.32925963021
2.335 -0.666425204285 1.33996766004
2.34 -0.659698292096 1.3508217789
2.345 -0.652916739558 1.36182422558
2.35 -0.646079799382 1.37297726627
2.355 -0.639186712868 1.38428319258
2.36 -0.632236709776 1.39574432103
2.365 -0.625229008185 1.40736299265
2.37 -0.618162814374 1.41914157241
2.375 -0.611037322681 1.43108244869
2.38 -0.603851715588 1.44318803085
2.385 -0.596605163857 1.45546074623
2.39 -0.589296825738 1.46790304525
2.395 -0.581925847149 1.48051739789
2.4 -0.574491361595 1.4933062926
2.405 -0.566992490065 1.50627223513
2.41 -0.559428340939 1.51941774739
2.415 -0.551798009895 1.53274536617
2.42 -0.544100579865 1.5462576413
2.425 -0.536335121416 1.55995712838
2.43 -0.528500692183 1.57384639338
2.435 -0.520596336855 1.58792801029
2.44 -0.512621087229 1.60220455786
2.445 -0.504573962185 1.61667861735
2.45 -0.496453967668 1.63135277006
2.455 -0.488260096717 1.64622959467
2.46 -0.479991329691 1.66131166384
2.465 -0.471646634003 1.67660154213
2.47 -0.463224964219 1.6921017827
2.475 -0.454725262138 1.70781492395
2.48 -0.446146456861 1.72374348605
2.485 -0.437487464868 1.73988996722
2.49 -0.428747190249 1.75625683831
2.495 -0.419924525333 1.7728465326
2.5 -0.411018350055 1.78966145045
2.505 -0.40202753237 1.80670395162
2.51 -0.392950928498 1.82397634946
2.515 -0.383787383151 1.84148090546
2.52 -0.374535729778 1.85921982342
2.525 -0.365194791083 1.87719524182
2.53 -0.355763379845 1.89540922401
2.535 -0.346240298303 1.91386375756
2.54 -0.336624338906 1.93256074456
2.545 -0.326914284771 1.95150199373
2.55 -0.317108910145 1.97068921236
2.555 -0.307206980896 1.99012399781
2.56 -0.297207255433 2.00980782572
2.565 -0.287108485651 2.02974203792
2.57 -0.276909416598 2.04992783973
2.575 -0.266608787599 2.07036628623
2.58 -0.256205333016 2.09105827109
2.585 -0.245697783045 2.11200451505
2.59 -0.235084864558 2.13320555379
2.595 -0.224365302743 2.15466172222
2.6 -0.213537822212 2.17637314053
2.605 -0.202601146911 2.1983397053
2.61 -0.19155400184 2.22056107227
2.615 -0.18039511427 2.24303664111
2.62 -0.169123215014 2.26576553953
2.625 -0.157737039777 2.28874660669
2.63 -0.146235331502 2.31197837541
2.635 -0.13461684156 2.3354590544
2.64 -0.122880330616 2.35918651015
2.645 -0.111024570841 2.38315824722
2.65 -0.0990483477293 2.40737138812
2.655 -0.0869504620186 2.43182265243
2.66 -0.0747297317178 2.45650833531
2.665 -0.0623849952493 2.48142429291
2.67 -0.0499151129721 2.50656591396
2.675 -0.0373189691497 2.53192809309
2.68 -0.0245954748113 2.55750520935
2.685 -0.011743570366 2.5832911012
2.69 0.00123777166303 2.60927904066
2.695 0.0143495437609 2.63546170762
2.7 0.0275927000043 2.66183118186
2.705 0.0409681532307 2.68837890218
2.71 0.0544767718072 2.71509563678
2.715 0.0681193760911 2.7419714606
2.72 0.0818967348369 2.76899572792
2.725 0.0958095620323 2.79615704726
2.73 0.109858513238 2.82344325432
2.735 0.124044180828 2.85084138042
2.74 0.138367090287 2.87833762599
2.745 0.152827695974 2.90591733209
2.75 0.167426376794 2.93356495841
2.755 0.182163431836 2.96126408152
2.76 0.197039075555 2.9889973427
2.765 0.212053433021 3.01674643266
2.77 0.227206535049 3.04449207125
2.775 0.242498314291 3.07221397827
2.78 0.257928599529 3.09989085833
2.785 0.273497110306 3.12750038333
2.79 0.289203451935 3.15501917259
2.795 0.305047110262 3.18242279204
2.8 0.32102744633 3.2096857537
2.805 0.337143690763 3.2367814824
2.81 0.353394938252 3.26368232091
2.815 0.369780142277 3.29035952938
2.82 0.386298111336 3.31678329437
2.825 0.402947501619 3.34292272706
2.83 0.419726811974 3.36874587465
2.835 0.436634378676 3.39421973521
2.84 0.453668370954 3.41931028886
2.845 0.47082678543 3.44398251721
2.85 0.488107440742 3.46820042966
2.855 0.505507972792 3.49192710272
2.86 0.523025830872 3.5151247252
2.865 0.54065827435 3.53775465076
2.87 0.558402366488 3.5597774478
2.875 0.576254971302 3.58115296472
2.88 0.59421275016 3.60184039955
2.885 0.612272160032 3.62179837241
2.89 0.630429449314 3.64098501486
2.895 0.648680655659 3.65935806187
2.9 0.667021604213 3.67687495179
2.905 0.685447907469 3.69349291683
2.91 0.703954964125 3.70916910279
2.915 0.7225379582 3.72386070095
2.92 0.741191859852 3.73752507313
2.925 0.759911426694 3.75011987395
2.93 0.778691206061 3.7616031641
2.935 0.797525536819 3.77193360262
2.94 0.816408552902 3.78107058694
2.945 0.835334187367 3.78897440818
2.95 0.854296176933 3.79560635516
2.955 0.873288067942 3.80092892893
2.96 0.892303222902 3.80490601401
2.965 0.91133482746 3.80750302289
2.97 0.930375897724 3.80868702017
2.975 0.949419290332 3.80842696762
2.98 0.96845771187 3.80669388142
2.985 0.987483729097 3.80346093039
2.99 1.00648978024 3.79870358681
2.995 1.02546818731 3.79239982813
3.0 1.04441116859 3.78453026956
3.005 1.06331085234 3.77507831316
3.01 1.08215929126 3.76403028824
3.015 1.10094847663 3.75137550291
3.02 1.11967035453 3.73710640169
3.025 1.13831684192 3.72121867513
3.03 1.15687984106 3.70371129918
3.035 1.17535125825 3.68458664381
3.04 1.19372302074 3.66385052554
3.045 1.21198709205 3.6415122031
3.05 1.23013549199 3.6175844494
3.055 1.24816031334 3.59208354429
3.06 1.26605373713 3.56502923615
3.065 1.28380805356 3.53644475087
3.07 1.30141567741 3.50635672953
3.075 1.31886916343 3.47479515314
3.08 1.33616122655 3.44179328226
3.085 1.35328475517 3.40738755023
3.09 1.37023282651 3.37161744737
3.095 1.38699872461 3.33452539243
3.1 1.40357595133 3.29615659567
3.105 1.41995824083 3.2565588953
3.11 1.43613957439 3.21578257616
3.115 1.45211418887 3.17388021463
3.12 1.46787658953 3.13090646565
3.125 1.48342156091 3.08691784943
3.13 1.49874417291 3.04197258716
3.135 1.5138397908 2.99613034497
3.14 1.52870408211 2.94945201131
3.145 1.54333302029 2.9019995288
3.15 1.55772289112 2.85383561006
3.155 1.57187029578 2.80502352614
3.16 1.58577215218 2.75562693664
3.165 1.59942569719 2.70570959937
3.17 1.61282848645 2.655335185
3.175 1.62597839327 2.60456710585
3.18 1.63887360664 2.55346824515
3.185 1.65151262851 2.50210080539
3.19 1.66389427 2.45052613797
3.195 1.67601764576 2.39880451601
3.2 1.68788216938 2.3469950146
3.205 1.69948754666 2.29515535216
3.21 1.71083376733 2.2433417184
3.215 1.72192109902 2.191608682
3.22 1.73275007777 2.140009059
3.225 1.74332149804 2.08859379547
3.23 1.7536364056 2.03741189968
3.235 1.7636960857 1.98651034952
3.24 1.77350205232 1.93593402363
3.245 1.78305604014 1.88572565595
3.25 1.79235999115 1.83592578899
3.255 1.80141604402 1.78657274293
3.26 1.81022652557 1.73770259138
3.265 1.81879393544 1.68934916343
3.27 1.82712093481 1.64154404696
3.275 1.83521034055 1.59431657341
3.28 1.84306511091 1.54769385505
3.285 1.85068833185 1.50170082926
3.29 1.85808320818 1.45636027928
3.295 1.86525305605 1.41169284337
3.3 1.87220128882 1.36771710385
3.305 1.87893140759 1.32444962729
3.31 1.88544699096 1.28190502367
3.315 1.89175168507 1.24009602247
3.32 1.89784919585 1.19903351184
3.325 1.90374327969 1.15872661476
3.33 1.9094377339 1.11918277832
3.335 1.91493638908 1.08040782313
3.34 1.92024310101 1.04240603261
3.345 1.92536174295 1.00518023271
3.35 1.93029619913 0.968731845734
3.355 1.93505035743 0.933060987772
3.36 1.93962810311 0.898166540394
3.365 1.94403331302 0.864046210438
3.37 1.94826984977 0.830696623928
3.375 1.95234155649 0.798113389314
3.38 1.95625225195 0.766291162505
3.385 1.96000572604 0.735223730369
3.39 1.96360573546 0.704904067399
3.395 1.96705599991 0.675324402449
3.4 1.97036019861 0.646476288858
3.405 1.97352196683 0.618350656874
3.41 1.97654489308 0.590937876563
3.415 1.97943251664 0.564227816018
3.42 1.98218832467 0.538209889725
3.425 1.98481575058 0.512873113977
3.43 1.98731817199 0.488206155155
3.435 1.98969890877 0.464197373547
3.44 1.99196122225 0.44083487028
3.445 1.99410831395 0.418106528025
3.45 1.99614332369 0.396000047737
3.455 1.99806932964 0.374502986774
3.46 1.99988934787 0.353602792774
3.465 2.00160633102 0.333286837103
3.47 2.00322316843 0.313542443564
3.475 2.0047426864 0.294356914863
3.48 2.00616764759 0.275717560605
3.485 2.0075007509 0.25761172161
3.49 2.00874463252 0.24002678813
3.495 2.00990186578 0.222950221993
3.5 2.01097496106 0.206369578729
3.505 2.01196636713 0.190272518191
3.51 2.01287847156 0.174646821172
3.515 2.01371360065 0.159480408661
3.52 2.01447402092 0.144761348202
3.525 2.01516193982 0.130477864739
3.53 2.01577950604 0.116618356104
3.535 2.01632881073 0.103171397851
3.54 2.01681188861 0.090125748808
3.545 2.01723071833 0.0774703640993
3.55 2.01758722365 0.0651943987099
3.555 2.01788327504 0.053287205464
3.56 2.01812069053 0.0417383403876
3.565 2.01830123688 0.0305375641928
3.57 2.01842662975 0.0196748561578
3.575 2.01849853458 0.00914041700922
3.58 2.01851856811 -0.00107533512687
3.585 2.01848829885 -0.0109817576004
3.59 2.01840925031 -0.0205880054232
3.595 2.01828290165 -0.029903027464
3.6 2.01811068889 -0.0389355684752
3.605 2.0178940029 -0.0476941381411
3.61 2.01763419164 -0.056187024818
3.615 2.0173325624 -0.0644223099051
3.62 2.0169903839 -0.0724078806003
3.625 2.01660888625 -0.0801514210723
3.63 2.01618926058 -0.0876604008775
3.635 2.01573266122 -0.0949420901391
3.64 2.01524020679 -0.102003563268
3.645 2.01471298116 -0.108851701639
3.65 2.01415203417 -0.115493195382
3.655 2.01355838272 -0.121934546826
3.66 2.01293301169 -0.128182074797
3.665 2.01227687477 -0.134241917498
3.67 2.0115908954 -0.140120036248
3.675 2.01087596764 -0.145822219456
3.68 2.01013295705 -0.151354086253
3.685 2.00936270153 -0.156721090347
3.69 2.00856601204 -0.161928522886
3.695 2.00774367354 -0.166981517457
3.7 2.00689644572 -0.171885054105
3.705 2.00602506379 -0.176643963276
3.71 2.00513023919 -0.181262929193
3.715 2.00421266017 -0.185746489008
3.72 2.00327299266 -0.190099042438
3.725 2.002311881 -0.194324854653
3.73 2.00132994849 -0.198428059661
3.735 2.00032779814 -0.202412663041
3.74 1.9993060132 -0.206282541531
3.745 1.99826515785 -0.210041452461
3.75 1.99720577777 -0.213693035685
3.755 1.9961284007 -0.217240816822
3.76 1.99503353706 -0.220688209692
3.765 1.99392168054 -0.224038517709
3.77 1.99279330852 -0.227294940539
3.775 1.99164888264 -0.230460576082
3.78 1.99048884925 -0.233538423517
3.785 1.98931363999 -0.236531385514
3.79 1.9881236723 -0.239442270499
3.795 1.98691934973 -0.242273797283
3.8 1.98570106243 -0.245028597105
3.805 1.98446918758 -0.247709216354
3.81 1.9832240899 -0.250318118773
3.815 1.98196612205 -0.252857688007
3.82 1.98069562491 -0.255330230609
3.825 1.97941292795 -0.25773797821
3.83 1.97811834967 -0.260083089872
3.835 1.97681219804 -0.262367654307
3.84 1.97549477076 -0.264593692125
3.845 1.97416635556 -0.266763158026
3.85 1.97282723051 -0.268877942859
3.855 1.97147766436 -0.270939875662
3.86 1.97011791716 -0.27295072619
3.865 1.96874824019 -0.274912206196
3.87 1.96736887618 -0.276825971192
3.875 1.96598005964 -0.278693622395
3.88 1.96458201714 -0.280516708424
3.885 1.96317496754 -0.282296726939
3.89 1.96175912217 -0.284035126213
3.895 1.96033468507 -0.285733306657
3.9 1.95890185423 -0.287392624791
3.905 1.95746082114 -0.289014393126
3.91 1.9560117704 -0.290599880118
3.915 1.95455488038 -0.292150312625
3.92 1.95309032339 -0.293666877219
3.925 1.95161826589 -0.295150721443
3.93 1.95013886868 -0.296602955209
3.935 1.94865228727 -0.298024653668
3.94 1.94715867178 -0.299416856189
3.945 1.94565816715 -0.300780567763
3.95 1.94415091332 -0.302116760347
3.955 1.94263704534 -0.303426373858
3.96 1.94111669355 -0.304710317112
3.965 1.93958998393 -0.305969469912
3.97 1.93805703878 -0.307204685996
3.975 1.93651797576 -0.308416789549
3.98 1.93497290842 -0.309606577762
3.985 1.93342194636 -0.310774821785
3.99 1.93186519534 -0.311922267519
3.995 1.93030275741 -0.313049636361
4.0 1.92873473126 -0.314157627787
4.005 1.92716121227 -0.315246919383
4.01 1.92558229229 -0.316318165808
4.015 1.92399805996 -0.317372000528
4.02 1.92240860073 -0.318409036467
4.025 1.92081399703 -0.319429866605
4.03 1.91921432831 -0.320435064727
4.035 1.91760967151 -0.321425188122
4.04 1.91600010074 -0.322400775734
4.045 1.91438568737 -0.323362348794
4.05 1.91276650018 -0.324310411812
4.055 1.91114260544 -0.325245453069
4.06 1.90951406696 -0.326167945088
4.065 1.90788094625 -0.32707834566
4.07 1.90624330288 -0.327977099863
4.075 1.904601194 -0.328864637673
4.08 1.90295467467 -0.329741375359
4.085 1.90130379783 -0.330607716026
4.09 1.89964861446 -0.331464050009
4.095 1.89798917356 -0.332310755235
4.1 1.89632552235 -0.333148198573
4.105 1.89465770639 -0.333976736172
4.11 1.89298576934 -0.334796712389
4.115 1.89130975317 -0.335608460873
4.12 1.88962969817 -0.336412304892
4.125 1.88794564302 -0.337208557629
4.13 1.88625762485 -0.337997522527
4.135 1.88456567944 -0.338779494874
4.14 1.88286984109 -0.339554760793
4.145 1.88117014265 -0.340323597358
4.15 1.87946661556 -0.341086273209
4.155 1.87775928996 -0.341843048806
4.16 1.87604819466 -0.342594176654
4.165 1.87433335724 -0.343339901772
4.17 1.87261480422 -0.344080462831
4.175 1.87089256086 -0.344816090914
4.18 1.86916665125 -0.345547010153
4.185 1.86743709838 -0.346273438034
4.19 1.86570392415 -0.346995585596
4.195 1.86396714942 -0.347713657613
4.2 1.86222679405 -0.348427853226
4.205 1.86048287701 -0.349138366322
4.21 1.85873541625 -0.349845384766
4.215 1.85698442877 -0.350549091021
4.22 1.85522993069 -0.351249662314
4.225 1.85347193722 -0.351947270785
4.23 1.85171046271 -0.352642083649
4.235 1.84994552076 -0.353334263978
4.24 1.84817712419 -0.354023970313
4.245 1.84640528497 -0.354711356589
4.25 1.84463001432 -0.355396572496
4.255 1.84285132272 -0.3560797636
4.26 1.84106921991 -0.356761071464
4.265 1.83928371494 -0.357440633848
4.27 1.83749481624 -0.358118585329
4.275 1.83570253156 -0.358795056695
4.28 1.83390686798 -0.359470175216
4.285 1.83210783193 -0.360144064823
4.29 1.83030542926 -0.360816846204
4.295 1.82849966518 -0.361488636899
4.3 1.82669054436 -0.36215955158
4.305 1.82487807093 -0.362829702338
4.31 1.82306224844 -0.363499198233
4.315 1.8212430799 -0.364168145609
4.32 1.81942056779 -0.364836648188
4.325 1.81759471406 -0.36550480715
4.33 1.81576552016 -0.366172721207
4.335 1.8139329871 -0.366840487052
4.34 1.81209711542 -0.367508199142
4.345 1.81025790515 -0.368175949567
4.35 1.80841535588 -0.36884382829
4.355 1.80656946673 -0.369511923202
4.36 1.80472023638 -0.370180320185
4.365 1.8028676631 -0.370849103163
4.37 1.80101174469 -0.371518354157
4.375 1.79915247865 -0.372188153977
4.38 1.79728986209 -0.372858581823
4.385 1.79542389167 -0.373529714939
4.39 1.79355456368 -0.374201628982
4.395 1.79168187403 -0.374874398071
4.4 1.78980581824 -0.375548094832
4.405 1.78792639148 -0.37622279044
4.41 1.78604358857 -0.376898554665
4.415 1.78415740401 -0.377575456296
4.42 1.78226783197 -0.378253562922
4.425 1.78037486626 -0.378932940721
4.43 1.77847850036 -0.379613654694
4.435 1.77657872744 -0.380295768698
4.44 1.77467554032 -0.380979345489
4.445 1.77276893152 -0.38166444675
4.45 1.77085889325 -0.382351133126
4.455 1.76894541744 -0.383039464578
4.46 1.76702849575 -0.383729500219
4.465 1.76510811951 -0.384421298101
4.47 1.76318427978 -0.385114915421
4.475 1.76125696729 -0.385810408553
4.48 1.75932617254 -0.386507833076
4.485 1.75739188572 -0.3872072438
4.49 1.75545409674 -0.387908694792
4.495 1.75351279527 -0.388612239641
4.5 1.75156797074 -0.389317931353
4.505 1.74961961229 -0.390025822173
4.51 1.74766770878 -0.39073596375
4.515 1.74571224884 -0.391448407162
4.52 1.74375322082 -0.392163202938
4.525 1.74179061283 -0.392880401081
4.53 1.73982441273 -0.393600051087
4.535 1.73785460814 -0.394322202125
4.54 1.73588118645 -0.39504690298
4.545 1.73390413479 -0.395774201928
4.55 1.73192344004 -0.39650414685
4.555 1.72993908887 -0.397236785257
4.56 1.72795106767 -0.397972164302
4.565 1.72595936262 -0.398710330804
4.57 1.72396395965 -0.399451331259
4.575 1.7219648445 -0.400195211995
4.58 1.71996200265 -0.400942019127
4.585 1.71795541936 -0.401691798443
4.59 1.71594507965 -0.402444595504
4.595 1.71393096832 -0.403200455663
4.6 1.71191306994 -0.403959424078
4.605 1.70989136885 -0.404721545729
4.61 1.70786584916 -0.405486865432
4.615 1.70583649479 -0.406255427983
4.62 1.70380328942 -0.407027278105
4.625 1.7017662165 -0.407802460318
4.63 1.69972525926 -0.408581019053
4.635 1.69768040071 -0.409362998659
4.64 1.69563162363 -0.410148443418
4.645 1.69357891058 -0.410937397556
4.65 1.69152224389 -0.411729905256
4.655 1.68946160567 -0.412526010665
4.66 1.6873969778 -0.413325757905
4.665 1.68532834197 -0.414129191205
4.67 1.68325567965 -0.414936355157
4.675 1.68117897211 -0.415747294135
4.68 1.67909820034 -0.416562052543
4.685 1.67701334515 -0.417380674852
4.69 1.6749243871 -0.418203205611
4.695 1.67283130654 -0.419029689456
4.7 1.67073408358 -0.419860171122
4.705 1.66863269812 -0.420694695451
4.71 1.66652712983 -0.421533307404
4.715 1.66441735814 -0.422376052084
4.72 1.66230336229 -0.423222974987
4.725 1.6601851213 -0.424074121685
4.73 1.65806261393 -0.424929537868
4.735 1.65593581871 -0.425789269414
4.74 1.65380471396 -0.426653362399
4.745 1.65166927775 -0.427521863111
4.75 1.64952948792 -0.428394818053
4.755 1.64738532208 -0.429272273958
4.76 1.64523675761 -0.430154277791
4.765 1.64308377164 -0.431040876766
4.77 1.64092634108 -0.431932118491
4.775 1.63876444261 -0.432828050914
4.78 1.63659805266 -0.433728722163
4.785 1.63442714741 -0.434634180668
4.79 1.6322517028 -0.435544475168
4.795 1.63007169453 -0.436459654722
4.8 1.62788709805 -0.43737976872
4.805 1.62569788856 -0.438304866887
4.81 1.62350404101 -0.439234999296
4.815 1.6213055301 -0.440170216378
4.82 1.61910233028 -0.441110568974
4.825 1.61689441574 -0.44205610845
4.83 1.61468176043 -0.443006886464
4.835 1.61246433803 -0.443962955073
4.84 1.61024212195 -0.44492436675
4.845 1.60801508535 -0.445891174397
4.85 1.60578320111 -0.446863431353
4.855 1.60354644185 -0.447841191404
4.86 1.60130477992 -0.448824508794
4.865 1.59905818739 -0.449813438231
4.87 1.59680663607 -0.450808034906
4.875 1.59455009748 -0.451808354606
4.88 1.59228854287 -0.452814453585
4.885 1.5900219432 -0.453826388583
4.89 1.58775026915 -0.454844216865
4.895 1.5854734911 -0.455867996235
4.9 1.58319157916 -0.456897785038
4.905 1.58090450313 -0.457933642179
4.91 1.57861223252 -0.458975627128
4.915 1.57631473654 -0.460023799931
4.92 1.57401198419 -0.461078221173
4.925 1.57170394385 -0.462138952272
4.93 1.56939058396 -0.463206055101
4.935 1.56707187252 -0.464279592185
4.94 1.56474777717 -0.465359626689
4.945 1.56241826528 -0.466446222424
4.95 1.56008330388 -0.467539443868
4.955 1.55774285967 -0.468639356166
4.96 1.55539689903 -0.469746025153
4.965 1.55304538802 -0.470859517356
4.97 1.55068829235 -0.471979900011
4.975 1.5483255774 -0.473107241125
4.98 1.5459572082 -0.474241609588
4.985 1.54358314941 -0.475383074906
4.99 1.5412033654 -0.476531707332
4.995 1.53881782013 -0.477687577895
5.0 1.53642647724 -0.478850758406
5.005 1.53402930001 -0.480021321472
5.01 1.53162625133 -0.481199340508
5.015 1.52921729374 -0.482384889749
5.02 1.52680238942 -0.483578044262
5.025 1.52438150015 -0.484778879955
5.03 1.52195458735 -0.485987473593
5.035 1.51952161206 -0.487203902808
5.04 1.51708253491 -0.488428246109
5.045 1.51463731614 -0.489660583043
5.05 1.51218591544 -0.49090099475
5.055 1.50972829221 -0.492149562815
5.06 1.50726440545 -0.493406369683
5.065 1.50479421376 -0.494671498771
5.07 1.50231767533 -0.495945034475
5.075 1.49983474791 -0.49722706219
5.08 1.49734538885 -0.498517668317
5.085 1.49484955506 -0.49981694028
5.09 1.49234720303 -0.501124966537
5.095 1.48983828882 -0.502441836594
5.1 1.48732276804 -0.503767641018
5.105 1.48480059586 -0.505102471451
5.11 1.482271727 -0.506446420622
5.115 1.47973611572 -0.507799582487
5.12 1.47719371542 -0.509162053192
5.125 1.47464447926 -0.5105339295
5.13 1.47208835994 -0.511915309173
5.135 1.46952530971 -0.513306291197
5.14 1.4669552803 -0.514706975797
5.145 1.46437822296 -0.516117464451
5.15 1.46179408842 -0.517537859915
5.155 1.45920282693 -0.518968266229
5.16 1.45660438818 -0.520408788742
5.165 1.45399872138 -0.521859534126
5.17 1.45138577521 -0.52332061039
5.175 1.44876549765 -0.524792127305
5.18 1.44613783607 -0.526274196298
5.185 1.44350273742 -0.52776692982
5.19 1.4408601481 -0.529270441765
5.195 1.43821001392 -0.530784847498
5.2 1.43555228016 -0.532310263867
5.205 1.43288689148 -0.533846809223
5.21 1.43021379199 -0.535394603444
5.215 1.42753292519 -0.536953767946
5.22 1.42484423399 -0.538524425709
5.225 1.4221476607 -0.540106701291
5.23 1.41944314698 -0.541700721027
5.235 1.41673063349 -0.543306614164
5.24 1.41401006044 -0.544924510931
5.245 1.4112813675 -0.546554543067
5.25 1.40854449366 -0.548196844067
5.255 1.40579937725 -0.549851549211
5.26 1.40304595593 -0.55151879558
5.265 1.40028416669 -0.553198722087
5.27 1.39751394583 -0.554891469493
5.275 1.39473522896 -0.556597180434
5.28 1.39194795099 -0.558315999443
5.285 1.38915204613 -0.560048072975
5.29 1.38634744758 -0.561793550395
5.295 1.38353408767 -0.563552583573
5.3 1.38071189823 -0.565325325585
5.305 1.37788081033 -0.567111931612
5.31 1.37504075427 -0.568912558973
5.315 1.37219165957 -0.570727367146
5.32 1.36933345495 -0.572556517803
5.325 1.36646606836 -0.574400174834
5.33 1.36358942692 -0.576258504376
5.335 1.36070345696 -0.578131674841
5.34 1.35780808396 -0.580019856944
5.345 1.3549032325 -0.581923224027
5.35 1.35198882578 -0.583841953661
5.355 1.34906478645 -0.585776224799
5.36 1.34613103635 -0.58772621863
5.365 1.3431874964 -0.58969211891
5.37 1.34023408663 -0.591674111998
5.375 1.33727072615 -0.593672386885
5.38 1.33429733313 -0.595687135232
5.385 1.33131382479 -0.597718551405
5.39 1.32832011741 -0.599766832505
5.395 1.32531612629 -0.601832178408
5.4 1.32230176579 -0.603914791795
5.405 1.31927694889 -0.606014879498
5.41 1.31624158741 -0.60813265191
5.415 1.31319559238 -0.610268321505
5.42 1.31013887378 -0.612422103887
5.425 1.30707134049 -0.614594217834
5.43 1.3039929003 -0.616784885344
5.435 1.30090345992 -0.61899433168
5.44 1.29780292491 -0.621222785419
5.445 1.2946911997 -0.623470478497
5.45 1.29156818749 -0.625737646572
5.455 1.28843379014 -0.628024529395
5.46 1.28528790845 -0.630331369757
5.465 1.28213044201 -0.632658414046
5.47 1.27896128922 -0.635005912318
5.475 1.27578034721 -0.637374118352
5.48 1.27258751185 -0.6397632897
5.485 1.26938267777 -0.642173687737
5.49 1.26616573828 -0.644605577713
5.495 1.26293658532 -0.647059229137
5.5 1.25969510905 -0.649534917277
5.505 1.25644119853 -0.652032920558
5.51 1.25317474147 -0.654553521433
5.515 1.2498956242 -0.657097006668
5.52 1.2466037316 -0.6596636674
5.525 1.24329894712 -0.662253799197
5.53 1.23998115273 -0.664867702126
5.535 1.23665022894 -0.667505680812
5.54 1.23330605474 -0.670168044607
5.545 1.22994850708 -0.672855109378
5.55 1.22657746151 -0.675567195321
5.555 1.22319279211 -0.678304627112
5.56 1.21979437136 -0.681067734481
5.565 1.21638207006 -0.683856852283
5.57 1.2129557574 -0.686672320573
5.575 1.20951530084 -0.689514484682
5.58 1.20606056617 -0.692383695283
5.585 1.20259141743 -0.695280308478
5.59 1.19910771648 -0.698204687646
5.595 1.19560932325 -0.701157202186
5.6 1.19209609613 -0.704138226306
5.605 1.18856789164 -0.707148140148
5.61 1.1850245644 -0.710187329879
5.615 1.18146596713 -0.713256187774
5.62 1.17789195059 -0.716355112307
5.625 1.17430236359 -0.719484508237
5.63 1.17069705293 -0.722644786695
5.635 1.16707586309 -0.725836366559
5.64 1.163438636 -0.729059675106
5.645 1.15978521189 -0.732315144775
5.65 1.1561154289 -0.735603214948
5.655 1.15242912293 -0.738924332093
5.66 1.14872612769 -0.742278949868
5.665 1.14500627465 -0.745667529227
5.67 1.14126939299 -0.749090538523
5.675 1.13751530959 -0.752548453611
5.68 1.13374384881 -0.756041758723
5.685 1.12995483181 -0.759570948838
5.69 1.12614807781 -0.763136525074
5.695 1.12232340364 -0.766738996484
5.7 1.11848062355 -0.770378880471
5.705 1.11461954925 -0.774056702904
5.71 1.11073998984 -0.777772998246
5.715 1.10684175177 -0.781528309674
5.72 1.10292463884 -0.785323189206
5.725 1.09898845205 -0.789158198089
5.73 1.09503298884 -0.793033909741
5.735 1.09105804404 -0.796950906116
5.74 1.08706340975 -0.800909778288
5.745 1.08304887509 -0.804911127233
5.75 1.07901422618 -0.808955563989
5.755 1.07495924609 -0.813043709804
5.76 1.07088371479 -0.817176196301
5.765 1.06678740895 -0.821353666164
5.77 1.06267010176 -0.825576773862
5.775 1.05853156335 -0.829846184075
5.78 1.05437156055 -0.834162572629
5.785 1.05018985681 -0.838526626701
5.79 1.04598621218 -0.842939044991
5.795 1.04176038324 -0.847400537891
5.8 1.03751212304 -0.851911827708
5.805 1.03324118043 -0.85647365105
5.81 1.02894730061 -0.861086756903
5.815 1.02463022528 -0.865751906105
5.82 1.02028969232 -0.8704698724
5.825 1.01592543577 -0.87524144264
5.83 1.01153718575 -0.880067416975
5.835 1.00712466842 -0.884948609057
5.84 1.00268760573 -0.889885846753
5.845 0.998225714836 -0.894879974172
5.85 0.993738709072 -0.89993184852
5.855 0.989226297546 -0.905042341396
5.86 0.984688185013 -0.910212339234
5.865 0.980124071814 -0.915442743527
5.87 0.975533653814 -0.920734471045
5.875 0.970916622332 -0.92608845406
5.88 0.966272663526 -0.931505642215
5.885 0.961601458507 -0.936987002209
5.89 0.956902683963 -0.942533516008
5.895 0.952176011671 -0.948146182316
5.9 0.947421108427 -0.953826016825
5.905 0.942637635971 -0.95957405246
5.91 0.937825250915 -0.965391339634
5.915 0.932983604332 -0.971278947349
5.92 0.928112341977 -0.977237962703
5.925 0.92321110336 -0.983269493288
5.93 0.918279523155 -0.989374663726
5.935 0.913317230396 -0.995554617753
5.94 0.908323848402 -1.00181051847
5.945 0.903298994701 -1.00814354862
5.95 0.898242280949 -1.01455491083
5.955 0.893153312374 -1.02104582876
5.96 0.888031687317 -1.02761754807
5.965 0.88287699858 -1.03427133407
5.97 0.877688832648 -1.04100847329
5.975 0.872466769565 -1.04783027381
5.98 0.867210382826 -1.05473806559
5.985 0.861919239278 -1.06173320078
5.99 0.856592899013 -1.06881705405
5.995 0.851230915257 -1.07599102292
6.0 0.845832834261 -1.08325652806
6.005 0.840398194659 -1.09061501324
6.01 0.834926527473 -1.09806794574
6.015 0.829417356771 -1.10561681735
6.02 0.823870199075 -1.11326314429
6.025 0.818284563224 -1.12100846759
6.03 0.812659950239 -1.12885435346
6.035 0.806995853186 -1.13680239356
6.04 0.801291757039 -1.14485420545
6.045 0.795547138532 -1.15301143289
6.05 0.789761466025 -1.1612757462
6.055 0.783934200105 -1.16964883771
6.06 0.778064792946 -1.17813242535
6.065 0.772152687743 -1.18672825571
6.07 0.766197318929 -1.19543810197
6.075 0.760198112046 -1.20426376417
6.08 0.754154483614 -1.21320706932
6.085 0.748065841004 -1.22226987161
6.09 0.741931582141 -1.23145405279
6.095 0.735751095124 -1.24076152259
6.1 0.729523758672 -1.2501942182
6.105 0.723248941736 -1.25975410472
6.11 0.716926003339 -1.26944317535
6.115 0.710554292423 -1.27926345149
6.12 0.704133147702 -1.28921698296
6.125 0.697661897553 -1.29930584744
6.13 0.691139860375 -1.30953214443
6.135 0.684566343801 -1.31989800305
6.14 0.677940644633 -1.33040558104
6.145 0.671262048796 -1.34105706347
6.15 0.664529831196 -1.3518546626
6.155 0.657743255577 -1.36280061774
6.16 0.650901574374 -1.37389719512
6.165 0.644004028885 -1.38514668305
6.17 0.637049849015 -1.39655139337
6.175 0.630038252821 -1.40811366573
6.18 0.622968446575 -1.41983586431
6.185 0.61583962463 -1.43172037733
6.19 0.608650969286 -1.44376961659
6.195 0.60140165066 -1.45598601693
6.2 0.594090826701 -1.46837203339
6.205 0.586717643489 -1.48093013428
6.21 0.579281234432 -1.49366281055
6.215 0.571780720386 -1.50657257127
6.22 0.564215209594 -1.51966194202
6.225 0.556583797587 -1.53293346363
6.23 0.548885567205 -1.54638968995
6.235 0.541119588742 -1.56003318455
6.24 0.533284919442 -1.57386652265
6.245 0.525380603592 -1.58789228813
6.25 0.517405672471 -1.60211307176
6.255 0.509359144294 -1.61653146928
6.26 0.501240024451 -1.63115007563
6.265 0.493047305867 -1.6459714776
6.27 0.484779968113 -1.66099826284
6.275 0.476436977755 -1.67623301255
6.28 0.46801728838 -1.69167829851
6.285 0.459519840608 -1.70733668005
6.29 0.450943562585 -1.72321069634
6.295 0.442287370413 -1.73930285913
6.3 0.433550167139 -1.75561566001
6.305 0.424730843332 -1.77215156163
6.31 0.415828277198 -1.78891299346
6.315 0.406841334708 -1.80590234745
6.32 0.397768870445 -1.82312196613
6.325 0.388609728046 -1.84057413478
6.33 0.379362739153 -1.85826108931
6.335 0.370026724255 -1.87618500427
6.34 0.360600492943 -1.89434798684
6.345 0.351082844196 -1.91275207066
6.35 0.341472567593 -1.93139920073
6.355 0.331768443871 -1.95029122447
6.36 0.321969244178 -1.969429895
6.365 0.312073731122 -1.98881685742
6.37 0.302080659291 -2.00845364006
6.375 0.291988776165 -2.02834164278
6.38 0.281796822661 -2.04848212786
6.385 0.271503533455 -2.06887621213
6.39 0.26110763784 -2.08952485536
6.395 0.250607860454 -2.11042884934
6.4 0.240002923251 -2.13158879674
6.405 0.229291545846 -2.15300510316
6.41 0.218472445797 -2.17467796961
6.415 0.207544340019 -2.19660737559
6.42 0.196505945864 -2.21879306497
6.425 0.185355983502 -2.24123452388
6.43 0.174093176342 -2.26393097008
6.435 0.162716251918 -2.28688133938
6.44 0.151223943612 -2.31008426691
6.445 0.139614992156 -2.3335380695
6.45 0.12788814867 -2.35724072018
6.455 0.116042175116 -2.38118983541
6.46 0.104075845804 -2.40538265663
6.465 0.0919879495523 -2.42981602849
6.47 0.0797772917253 -2.45448637761
6.475 0.0674426980382 -2.47938968625
6.48 0.0549830150612 -2.50452147444
6.485 0.0423971124893 -2.52987677687
6.49 0.0296838858224 -2.55545011839
6.495 0.0168422590428 -2.58123548965
6.5 0.0038711890064 -2.6072263234
6.505 -0.00923033367683 -2.63341546748
6.51 -0.0224632815332 -2.65979515875
6.515 -0.0358285869794 -2.68635699635
6.52 -0.0493271389311 -2.71309191604
6.525 -0.0629597779256 -2.73999017323
6.53 -0.0767272945832 -2.76704130218
6.535 -0.0906304256494 -2.79423409008
6.54 -0.104669850123 -2.8215565493
6.545 -0.118846185156 -2.84899589398
6.55 -0.133159980975 -2.87653853499
6.555 -0.147611718176 -2.90417001966
6.56 -0.162201803041 -2.93187501153
6.565 -0.176930563027 -2.95963726348
6.57 -0.19179824212 -2.98743959937
6.575 -0.206804995862 -3.01526392078
6.58 -0.221950886794 -3.04309114333
6.585 -0.237235879373 -3.07090118474
6.59 -0.252659835172 -3.09867294857
6.595 -0.268222508316 -3.12638431121
6.6 -0.283923539282 -3.15401209063
6.605 -0.299762449839 -3.18153203154
6.61 -0.315738638017 -3.20891881318
6.615 -0.331851372921 -3.23614605584
6.62 -0.348099788402 -3.26318627115
6.625 -0.364482877656 -3.29001087109
6.63 -0.380999489037 -3.31659019381
6.635 -0.397648320552 -3.34289350745
6.64 -0.414427912806 -3.36888898764
6.645 -0.431336644025 -3.39454373872
6.65 -0.448372726763 -3.41982385086
6.655 -0.465534201712 -3.44469440532
6.66 -0.482818931208 -3.46911947728
6.665 -0.5002245947 -3.49306217918
6.67 -0.517748687418 -3.51648474846
6.675 -0.535388513304 -3.53934855949
6.68 -0.553141179578 -3.56161416184
6.685 -0.57100359339 -3.58324134943
6.69 -0.588972462588 -3.60418927527
6.695 -0.607044288124 -3.62441648089
6.7 -0.625215360622 -3.64388097405
6.705 -0.643481758793 -3.66254032651
6.71 -0.66183935266 -3.68035180715
6.715 -0.680283795953 -3.69727244489
6.72 -0.698810525449 -3.7132591441
6.725 -0.717414761929 -3.7282688091
6.73 -0.736091515618 -3.74225848477
6.735 -0.754835579831 -3.75518547033
6.74 -0.77364153363 -3.76700746409
6.745 -0.792503745977 -3.77768270495
6.75 -0.811416382968 -3.78717011232
6.755 -0.830373404385 -3.79542946275
6.76 -0.849368569864 -3.8024215493
6.765 -0.868395446599 -3.80810832009
6.77 -0.887447417888 -3.81245301949
6.775 -0.906517684433 -3.81542042268
6.78 -0.925599273807 -3.81697699322
6.785 -0.944685050896 -3.81709100564
6.79 -0.963767728574 -3.81573268571
6.795 -0.982839876154 -3.8128744371
6.8 -1.00189393034 -3.80849097631
6.805 -1.02092220643 -3.80255949259
6.81 -1.03991691232 -3.79505982051
6.815 -1.05887016189 -3.78597454084
6.82 -1.07777398962 -3.77528908984
6.825 -1.0966203652 -3.76299195581
6.83 -1.11540120812 -3.74907474562
6.835 -1.13410840293 -3.733532271
6.84 -1.15273381775 -3.71636269123
6.845 -1.17126931955 -3.6975675457
6.85 -1.18970679066 -3.67715179311
6.855 -1.20803814857 -3.65512391472
6.86 -1.2262553615 -3.63149590291
6.865 -1.24435046482 -3.60628325331
6.87 -1.26231558239 -3.5795050075
6.875 -1.28014294152 -3.55118369879
6.88 -1.29782488898 -3.52134529502
6.885 -1.31535391233 -3.49001917374
6.89 -1.33272265392 -3.45723802728
6.895 -1.34992392549 -3.42303776009
6.9 -1.36695072871 -3.3874573917
6.905 -1.38379626751 -3.3505389264
6.91 -1.40045396078 -3.31232721204
6.915 -1.41691746093 -3.27286977328
6.92 -1.43318066412 -3.23221665387
6.925 -1.4492377205 -3.19042024676
6.93 -1.46508304984 -3.14753506645
6.935 -1.48071134934 -3.10361757317
6.94 -1.496117601 -3.05872598604
6.945 -1.51129708364 -3.01292000923
6.95 -1.52624537787 -2.96626064804
6.955 -1.54095837074 -2.91881001726
6.96 -1.55543226323 -2.87063104008
6.965 -1.56966357269 -2.82178726601
6.97 -1.58364913446 -2.77234268543
6.975 -1.59738610489 -2.72236142263
6.98 -1.61087196106 -2.67190756434
6.985 -1.62410449974 -2.62104498975
6.99 -1.63708183591 -2.56983707866
6.995 -1.6498024 -2.51834655797
7.0 -1.6622649345 -2.46663535379
7.005 -1.6744684883 -2.41476433339
7.01 -1.68641241181 -2.36279317478
7.015 -1.69809635155 -2.31078024532
7.02 -1.70952024097 -2.25878239129
7.025 -1.72068429378 -2.20685483418
7.03 -1.73158899696 -2.15505107735
7.035 -1.74223509882 -2.10342275191
7.04 -1.75262360099 -2.05201954109
7.045 -1.76275575024 -2.00088911483
7.05 -1.77263302471 -1.95007703463
7.055 -1.78225712488 -1.8996267059
7.06 -1.79162996469 -1.84957933862
7.065 -1.80075365679 -1.79997390889
7.07 -1.80963050317 -1.75084713637
7.075 -1.81826298607 -1.70223346824
7.08 -1.82665375173 -1.65416509396
7.085 -1.83480559975 -1.60667195451
7.09 -1.84272147808 -1.55978172536
7.095 -1.85040446704 -1.51351987303
7.1 -1.85785776646 -1.46790970355
7.105 -1.86508468699 -1.4229723867
7.11 -1.87208864271 -1.37872696654
7.115 -1.87887313717 -1.33519045886
7.12 -1.88544175385 -1.29237789758
7.125 -1.89179814582 -1.25030240133
7.13 -1.89794602641 -1.2089752485
7.135 -1.90388916179 -1.16840591625
7.14 -1.90963136156 -1.12860216548
7.145 -1.91517646965 -1.08957012796
7.15 -1.92052835673 -1.05131436002
7.155 -1.9256909124 -1.01383793477
7.16 -1.93066803795 -0.977142518143
7.165 -1.93546363988 -0.941228426905
7.17 -1.94008162298 -0.906094727396
7.175 -1.94452588433 -0.871739302118
7.18 -1.9488003077 -0.838158915892
7.185 -1.95290875808 -0.80534930628
7.19 -1.95685507664 -0.77330524296
7.195 -1.96064307614 -0.742020599423
7.2 -1.96427653668 -0.711488429658
7.205 -1.96775920163 -0.681701023609
7.21 -1.97109477404 -0.652649977355
7.215 -1.97428691349 -0.624326257084
7.22 -1.97733923269 -0.596720251379
7.225 -1.98025529513 -0.569821834642
7.23 -1.98303861258 -0.543620420469
7.235 -1.98569264254 -0.518105010373
7.24 -1.98822078689 -0.493264247516
7.245 -1.99062638977 -0.469086461615
7.25 -1.99291273612 -0.445559713192
7.255 -1.995083051 -0.422671837486
7.26 -1.99714049827 -0.400410483151
7.265 -1.99908817888 -0.378763148072
7.27 -2.0009291315 -0.35771721552
7.275 -2.00266633176 -0.337259986121
7.28 -2.004302691 -0.317378710628
7.285 -2.00584105699 -0.2980606156
7.29 -2.007284214 -0.279292928886
7.295 -2.00863488211 -0.261062907345
7.3 -2.00989571766 -0.243357857874
7.305 -2.0110693141 -0.226165154876
7.31 -2.01215820194 -0.209472261816
7.315 -2.01316484879 -0.19326675147
7.32 -2.01409166081 -0.177536314869
7.325 -2.01494098314 -0.162268777337
7.33 -2.01571509987 -0.147452117016
7.335 -2.01641623566 -0.133074469206
7.34 -2.01704655646 -0.119124136569
7.345 -2.01760816987 -0.105589604065
7.35 -2.01810312639 -0.0924595425914
7.355 -2.01853342057 -0.0797228135257
7.36 -2.01890099157 -0.0673684800146
7.365 -2.01920772413 -0.0553858117951
7.37 -2.01945545022 -0.0437642817037
7.375 -2.01964594998 -0.0324935706439
7.38 -2.01978095279 -0.0215635692842
7.385 -2.01986213746 -0.0109643916467
7.39 -2.01989113366 -0.000686371304626
7.395 -2.01986952292 0.0092799373682
7.4 -2.0197988396 0.0189437573228
7.405 -2.01968057372 0.0283141080477
7.41 -2.01951617111 0.0373997960196
7.415 -2.01930703471 0.0462094186964
7.42 -2.01905452356 0.0547513433179
7.425 -2.01875995525 0.0630337239591
7.43 -2.01842460662 0.0710644996592
7.435 -2.01804971657 0.0788514155231
7.44 -2.0176364857 0.086402010367
7.445 -2.01718607762 0.0937236227666
7.45 -2.01669961913 0.100823385964
7.455 -2.01617820201 0.107708238513
7.46 -2.01562288379 0.114384926135
7.465 -2.01503468886 0.120860007022
7.47 -2.01441460924 0.127139853029
7.475 -2.01376360546 0.133230653617
7.48 -2.01308260768 0.139138420489
7.485 -2.01237251644 0.144868990852
7.49 -2.01163420356 0.150428031294
7.495 -2.01086851287 0.155821040758
7.5 -2.01007626107 0.161053354852
7.505 -2.00925823858 0.166130149506
7.51 -2.00841521039 0.171056445667
7.515 -2.00754791679 0.175837112361
7.52 -2.00665707407 0.180476870555
7.525 -2.00574337521 0.184980296567
7.53 -2.00480749071 0.189351826392
7.535 -2.00385006932 0.193595759324
7.54 -2.00287173864 0.19771626161
7.545 -2.00187310563 0.201717369183
7.55 -2.00085475738 0.205602991856
7.555 -1.9998172618 0.209376917054
7.56 -1.9987611682 0.213042813104
7.565 -1.99768700778 0.21660423233
7.57 -1.99659529429 0.22006461425
7.575 -1.99548652452 0.223427289406
7.58 -1.9943611789 0.226695482399
7.585 -1.99321972199 0.22987231488
7.59 -1.99206260302 0.232960807856
7.595 -1.99089025634 0.235963885708
7.6 -1.98970310189 0.238884378883
7.605 -1.98850154569 0.241725026708
7.61 -1.98728598032 0.24448847972
7.615 -1.98605678534 0.24717730274
7.62 -1.98481432764 0.249793977593
7.625 -1.98355896189 0.252340905609
7.63 -1.982291031 0.254820410038
7.635 -1.98101086646 0.257234738474
7.64 -1.97971878869 0.259586065342
7.645 -1.97841510739 0.261876494148
7.65 -1.9771001219 0.264108059734
7.655 -1.97577412165 0.266282730505
7.66 -1.97443738631 0.268402410466
7.665 -1.97309018621 0.27046894129
7.67 -1.97173278258 0.272484104321
7.675 -1.97036542804 0.27444962291
7.68 -1.96898836669 0.276367163811
7.685 -1.96760183437 0.27823833898
7.69 -1.96620605894 0.280064707399
7.695 -1.96480126055 0.281847776739
7.7 -1.96338765182 0.28358900496
7.705 -1.96196543829 0.285289802398
7.71 -1.96053481909 0.286951534703
7.715 -1.9590959863 0.288575521694
7.72 -1.95764912542 0.290163039675
7.725 -1.95619441562 0.291715322903
7.73 -1.95473202995 0.293233564893
7.735 -1.95326213547 0.294718919657
7.74 -1.9517848939 0.29617250466
7.745 -1.95030046169 0.297595401809
7.75 -1.94880898967 0.298988656321
7.755 -1.94731062349 0.300353279076
7.76 -1.94580550378 0.301690247679
7.765 -1.94429376629 0.303000507468
7.77 -1.94277554207 0.304284972634
7.775 -1.94125095812 0.305544529834
7.78 -1.93972013698 0.306780036303
7.785 -1.93818319683 0.307992320642
7.79 -1.93664025172 0.309182184334
7.795 -1.93509141174 0.310350402568
7.8 -1.93353678308 0.311497725018
7.805 -1.93197646828 0.312624877272
7.81 -1.93041056673 0.313732563667
7.815 -1.92883917408 0.31482146441
7.82 -1.92726238262 0.315892237457
7.825 -1.92568028134 0.316945519378
7.83 -1.92409295607 0.317981925998
7.835 -1.92250048955 0.319002053002
7.84 -1.92090296175 0.320006477965
7.845 -1.91930044999 0.320995761001
7.85 -1.91769302862 0.321970443142
7.855 -1.91608076932 0.322931048033
7.86 -1.91446374116 0.323878082461
7.865 -1.91284201068 0.324812036848
7.87 -1.91121564198 0.325733385814
7.875 -1.90958469705 0.326642590544
7.88 -1.90794923559 0.32754009735
7.885 -1.90630931501 0.328426337909
7.89 -1.90466499057 0.329301730199
7.895 -1.90301631545 0.330166678913
7.9 -1.90136334081 0.331021575839
7.905 -1.89970611588 0.331866800611
7.91 -1.89804468827 0.332702722453
7.915 -1.89637910362 0.333529698282
7.92 -1.89470940577 0.334348073756
7.925 -1.89303563689 0.335158183738
7.93 -1.89135783743 0.33596035262
7.935 -1.88967604624 0.336754894617
7.94 -1.8879903007 0.337542114853
7.945 -1.88630063678 0.338322309814
7.95 -1.8846070889 0.339095766252
7.955 -1.88290969003 0.339862762148
7.96 -1.8812084718 0.340623566981
7.965 -1.87950346445 0.341378441973
7.97 -1.87779469693 0.342127640361
7.975 -1.87608219708 0.342871408677
7.98 -1.8743659915 0.343609985991
7.985 -1.87264610556 0.344343603947
7.99 -1.87092256348 0.345072487287
7.995 -1.86919538838 0.345796854051
8.0 -1.86746460226 0.346516915769
8.005 -1.86573022609 0.347232877832
8.01 -1.86399227996 0.347944940435
8.015 -1.86225078288 0.348653297566
8.02 -1.86050575292 0.34935813752
8.025 -1.85875720718 0.350059643151
8.03 -1.85700516188 0.350757992036
8.035 -1.85524963232 0.351453356621
8.04 -1.85349063301 0.352145904752
8.045 -1.85172817768 0.352835799974
8.05 -1.8499622792 0.353523200905
8.055 -1.84819294965 0.354208261744
8.06 -1.84642020033 0.354891132407
8.065 -1.84464404183 0.355571958651
8.07 -1.84286448396 0.356250882188
8.075 -1.84108153594 0.356928041428
8.08 -1.83929520627 0.357603570948
8.085 -1.83750550277 0.358277601628
8.09 -1.83571243261 0.358950260875
8.095 -1.83391600232 0.359621672725
8.1 -1.83211621783 0.360291957942
8.105 -1.83031308444 0.360961234201
8.11 -1.82850660697 0.361629616581
8.115 -1.8266967896 0.362297217041
8.12 -1.82488363596 0.362964144684
8.125 -1.82306714916 0.363630505892
8.13 -1.82124733175 0.364296404424
8.135 -1.81942418579 0.364961941493
8.14 -1.81759771282 0.365627215856
8.145 -1.8157679139 0.366292323972
8.15 -1.81393478963 0.366957360174
8.155 -1.81209834014 0.367622416518
8.16 -1.81025856511 0.368287582972
8.165 -1.80841546376 0.368952947506
8.17 -1.80656903492 0.369618596181
8.175 -1.80471927696 0.370284613238
8.18 -1.80286618787 0.370951081188
8.185 -1.8010097652 0.371618080368
8.19 -1.79915000602 0.372285689241
8.195 -1.79728690711 0.372953984949
8.2 -1.79542046483 0.373623043068
8.205 -1.79355067519 0.374292937685
8.21 -1.79167753384 0.374963741455
8.215 -1.78980103607 0.375635525673
8.22 -1.78792117682 0.376308360317
8.225 -1.78603795064 0.376982313678
8.23 -1.78415135175 0.377657452878
8.235 -1.78226137406 0.378333843941
8.24 -1.78036801114 0.37901155173
8.245 -1.77847125624 0.379690639999
8.25 -1.77657110233 0.380371171443
8.255 -1.77466754202 0.38105320774
8.26 -1.77276056765 0.381736809566
8.265 -1.77085017124 0.382422036475
8.27 -1.7689363445 0.383108947195
8.275 -1.76701907886 0.383797599595
8.28 -1.76509836548 0.384488050704
8.285 -1.76317419523 0.385180356749
8.29 -1.7612465587 0.38587457319
8.295 -1.75931544621 0.386570754758
8.3 -1.75738084779 0.387268955443
8.305 -1.75544275322 0.387969228477
8.31 -1.75350115199 0.388671626505
8.315 -1.75155603334 0.389376201548
8.32 -1.74960738628 0.390083005036
8.325 -1.74765519952 0.390792087832
8.33 -1.74569946154 0.391503500261
8.335 -1.74374016057 0.392217292137
8.34 -1.74177728458 0.392933512788
8.345 -1.73981082131 0.393652211079
8.35 -1.73784075825 0.394373435445
8.355 -1.73586708265 0.395097233908
8.36 -1.73388978153 0.395823654105
8.365 -1.73190884164 0.396552743311
8.37 -1.72992424955 0.397284548463
8.375 -1.72793599154 0.398019116186
8.38 -1.7259440537 0.398756492725
8.385 -1.72394842186 0.399496724085
8.39 -1.72194908162 0.400239856013
8.395 -1.71994601838 0.400985934009
8.4 -1.71793921729 0.401735003354
8.405 -1.71592866328 0.402487109123
8.41 -1.71391434106 0.403242296207
8.415 -1.71189623511 0.404000609322
8.42 -1.70987432968 0.404762092991
8.425 -1.70784860881 0.405526791625
8.43 -1.70581905632 0.406294749525
8.435 -1.70378565579 0.40706601089
8.44 -1.70174839059 0.407840619837
8.445 -1.6997072439 0.408618620412
8.45 -1.69766219862 0.409400056616
8.455 -1.69561323749 0.410184972414
8.46 -1.69356034301 0.410973411752
8.465 -1.69150349743 0.411765418508
8.47 -1.6894426828 0.412561036517
8.475 -1.68737788097 0.41336030969
8.48 -1.68530907354 0.41416328197
8.485 -1.6832362419 0.414969997341
8.49 -1.68115936724 0.415780499845
8.495 -1.67907843051 0.416594833591
8.5 -1.67699341244 0.417413042772
8.505 -1.67490429355 0.418235171675
8.51 -1.67281105412 0.419061264691
8.515 -1.67071367423 0.419891366325
8.52 -1.66861213373 0.420725521213
8.525 -1.66650641222 0.421563774132
8.53 -1.66439648911 0.422406170011
8.535 -1.66228234358 0.423252753938
8.54 -1.66016395456 0.424103571177
8.545 -1.65804130078 0.42495866717
8.55 -1.65591436073 0.425818087553
8.555 -1.65378311265 0.426681878163
8.56 -1.65164753459 0.42755008509
8.565 -1.64950760437 0.428422754752
8.57 -1.64736329954 0.42929993373
8.575 -1.64521459744 0.430181668853
8.58 -1.64306147518 0.431068007214
8.585 -1.64090390963 0.43195899618
8.59 -1.63874187741 0.432854683397
8.595 -1.6365753549 0.433755116805
8.6 -1.63440431826 0.434660344645
8.605 -1.63222874338 0.435570415465
8.61 -1.63004860594 0.43648537823
8.615 -1.62786388135 0.437405282243
8.62 -1.62567454479 0.438330177114
8.625 -1.62348057118 0.439260112812
8.63 -1.62128193518 0.440195139673
8.635 -1.61907861121 0.441135308411
8.64 -1.61687057345 0.442080670131
8.645 -1.61465779578 0.44303127633
8.65 -1.61244025186 0.443987178913
8.655 -1.61021791507 0.444948430217
8.66 -1.60799075854 0.445915083099
8.665 -1.60575875514 0.446887190808
8.67 -1.60352187745 0.447864807036
8.675 -1.60128009779 0.448847985937
8.68 -1.59903338822 0.449836782141
8.685 -1.59678172051 0.45083125076
8.69 -1.59452506617 0.4518314474
8.695 -1.5922633964 0.45283742817
8.7 -1.58999668214 0.453849249691
8.705 -1.58772489409 0.454866969151
8.71 -1.58544800253 0.45589064432
8.715 -1.58316597759 0.456920333469
8.72 -1.58087878905 0.457956095433
8.725 -1.5785864064 0.458997989617
8.73 -1.57628879882 0.460046076012
8.735 -1.5739859352 0.461100415203
8.74 -1.57167778413 0.462161068376
8.745 -1.56936431388 0.463228097336
8.75 -1.56704549242 0.464301564519
8.755 -1.56472128738 0.465381533137
8.76 -1.56239166611 0.466468066994
8.765 -1.5600565956 0.467561230516
8.77 -1.55771604255 0.468661088803
8.775 -1.55536997332 0.469767707641
8.78 -1.55301835394 0.470881153511
8.785 -1.5506611501 0.472001493599
8.79 -1.54829832717 0.473128795812
8.795 -1.54592985018 0.474263128782
8.8 -1.54355568379 0.475404561882
8.805 -1.54117579234 0.476553165234
8.81 -1.53879013982 0.477709009723
8.815 -1.53639868985 0.478872167003
8.82 -1.53400140571 0.480042709519
8.825 -1.5315982502 0.481220711042
8.83 -1.52918918578 0.482406246129
8.835 -1.52677417459 0.483599389881
8.84 -1.52435317838 0.484800218255
8.845 -1.52192615854 0.486008808069
8.85 -1.51949307609 0.487225237021
8.855 -1.51705389163 0.488449583696
8.86 -1.51460856541 0.489681927581
8.865 -1.51215705726 0.490922349075
8.87 -1.50969932663 0.492170929503
8.875 -1.50723533258 0.493427751124
8.88 -1.50476503374 0.49469289715
8.885 -1.50228838836 0.49596645175
8.89 -1.49980535428 0.497248500069
8.895 -1.49731588867 0.498539128924
8.9 -1.49481994811 0.499838426593
8.905 -1.49231748902 0.501146481658
8.91 -1.48980846739 0.502463383765
8.915 -1.48729283877 0.503789223646
8.92 -1.48477055825 0.505124093126
8.925 -1.48224158046 0.506468085143
8.93 -1.4797058596 0.50782129376
8.935 -1.47716334938 0.509183814178
8.94 -1.47461400307 0.510555742751
8.945 -1.47205777346 0.511937177001
8.95 -1.46949461287 0.51332821563
8.955 -1.46692447312 0.514728958536
8.96 -1.46434730559 0.516139506827
8.965 -1.46176306096 0.517559963322
8.97 -1.45917168909 0.518990433096
8.975 -1.45657313961 0.520431021656
8.98 -1.45396736165 0.521881835809
8.985 -1.45135430382 0.523342983736
8.99 -1.44873391417 0.524814575008
8.995 -1.44610614019 0.526296720603
9.0 -1.44347092885 0.527789532928
9.005 -1.44082822655 0.529293125836
9.01 -1.4381779791 0.530807614646
9.015 -1.43552013178 0.532333116161
9.02 -1.43285462921 0.533869748839
9.025 -1.4301814153 0.535417633153
9.03 -1.42750043347 0.536976890776
9.035 -1.42481162655 0.538547644938
9.04 -1.42211493674 0.540130020485
9.045 -1.41941030565 0.541724143899
9.05 -1.41669767424 0.543330143322
9.055 -1.41397698286 0.544948148573
9.06 -1.4112481712 0.546578291174
9.065 -1.40851117832 0.548220704363
9.07 -1.40576594263 0.549875523124
9.075 -1.40301240179 0.551542884466
9.08 -1.40025049244 0.553222928504
9.085 -1.39748015074 0.554915796386
9.09 -1.39470131223 0.556621631008
9.095 -1.3919139117 0.558340577205
9.1 -1.38911788326 0.56007278178
9.105 -1.38631316026 0.561818393528
9.11 -1.38349967534 0.56357756326
9.115 -1.38067736038 0.565350443832
9.12 -1.37784614653 0.56713719017
9.125 -1.37500596416 0.568937959293
9.13 -1.37215674282 0.570752910528
9.135 -1.36929841087 0.572582206808
9.14 -1.36643089609 0.574426012544
9.145 -1.36355412551 0.576284494176
9.15 -1.36066802533 0.578157820469
9.155 -1.35777252093 0.580046162544
9.16 -1.35486753683 0.581949693909
9.165 -1.35195299668 0.583868590491
9.17 -1.3490288233 0.585803030666
9.175 -1.3460949386 0.587753195291
9.18 -1.34315126363 0.589719267734
9.185 -1.34019771848 0.591701434044
9.19 -1.33723422183 0.593699884691
9.195 -1.33426069165 0.595714812095
9.2 -1.33127704505 0.597746410965
9.205 -1.32828319818 0.599794878806
9.21 -1.32527906624 0.601860415957
9.215 -1.32226456339 0.603943225626
9.22 -1.31923960283 0.606043513931
9.225 -1.31620409671 0.608161489937
9.23 -1.31315795619 0.610297365694
9.235 -1.31010109136 0.612451356273
9.24 -1.30703341126 0.614623679872
9.245 -1.30395482339 0.616814559573
9.25 -1.30086523423 0.619024221383
9.255 -1.29776454928 0.621252894068
9.26 -1.29465267291 0.623500809799
9.265 -1.29152950833 0.6257682042
9.27 -1.28839495755 0.628055316401
9.275 -1.28524892142 0.630362389086
9.28 -1.28209129955 0.632689668543
9.285 -1.27892199037 0.635037404728
9.29 -1.27574089082 0.637405852099
9.295 -1.27254789658 0.639795268894
9.3 -1.26934290215 0.642205916898
9.305 -1.26612580073 0.644638061844
9.31 -1.26289648419 0.647091973465
9.315 -1.25965484306 0.649567925554
9.32 -1.25640076652 0.652066196015
9.325 -1.25313414239 0.654587066924
9.33 -1.24985485709 0.657130824589
9.335 -1.24656279527 0.659697761042
9.34 -1.24325784006 0.662288172999
9.345 -1.23993987332 0.664902360924
9.35 -1.23660877544 0.667540629912
9.355 -1.23326442527 0.67020328976
9.36 -1.22990670011 0.672890655031
9.365 -1.22653547572 0.675603045123
9.37 -1.22315062627 0.678340784336
9.375 -1.21975202437 0.681104201943
9.38 -1.2163395406 0.683893633572
9.385 -1.21291304377 0.68670942066
9.39 -1.20947240122 0.689551908994
9.395 -1.20601747859 0.692421449791
9.4 -1.20254813975 0.695318399785
9.405 -1.19906424681 0.698243121299
9.41 -1.1955656601 0.701195982331
9.415 -1.19205223811 0.70417735663
9.42 -1.18852383749 0.707187623777
9.425 -1.18498031271 0.710227170607
9.43 -1.18142151597 0.71329639119
9.435 -1.17784729792 0.716395684521
9.44 -1.17425750718 0.719525455973
9.445 -1.17065199037 0.722686117397
9.45 -1.16703059208 0.725878087213
9.455 -1.16339315479 0.729101790514
9.46 -1.15973951893 0.732357659151
9.465 -1.15606952276 0.735646131834
9.47 -1.15238300207 0.738967655541
9.475 -1.14867978996 0.742322686164
9.48 -1.14495971774 0.745711685267
9.485 -1.14122261439 0.749135121886
9.49 -1.13746830658 0.752593472676
9.495 -1.13369661862 0.756087222028
9.5 -1.12990737239 0.759616862179
9.505 -1.12610038738 0.763182893324
9.51 -1.12227548059 0.766785823731
9.515 -1.11843246621 0.770426171105
9.52 -1.11457115521 0.774104464005
9.525 -1.11069135648 0.777821237628
9.53 -1.10679287628 0.781577035903
9.535 -1.10287551814 0.785372411736
9.54 -1.09893908287 0.789207927134
9.545 -1.09498336848 0.793084153344
9.55 -1.09100817018 0.797001670984
9.555 -1.08701328029 0.800961070177
9.56 -1.08299848802 0.804962951618
9.565 -1.07896357886 0.809007928603
9.57 -1.07490833571 0.813096622938
9.575 -1.0708325384 0.817229666732
9.58 -1.06673596359 0.821407702729
9.585 -1.06261838474 0.825631384474
9.59 -1.05847957203 0.829901376484
9.595 -1.05431929233 0.834218354427
9.6 -1.05013730882 0.838583006503
9.605 -1.0459333812 0.842996032543
9.61 -1.04170726583 0.847458143699
9.615 -1.03745871553 0.851970063132
9.62 -1.0331874795 0.856532526188
9.625 -1.0288933033 0.861146280582
9.63 -1.02457592878 0.865812086582
9.635 -1.02023509387 0.870530717825
9.64 -1.01587053196 0.875302963303
9.645 -1.01148197291 0.880129624009
9.65 -1.00706914264 0.885011514374
9.655 -1.00263176299 0.889949462672
9.66 -0.998169551672 0.894944311227
9.665 -0.993682222232 0.89999691662
9.67 -0.989169483952 0.905108149914
9.675 -0.984631041201 0.910278898744
9.68 -0.980066593811 0.915510066163
9.685 -0.975475837401 0.92080256969
9.69 -0.970858463005 0.926157342487
9.695 -0.966214156998 0.931575333596
9.7 -0.961542601037 0.937057508169
9.705 -0.956843471986 0.942604847708
9.71 -0.95211644168 0.948218350782
9.715 -0.947361176178 0.953899035128
9.72 -0.942577336892 0.959647934579
9.725 -0.937764580147 0.965466100352
9.73 -0.932922557013 0.971354601537
9.735 -0.928050913233 0.977314525356
9.74 -0.923149289147 0.983346977426
9.745 -0.91821731928 0.989453082767
9.75 -0.913254633095 0.995633984205
9.755 -0.90826085261 1.00189084781
9.76 -0.903235595112 1.00822485689
9.765 -0.898178471947 1.01463721481
9.77 -0.893089088439 1.02112914522
9.775 -0.887967043807 1.02770189238
9.78 -0.882811931089 1.03435672142
9.785 -0.877623336885 1.04109491882
9.79 -0.872400840429 1.04791779395
9.795 -0.867144014881 1.05482667737
9.8 -0.861852426848 1.06182292164
9.805 -0.856525636144 1.06890790185
9.81 -0.851163195687 1.07608301594
9.815 -0.84576465138 1.08334968503
9.82 -0.840329542003 1.09070935372
9.825 -0.83485739909 1.09816349045
9.83 -0.829347746724 1.1057135875
9.835 -0.823800101113 1.11336116029
9.84 -0.818213971028 1.1211077497
9.845 -0.812588857484 1.12895492171
9.85 -0.806924253562 1.13690426763
9.855 -0.801219644278 1.14495740442
9.86 -0.795474506439 1.15311597503
9.865 -0.789688308501 1.16138164871
9.87 -0.783860510422 1.16975612142
9.875 -0.777990563754 1.17824111464
9.88 -0.77207791201 1.18683837265
9.885 -0.766121989494 1.19554966899
9.89 -0.760122221556 1.20437680433
9.895 -0.754078024493 1.21332160648
9.9 -0.747988805422 1.22238593052
9.905 -0.741853962139 1.23157165901
9.91 -0.735672882959 1.24088070202
9.915 -0.729444946387 1.25031499636
9.92 -0.72316952125 1.25987650705
9.925 -0.716845966487 1.26956722711
9.93 -0.710473630975 1.27938917759
9.935 -0.704051853384 1.28934440763
9.94 -0.697579962029 1.29943499455
9.945 -0.691057274736 1.30966304369
9.95 -0.6844830991 1.32003068321
9.955 -0.677856731902 1.3305400697
9.96 -0.67117745895 1.34119338829
9.965 -0.664444555042 1.35199285116
9.97 -0.657657283817 1.36294069741
9.975 -0.650814897619 1.37403919288
9.98 -0.64391663735 1.38529062991
9.985 -0.636961732686 1.39669732183
9.99 -0.629949401714 1.40826160596
9.995 -0.622878850576 1.4199858464
