Estación:       ACAPONETA,  NAY
Operada por:    SMN EMAS
Longitud:       105°23'07"  Latitud: 22°27'59"  Altitud: 29

DD/MM/AAAA HH:MM      DIRS      DIRR      VELS      VELR      TEMP        HR        PB      PREC   RADSOL
25/01/2018 22:00       183       339      0.95     25.90      23.5        65    1011.8       0.0     107.8
25/01/2018 23:00       148       349      5.39     18.70      23.9        64    1011.9       0.0      92.8
26/01/2018 00:00        86         9      6.27     14.80      23.9        60    1012.1       0.0      16.7
26/01/2018 01:00        54         7      6.24     16.60      23.3        60    1012.5       0.0      -1.0
26/01/2018 02:00       290       342      3.79     14.80      22.7        64    1012.8       0.0      -0.8
26/01/2018 03:00       106        29      5.96     14.40      22.3        66    1013.0       0.0      -1.0
26/01/2018 04:00        63         7      9.14     16.20      22.4        64    1013.1       0.0      -1.0
26/01/2018 05:00       107        23      6.65     18.40      22.2        63    1013.2       0.0      -1.0
26/01/2018 06:00       134        15      5.68     16.90      22.0        63    1013.0       0.0      -1.0
26/01/2018 07:00       176       356      8.06     18.00      21.3        65    1012.7       0.0      -1.0
26/01/2018 08:00        63        15      2.88     17.30      20.6        68    1012.3       0.0      -1.0
26/01/2018 09:00        41         8      1.76     15.50      19.7        70    1011.5       0.0      -1.0
26/01/2018 10:00       249        30      1.78     16.60      19.6        69    1010.9       0.0      -1.0
26/01/2018 11:00       107        15      2.27     13.30      19.0        69    1010.8       0.0      -1.0
26/01/2018 12:00        59        71      4.22      6.50      17.3        76    1010.9       0.0      -1.0
26/01/2018 13:00       220       352      2.69     12.60      17.5        74    1011.3       0.0       0.7
26/01/2018 14:00        68        33      4.56     14.00      18.6        69    1011.9       0.0     101.2
26/01/2018 15:00       204        44      1.28     11.20      23.8        52    1012.5       0.0     295.3
26/01/2018 16:00       274       299      5.09     11.90      27.1        40    1013.1       0.0     477.3
26/01/2018 17:00       106        51      3.12     14.00      29.3        36    1012.8       0.0     625.5
26/01/2018 18:00       164       109      4.06     16.20      31.5        31    1011.7       0.0     721.8
26/01/2018 19:00       237       236      6.45     18.00      32.7        29    1010.6       0.0     750.0
26/01/2018 20:00       260       286      9.52     20.20      33.4        29    1009.3       0.0     707.0
26/01/2018 21:00       257       235     11.42     28.40      33.7        29    1008.4       0.0     599.0
26/01/2018 22:00       257       275     16.91     29.20      32.2        34    1008.1       0.0     444.8
26/01/2018 23:00       266       277     14.86     33.10      30.2        37    1008.3       0.0     228.0
27/01/2018 00:00       262       270      9.49     26.30      27.7        44    1008.6       0.0      49.0
27/01/2018 01:00       266       293      2.11     13.70      24.2        56    1009.2       0.0      -1.0
27/01/2018 02:00       210       164      1.08      5.40      20.5        71    1009.8       0.0      -1.0
27/01/2018 03:00       185       181      1.34      5.80      18.5        78    1010.2       0.0      -1.0
27/01/2018 04:00       130       121      0.84      5.00      16.9        84    1010.5       0.0      -1.0
27/01/2018 05:00        64        60      5.38     10.80      16.4        89    1010.7       0.0      -1.0
27/01/2018 06:00        77        79      4.29     10.40      16.1        89    1010.6       0.0      -1.0
27/01/2018 07:00        66        62      4.11      9.70      15.6        90    1010.4       0.0      -1.0
27/01/2018 08:00        63        52      0.79      8.60      15.5        90    1010.2       0.0      -1.0
27/01/2018 09:00        49        41      4.25      9.40      14.3        92    1009.8       0.0      -1.0
27/01/2018 10:00        74        31      3.07      8.30      13.3        94    1009.5       0.0      -1.0
27/01/2018 11:00        46        63      4.22      8.60      13.5        92    1009.3       0.0      -1.0
27/01/2018 12:00       188        22      0.94      9.40      12.6        93    1009.5       0.0      -1.0
27/01/2018 13:00       264       327      1.60      7.20      11.9        96    1010.1       0.0       0.0
27/01/2018 14:00       315       323      2.49      7.90      14.0        85    1010.8       0.0      94.7
27/01/2018 15:00       310       315      7.41     13.30      19.8        64    1011.4       0.0     294.2
27/01/2018 16:00       287       327      5.90     14.00      23.3        53    1011.7       0.0     492.7
27/01/2018 17:00       176       171      4.93     12.20      26.6        43    1011.6       0.0     645.5
27/01/2018 18:00       165       173      7.20     14.40      28.6        41    1010.8       0.0     731.7
27/01/2018 19:00       228       248      7.08     16.90      30.7        36    1009.5       0.0     760.8
27/01/2018 20:00       229       235     11.29     23.40      31.7        32    1008.2       0.0     714.0
27/01/2018 21:00       246       262     13.03     24.80      31.7        30    1007.3       0.0     607.8
27/01/2018 22:00       237       238     12.74     24.80      30.5        34    1006.9       0.0     452.2
27/01/2018 23:00       246       225      9.99     21.60      28.3        40    1007.1       0.0     233.7
28/01/2018 00:00       204       225      7.33     22.00      25.3        49    1007.5       0.0      52.3
28/01/2018 01:00       170       187      3.88      8.60      20.3        66    1007.9       0.0      -1.0
28/01/2018 02:00        97       189      2.73      6.50      17.9        76    1008.7       0.0      -1.0
28/01/2018 03:00       117       114      4.51      8.30      15.8        84    1009.1       0.0      -1.0
28/01/2018 04:00        98        83      4.35      9.70      15.3        89    1009.6       0.0      -1.0
28/01/2018 05:00        63        46      2.74      8.60      14.4        91    1009.9       0.0      -1.0
28/01/2018 06:00        62        57      8.45     11.20      15.2        89    1009.9       0.0      -1.0
28/01/2018 07:00        59        62      7.72     10.80      14.6        90    1009.7       0.0      -1.0
28/01/2018 08:00        44        63      7.74     12.20      14.4        91    1009.7       0.0      -1.0
28/01/2018 09:00        38        24      7.12     13.30      13.7        91    1009.5       0.0      -1.0
28/01/2018 10:00        49        13      7.53     14.80      13.6        88    1008.9       0.0      -1.0
28/01/2018 11:00        36         8      4.12     20.50      14.3        82    1008.5       0.0      -1.0
28/01/2018 12:00        69        17      3.05     13.70      14.0        80    1008.5       0.0      -1.0
28/01/2018 13:00       171         2      7.34     16.20      14.5        74    1008.6       0.0       0.2
28/01/2018 14:00       133        27      3.70     14.40      14.5        74    1009.2       0.0      91.0
28/01/2018 15:00       126       108      4.73     12.20      16.8        70    1010.1       0.0     282.5
28/01/2018 16:00       166       172      5.63     11.50      20.9        57    1010.4       0.0     486.2
28/01/2018 17:00       174       168      5.91     13.70      24.3        53    1010.4       0.0     637.7
28/01/2018 18:00       199       222      5.61     16.20      27.7        43    1009.6       0.0     723.0
28/01/2018 19:00       205       234      6.21     16.60      29.9        37    1008.5       0.0     751.7
28/01/2018 20:00       254       290      9.88     19.10      31.1        38    1007.2       0.0     697.8
28/01/2018 21:00       266       279     13.26     25.20      30.8        36    1006.6       0.0     593.2
28/01/2018 22:00       270       290     14.29     25.60      30.0        41    1006.1       0.0     436.5
28/01/2018 23:00       267       257     12.77     27.70      28.3        46    1006.1       0.0     224.8
29/01/2018 00:00       241       238      6.17     18.00      26.4        44    1006.6       0.0      47.5
29/01/2018 01:00       151       150      4.17      9.00      22.2        55    1007.3       0.0      -1.0
29/01/2018 02:00       125       109      5.08     10.40      19.6        67    1008.3       0.0      -1.0
29/01/2018 03:00       113       109      5.96     11.20      18.7        76    1009.2       0.0      -1.0
29/01/2018 04:00        98       100      6.46     10.80      18.3        78    1009.9       0.0      -1.0
29/01/2018 05:00       111        38      1.71     12.60      18.0        82    1010.2       0.0      -1.0
29/01/2018 06:00        38        48      3.01     10.40      17.3        86    1010.9       0.0      -1.0
29/01/2018 07:00       108        17      4.05     16.60      17.2        86    1011.3       0.0      -1.0
29/01/2018 08:00       282       347     10.46     22.00      18.5        78    1010.6       0.0      -1.0
29/01/2018 09:00       203       339     10.94     20.20      18.7        76    1009.7       0.0      -1.0
29/01/2018 10:00        84         2      3.40     25.20      18.7        74    1009.2       0.0      -1.0
29/01/2018 11:00       101        12      1.45     18.40      19.0        71    1008.8       0.0      -0.8
29/01/2018 12:00       255        14      4.01     15.80      18.8        71    1009.1       0.0      -0.8
29/01/2018 13:00       133       344      2.98     12.20      17.8        76    1009.9       0.0       0.2
29/01/2018 14:00       304        42      0.41     10.40      16.9        85    1010.7       0.0      42.3
29/01/2018 15:00       209        82      2.58     10.80      18.8        77    1011.2       0.0     113.8
29/01/2018 16:00       297        65      0.96      7.60      23.2        60    1011.5       0.0     369.8
29/01/2018 17:00       283       291      5.22     11.20      29.0        39    1011.1       0.0     664.2
29/01/2018 18:00       205       289      3.83     10.10      32.1        31    1010.0       0.0     517.8
29/01/2018 19:00       211       172      2.76     11.50      34.2        26    1008.7       0.0     528.0
29/01/2018 20:00       111        58      5.56     22.00      36.6        22    1007.3       0.0     693.7
29/01/2018 21:00       146       139      7.78     25.90      37.1        21    1006.5       0.0     593.3
29/01/2018 22:00       260       274     14.10     27.70      34.5        31    1006.2       0.0     439.5
29/01/2018 23:00       262       279      9.75     22.00      32.5        32    1006.6       0.0     169.2
30/01/2018 00:00       277       230      7.03     13.70      29.7        37    1007.2       0.0      52.7
30/01/2018 01:00       268       281      3.08     11.90      25.8        50    1008.1       0.0      -0.8
30/01/2018 02:00       100        80      2.44      8.30      22.7        62    1009.3       0.0      -1.0
30/01/2018 03:00        85        90      3.16     10.40      21.5        68    1009.9       0.0      -1.0
30/01/2018 04:00        71        79      2.38      6.50      20.7        73    1010.3       0.0      -0.8
30/01/2018 05:00        82        75      3.68      7.90      20.6        73    1010.2       0.0      -0.8
30/01/2018 06:00       170       356      3.10     12.20      20.3        70    1010.1       0.0      -0.3
30/01/2018 07:00       228       342      1.40     10.10      19.0        77    1009.7       0.0      -0.8
30/01/2018 08:00       102       359      2.63      7.90      17.7        78    1009.2       0.0      -0.7
30/01/2018 09:00       126       351      1.46     10.40      19.1        69    1008.5       0.0      -0.8
30/01/2018 10:00        80       124      2.49      8.60      17.2        76    1008.3       0.0      -0.7
30/01/2018 11:00       178       358      1.87     11.90      18.3        67    1008.3       0.0      -0.3
30/01/2018 12:00        52        24      3.68     11.20      16.7        74    1008.8       0.0      -0.3
30/01/2018 13:00        72        58      1.43     10.40      16.7        75    1009.4       0.0      -0.3
30/01/2018 14:00        76       348      2.63     11.50      19.1        64    1010.1       0.0      45.0
30/01/2018 15:00        94        14      4.53     12.20      24.1        44    1010.9       0.0     164.8
30/01/2018 16:00       151         3      4.04     14.40      27.2        38    1011.3       0.0     465.2
30/01/2018 17:00       113        15      4.84     13.30      31.1        26    1011.1       0.0     600.2
30/01/2018 18:00       143        81      2.82     15.10      32.5        24    1009.9       0.0     669.5
30/01/2018 19:00       182       177      9.14     19.10      33.1        24    1009.0       0.0     757.2
30/01/2018 20:00       201       185      9.51     21.60      32.9        27    1008.2       0.0     518.2
30/01/2018 21:00       181       168     18.81     29.50      31.5        26    1008.0       0.0     244.2
30/01/2018 22:00       180       186     16.14     26.60      30.5        27    1008.1       0.0     278.0
30/01/2018 23:00       193       174      7.96     24.80      29.4        30    1008.2       0.0     140.3
31/01/2018 00:00       234       228      3.81      9.40      27.5        34    1008.9       0.0      25.7
31/01/2018 01:00       193       205      1.36      4.70      22.8        42    1010.2       0.0      -1.0
31/01/2018 02:00       115       228      1.45      5.80      21.4        46    1011.3       0.0      -1.0
31/01/2018 03:00        65        54      1.79      9.40      19.2        57    1012.0       0.0      -1.0
31/01/2018 04:00       239        26      1.11      9.70      17.7        69    1012.3       0.0      -1.0
31/01/2018 05:00        47        22      4.01     12.60      19.3        63    1012.2       0.0       0.0
31/01/2018 06:00        58        42      5.64     10.80      18.7        66    1012.2       0.0      -0.8
31/01/2018 07:00        41        37      3.20     13.30      18.9        63    1011.8       0.0      -0.8
31/01/2018 08:00        66         4      8.44     18.70      19.3        58    1010.6       0.0      -1.0
31/01/2018 09:00       108        18      2.60     17.60      19.5        55    1009.4       0.0      -0.8
31/01/2018 10:00       106       121      4.77     11.20      18.7        62    1009.9       0.0      -0.8
31/01/2018 11:00        61        57      5.72     10.10      17.7        69    1010.1       0.0      -1.0
31/01/2018 12:00        73        16      6.89     17.30      18.6        64    1010.6       0.0      -0.5
31/01/2018 13:00        88        16      9.06     19.80      19.5        56    1011.6       0.0       0.2
31/01/2018 14:00        44        39      5.90     15.10      20.2        54    1012.8       0.0      32.8
31/01/2018 15:00        95        61      5.00     10.40      21.3        57    1013.8       0.0     150.8
31/01/2018 16:00       142       183      5.40     14.80      22.6        61    1014.3       0.0     168.0
31/01/2018 17:00       176       113      2.82     11.90      23.7        57    1013.7       0.0     161.7
31/01/2018 18:00       123        17      1.46     15.50      24.3        51    1012.2       0.0     141.5
31/01/2018 19:00       308       332      7.78     18.40      25.3        45    1010.8       0.0     243.2
31/01/2018 20:00       268       229      5.12     15.80      26.9        40    1009.7       0.0     364.5
31/01/2018 21:00       211       167      7.26     16.20      27.9        38    1009.4       0.0     386.7
31/01/2018 22:00       233       248      5.35     14.80      27.0        41    1009.6       0.0     177.5
31/01/2018 23:00       289       265      4.53      8.60      26.1        41    1009.6       0.0      54.0
01/02/2018 00:00       314       289      3.97      7.20      25.1        45    1010.1       0.0      12.5
01/02/2018 01:00       306       348      4.05      9.70      24.0        51    1010.2       0.0      -1.0
01/02/2018 02:00       236       201      1.69      5.80      21.8        61    1010.6       0.0      -1.0
01/02/2018 03:00        43        96      2.79      9.70      21.6        64    1010.9       0.0      -0.8
01/02/2018 04:00       342        42      0.84      9.00      20.9        68    1010.8       0.0      -1.0
01/02/2018 05:00        29       343      2.59      9.70      21.2        68    1010.9       0.0      -0.7
01/02/2018 06:00       141       131      4.52      9.70      20.3        75    1011.4       0.0      -1.0
01/02/2018 07:00        62        64      6.35     11.20      19.9        78    1011.4       0.0      -0.8
01/02/2018 08:00       275        51      0.43     10.40      20.2        76    1011.1       0.0      -0.5
01/02/2018 09:00        29        31      4.00      8.60      20.1        75    1011.2       0.0      -0.8
01/02/2018 10:00        47        19      3.64     13.00      20.1        74    1011.1       0.0      -0.8
01/02/2018 11:00        74        28      6.62     15.10      20.8        67    1011.0       0.0      -0.8
01/02/2018 12:00        88        70      3.00      7.60      19.1        75    1011.6       0.0      -1.0
01/02/2018 13:00        36        19      7.33     15.10      19.0        76    1012.6       0.0       0.7
01/02/2018 14:00       135        11      6.61     15.10      20.7        67    1013.2       0.0      58.2
01/02/2018 15:00        96        21      9.78     20.50      22.8        58    1013.4       0.0     162.2
01/02/2018 16:00       148        14      6.06     20.90      26.7        44    1013.5       0.0     461.0
01/02/2018 17:00       101        22      5.13     18.70      29.9        35    1013.0       0.0     558.0
01/02/2018 18:00        35        37      2.04     13.70      30.4        33    1012.3       0.0     311.0
01/02/2018 19:00                                                                1011.4               424.3
01/02/2018 20:00
01/02/2018 21:00
